x                       V                     vel                       p                      cs                  dd1[i]             dd2_left[i]            dd2_right[i]             dd3_left[i]            dd3_right[i]
-1.49994498870024       98.3517332826299        -0.000140981572261044   5.00094272717621        28.6313169235176        5.00094272717621        -0.0199753258295783     -0.0199753258295783     -0.266972104612783      -0.266972104612783      
-1.49008556560777       98.3517332826299        0.000140981572261044    5.00094272717621        28.6313169235176        5.00094272717621        -0.0199753258295783     -0.0199753258295783     -0.266972104612783      -0.266972104612783      
-1.48018721822735       98.6530163168111        0.000564672311182727    5.00054732345403        28.6740032286418        5.00054732345403        -0.0199753258295783     -0.0279144307657098     -0.266972104612783      0.38288742002836        
-1.47025412231208       98.9407922357934        0.000719487811466851    4.9999929792294         28.714202831188         4.99999297922939        -0.0279144307657098     -0.0164974253808888     -0.266972104612783      0.758348100774276       
-1.46030126737042       99.1136816904439        0.000550050441574748    4.99966463993478        28.7383358855224        4.99966463993478        -0.0164974253808888     0.00615705874668062     0.38288742002836        0.634185271805964       
-1.45033515973104       99.1894021238924        1.75873769448988e-05    4.99978735311921        28.749664296663         4.99978735311921        0.00615705874668062     0.0251249093628427      0.758348100774276       0.140688657030613       
-1.44035925428629       99.2039144284057        -0.000771752797381892   5.00028858310022        28.7532085373444        5.00028858310022        0.0251249093628427      0.0293361134651972      0.634185271805964       -0.478037441522694      
-1.43037812492067       99.2027725015014        -0.00153789993775461    5.00087418426057        28.7547266842002        5.00087418426057        0.0293361134651972      0.0150188500227429      0.140688657030613       -0.871647621602689      
-1.42039272109932       99.2040177262591        -0.00185504723894929    5.0011741342841         28.7557694926783        5.0011741342841         0.0150188500227429      -0.0111012508528729     -0.478037441522694      -0.700040081185325      
-1.4104015169115        99.2095822441919        -0.00138053302455478    5.00095229702202        28.7559381754646        5.00095229702202        -0.0111012508528729     -0.0320869427029254     -0.871647621602689      -0.0352805367025482     
-1.40040315502187       99.219991209731         -0.000182893116909848   5.00031089382033        28.7556024376345        5.00031089382033        -0.0320869427029254     -0.0331446885823044     -0.700040081185325      0.698882658230772       
-1.39041200441938       99.2301592285252        0.00115530472269231     4.99964845678128        28.7551709104367        4.99964845678128        -0.0331446885823044     -0.0121929183241685     -0.0352805367025482     1.03293641925503        
-1.38042022744074       99.2343980905689        0.00175831333528346     4.99940479110432        28.7550843404647        4.99940479110432        -0.0121929183241685     0.0187693496125615      0.698882658230772       0.706133704896255       
-1.37042653879448       99.2297679237223        0.00099148841638839     4.99977986905958        28.7554921153183        4.99977986905958        0.0187693496125615      0.0399331590339551      1.03293641925503        -0.145171522004248      
-1.36043862302918       99.2211600710552        -0.000947678240821394   5.0005776799973         28.7565389211671        5.0005776799973         0.0399331590339551      0.0355822485006335      0.706133704896255       -1.04390224018774       
-1.35045082667894       99.2165609361946        -0.00287843388655373    5.00128861419526        28.7579164912261        5.00128861419526        0.0355822485006335      0.00428721495155374     -0.145171522004248      -1.34066351014619       
-1.34045428607973       99.216661980692         -0.00320016369202575    5.00137432006769        28.7581775428912        5.00137432006769        0.00428721495155374     -0.035920039861039      -1.04390224018774       -0.753708056790641      
-1.33045308976686       99.2227330466347        -0.00115046153655111    5.00065597690303        28.7569919919286        5.00065597690302        -0.035920039861039      -0.0585252218279355     -1.34066351014619       0.242433995097861       
-1.3204552319277        99.2299715377279        0.00240689992379314     4.99948587677949        28.7546761778585        4.99948587677949        -0.0585252218279355     -0.0512557875327093     -0.753708056790641      1.06163947371516        
-1.31046596062943       99.2317945156791        0.00573451345000183     4.99846149485315        28.7519942482779        4.99846149485316        -0.0512557875327093     -0.0194266944672817     0.242433995097861       1.41812133504492        
-1.30047099487829       99.2287487163102        0.0072471348152271      4.99807320358786        28.7504362281266        4.99807320358787        -0.0194266944672817     0.0230937389682927      1.06163947371516        0.835852007627846       
-1.29047517609849       99.2177779830768        0.00606912403667236     4.99853488246624        28.7501746142292        4.99853488246624        0.0230937389682927      0.0481580638445512      1.41812133504492        -0.493754271347862      
-1.28047874513311       99.2016298627403        0.00312190114246059     4.99949761831182        28.7506032467559        4.99949761831181        0.0481580638445512      0.0333524754320106      0.835852007627846       -1.62220628018952       
-1.27048509396757       99.1903024302481        0.000914958648225708    5.00016432154085        28.7508785736649        5.00016432154084        0.0333524754320106      -0.0152887126669709     -0.493754271347862      -1.95971386355641       
-1.26048959211603       99.1916543226931        0.00177110817559396     4.9998587070907         28.7501958409576        4.99985870709071        -0.0152887126669709     -0.0740507167371315     -1.62220628018952       -1.1994109253452        
-1.25049515171441       99.2077264523548        0.00660006301308539     4.99837840251274        28.7482682742759        4.99837840251273        -0.0740507167371315     -0.110016680296671      -1.95971386355641       0.28434289324167        
-1.24049870384641       99.2327083788761        0.0140839138733735      4.99617901666288        28.7455612622531        4.99617901666289        -0.110016680296671      -0.101489175996649      -1.1994109253452        1.57721068070616        
-1.23050326930031       99.25572817239          0.0212608057761175      4.99414976391563        28.7430563040715        4.99414976391564        -0.101489175996649      -0.0541792294090269     0.28434289324167        2.36449439740175        
-1.22050104595107       99.2675415423651        0.0253397028017579      4.99306617837463        28.7416481864901        4.99306617837462        -0.0541792294090269     0.0167478794526573      1.57721068070616        1.78732265672873        
-1.21050089202213       99.2624292923687        0.0244724626438719      4.99340110087334        28.7418720018917        4.99340110087334        0.0167478794526573      0.0703575549098461      2.36449439740175        -0.622047111143719      
-1.20050761365043       99.2444663412429        0.0197287931108267      4.99480777452695        28.74331899358          4.99480777452695        0.0703575549098461      0.0517017725787946      1.78732265672873        -3.17224273167134       
-1.19050789627208       99.2311955798269        0.0161270968711012      4.99584151173558        28.7443712210713        4.99584151173558        0.0517017725787946      -0.0434363405287679     -0.622047111143719      -3.55252616413977       
-1.18051214644964       99.2407418661357        0.0190672896499584      4.99497303220364        28.7432551310515        4.99497303220363        -0.0434363405287679     -0.1499886986549        -3.17224273167134       -1.76491624430195       
-1.17051474926746       99.2756879467286        0.0294557869212817      4.99197390738251        28.739683478526         4.99197390738251        -0.1499886986549        -0.20293491795666       -3.55252616413977       0.535252688478508       
-1.16051394946604       99.323632061031         0.0436320696652722      4.98791465946861        28.7349322947083        4.98791465946861        -0.20293491795666       -0.186871330944008      -1.76491624430195       3.23456204442657        
-1.150507530182         99.3680159152848        0.0567717679655519      4.98417496739999        28.7305753940863        4.98417496739998        -0.186871330944008      -0.0897645211899539     0.535252688478508       4.15398539670545        
-1.14049692245943       99.3892714918921        0.0631762005823662      4.98237805979906        28.7284680430584        4.98237805979906        -0.0897645211899539     0.0349795241293892      3.23456204442657        2.9130846769339         
-1.13048852564522       99.3809979804867        0.0608668643425352      4.98307840072265        28.7292912222243        4.98307840072265        0.0349795241293892      0.122464582411941       4.15398539670545        -1.02414133633366       
-1.12047301955131       99.3519680502574        0.0524292652695124      4.98553041808765        28.7321613878777        4.98553041808765        0.122464582411941       0.0917113945280899      2.9130846769339         -4.99337929577293       
-1.11046791418504       99.3308731798428        0.0461225686166218      4.98736614215558        28.7343996447898        4.98736614215557        0.0917113945280899      -0.0582163321235618     -1.02414133633366       -6.16083238641446       
-1.10046100306235       99.3458468580465        0.0502390407273201      4.98620094242355        28.7332082913788        4.98620094242353        -0.0582163321235618     -0.243221395133965      -4.99337929577293       -4.16713860413324       
-1.09044993601315       99.4047464033833        0.0672290084080436      4.98133086608695        28.7276850063581        4.98133086608695        -0.243221395133965      -0.368403571379727      -6.16083238641446       1.7044921963812         
-1.08043253438361       99.4927474298464        0.0929401460716957      4.97395125231887        28.7191015317718        4.97395125231888        -0.368403571379727      -0.31717966349111       -4.16713860413324       7.675952563817          
-1.07041574329898       99.56809533918          0.115098210672888       4.96759558594359        28.7116129498072        4.96759558594359        -0.31717966349111       -0.0864222969338999     1.7044921963812         9.22036633253879        
-1.06039059923174       99.588863442881         0.12117470805256        4.96586322689692        28.7095998689016        4.96586322689693        -0.0864222969338999     0.190773766188516       7.675952563817          9.9115547394914         
-1.05036712061746       99.5448723180253        0.107940348693319       4.96968680759903        28.7143065016674        4.96968680759903        0.190773766188516       0.48861547278098        9.22036633253879        10.8540981309929        
-1.04035424819293       99.4326237199171        0.0740530710188716      4.97947164362517        28.7263505706456        4.97947164362515        0.48861547278098        0.814459878472023       9.9115547394914         8.7881745652156         
-1.03035219791977       99.2411481460418        0.0177577049458187      4.99576265580817        28.745585801056         4.99576265580815        0.814459878472023       1.07785067803013        10.8540981309929        11.3941659827288        
-1.0203647148981        98.986013803813         -0.0563566729789736     5.01728042095005        28.7703721736373        5.01728042095007        1.07785067803013        1.41847993629772        8.7881745652156         10.6424002204648        
-1.01041455840576       98.6522371672391        -0.153170090129772      5.04550858562653        28.8025088495941        5.04550858562651        1.41847993629772        1.73551469343108        11.3941659827288        -3.12568318194003       
-1.00050177076746       98.2457696088295        -0.270631046701909      5.07990815269649        28.8409282676498        5.07990815269651        1.73551469343108        1.64276797386919        10.6424002204648        -9.09524855637989       
-0.990635582822087      97.8663154848118        -0.380680771300621      5.11233802089994        28.8769136629474        5.11233802089994        1.64276797386919        1.3738536899623         -3.12568318194003       -10.7931282918111       
-0.980798763844442      97.5546527495308        -0.472008927772059      5.13937129894692        28.9070228612262        5.13937129894691        1.3738536899623         1.05567929046094        -9.09524855637989       -8.49965057280509       
-0.970984649446396      97.3183294531366        -0.541615303007681      5.16009200936848        28.9301323356871        5.1600920093685         1.05567929046094        0.805676714352346       -10.7931282918111       -11.0548837692109       
-0.961194005441725      97.139745202119         -0.594439314862986      5.175873451966          28.9477410840751        5.17587345196599        0.805676714352346       0.481080929424234       -8.49965057280509       -9.04349748735057       
-0.951413787364229      97.0342148846062        -0.625681805544131      5.18528331207383        28.9583003397798        5.18528331207383        0.481080929424234       0.215865413897044       -11.0548837692109       -4.49393966412024       
-0.941645212046808      96.9874640645286        -0.639535712396468      5.1895015861071         28.9630971696564        5.1895015861071         0.215865413897044       0.0841625294514882      -9.04349748735057       -1.83404934714497       
-0.931880136220029      96.9697516194563        -0.644709840536168      5.19114548058072        28.9650389225924        5.19114548058072        0.0841625294514882      0.030431437865359       -4.49393966412024       -0.731873380926768      
-0.922114103984373      96.9640203560056        -0.646365151707589      5.19173979441277        28.9658408908529        5.19173979441275        0.030431437865359       0.00899257982543964     -1.83404934714497       -0.307628590080799      
-0.91235204276458       96.9628552046767        -0.646571797409992      5.19191539764866        28.9661567159889        5.19191539764867        0.00899257982543964     -1.83403968998029e-05   -0.731873380926768      -0.143818360011998      
-0.902587056572773      96.9635412627168        -0.64615409817964       5.19191503950638        28.9662581913766        5.19191503950639        -1.83403968998029e-05   -0.00423062098771827    -0.307628590080799      -0.0651000282093971     
-0.892824070664314      96.9651863403821        -0.645435623909924      5.1918324350683         28.9662734778005        5.19183243506829        -0.00423062098771827    -0.00613722209090435    -0.143818360011998      -0.0573556506443395     
-0.883064289625843      96.9673526655924        -0.644549523191314      5.19171261643302        28.9662627958822        5.19171261643302        -0.00613722209090435    -0.00781692993486545    -0.0651000282093971     -0.0611181676460186     
-0.87330030043316       96.9699709524801        -0.643577719630992      5.19155999520119        28.9662280921742        5.19155999520119        -0.00781692993486545    -0.00960701114018775    -0.0573556506443395     -0.0847815354564177     
-0.863539166467375      96.9731112746914        -0.642478547153662      5.19137239937531        28.9661737593175        5.19137239937529        -0.00960701114018775    -0.0120904064331012     -0.0611181676460186     -0.065373155024913      
-0.853771482014077      96.9767145082431        -0.641238881600484      5.19113628415581        28.9660531600343        5.19113628415581        -0.0120904064331012     -0.0140054786476723     -0.0847815354564177     -0.0963182605854386     
-0.844009708262316      96.9806837100853        -0.639822545985484      5.19086275624518        28.965882780318         5.19086275624517        -0.0140054786476723     -0.0168273534672692     -0.065373155024913      -0.0645855356905313     
-0.834240809891864      96.9855893187685        -0.638279248044433      5.19053407305079        28.9656982755459        5.1905340730508         -0.0168273534672692     -0.0187197658022884     -0.0963182605854386     -0.111457673429263      
-0.824475034189154      96.9912428222823        -0.636518972239905      5.19016837244517        28.9655220592909        5.19016837244517        -0.0187197658022884     -0.0219860797429831     -0.0645855356905313     -0.0870947703339104     
-0.81470441763958       96.998264192998         -0.634589841231444      5.18973880659339        28.9653717351887        5.18973880659341        -0.0219860797429831     -0.0245386384495819     -0.111457673429263      -0.112899566697633      
-0.804935260359791      97.0065637304809        -0.632408795724939      5.18925933058689        28.9652727694899        5.18925933058691        -0.0245386384495819     -0.027847561887184      -0.0870947703339104     -0.0919602227072632     
-0.795164924094074      97.0148715449072        -0.630007492052257      5.18871522624975        28.9649944230883        5.18871522624975        -0.027847561887184      -0.0305423784563776     -0.112899566697633      -0.106636753564         
-0.785397412817577      97.0216974954883        -0.62733804871186       5.18811859897763        28.9643480069529        5.18811859897764        -0.0305423784563776     -0.0336664578496292     -0.0919602227072632     -0.0966202078854755     
-0.775633956287805      97.02742432314          -0.624426828052227      5.18746117599976        28.9633675724913        5.18746117599978        -0.0336664578496292     -0.0364962379428986     -0.106636753564         -0.101425693013105      
-0.765873308017256      97.0349575060585        -0.621259799855882      5.18674868990415        28.9625027325406        5.18674868990413        -0.0364962379428986     -0.0394660977374617     -0.0966202078854755     -0.0931106115881341     
-0.756113702775794      97.0464482354986        -0.617855872980071      5.18597834773271        28.9620665490126        5.1859783477327         -0.0394660977374617     -0.0421925470454037     -0.101425693013105      -0.103195385182006      
-0.74635538873826       97.0626230688441        -0.614198345012173      5.18515467725581        28.9621797635046        5.18515467725582        -0.0421925470454037     -0.0452155598088834     -0.0931106115881341     -0.0979398233833613     
-0.736588211094224      97.0772845468738        -0.610293271481134      5.18427138633723        28.9618999301863        5.18427138633724        -0.0452155598088834     -0.0480864885024782     -0.103195385182006      -0.0871999197324389     
-0.726810661127553      97.0879783024198        -0.6061377083474        5.18333127410824        28.9608688369575        5.18333127410824        -0.0480864885024782     -0.050643891761026      -0.0979398233833613     -0.102508496553389      
-0.717032049524912      97.101191442259         -0.601738183047869      5.18234089825501        28.9600723894269        5.18234089825503        -0.050643891761026      -0.0536508097890538     -0.0871999197324389     -0.0785549769697213     
-0.707255458274578      97.1160250731195        -0.597143357438654      5.18129174200583        28.9593525114019        5.18129174200582        -0.0536508097890538     -0.0559550642764145     -0.102508496553389      -0.0836792978767261     
-0.697476705740006      97.1281134673161        -0.592315001349749      5.18019751746157        28.9580965148816        5.18019751746157        -0.0559550642764145     -0.0584095067001076     -0.0785549769697213     -0.0790335980389458     
-0.68769997059489       97.1373585892379        -0.587285926800769      5.1790553858452         28.9562819945393        5.17905538584524        -0.0584095067001076     -0.0607276209732321     -0.0836792978767261     -0.0734698785739343     
-0.677924463159478      97.1479853330137        -0.582066918367573      5.17786797863063        28.9545460576944        5.17786797863062        -0.0607276209732321     -0.0628825784772394     -0.0790335980389458     -0.0481026836453288     
-0.668146211801245      97.1614453732948        -0.57666690425287       5.17663830674069        28.9531132481952        5.17663830674065        -0.0628825784772394     -0.0642937313440057     -0.0734698785739343     -0.0698586375580946     
-0.65836812437914       97.1761629561873        -0.571058801904115      5.17538076113521        28.9517887819386        5.17538076113526        -0.0642937313440057     -0.0663436298105178     -0.0481026836453288     -0.0369158213050744     
-0.648583788017751      97.1919355215169        -0.565298929413766      5.17408272462607        28.9505070351353        5.17408272462608        -0.0663436298105178     -0.0674271131334406     -0.0698586375580946     -0.044901141819176      
-0.638799842987745      97.2081766483788        -0.559343059107026      5.17276325048949        28.9492338359707        5.17276325048953        -0.0674271131334406     -0.0687451656548498     -0.0369158213050744     -0.032663082380232      
-0.629014278237715      97.224647320173         -0.55323399362459       5.17141787990573        28.9479210398914        5.17141787990577        -0.0687451656548498     -0.0697040306229994     -0.044901141819176      -0.0226226772932402     
-0.619228547128953      97.2414238212263        -0.546975080987643      5.17005366918555        28.9465996858514        5.17005366918555        -0.0697040306229994     -0.0703681786352718     -0.032663082380232      -0.017019053121437      
-0.609442623307911      97.2583698124023        -0.540561835954807      5.1686764250065         28.9452656803586        5.16867642500649        -0.0703681786352718     -0.070867875761729      -0.0226226772932402     -0.0217397943737986     
-0.599656253593147      97.2753503555742        -0.533996367268769      5.16728917116412        28.9439073759791        5.16728917116413        -0.070867875761729      -0.0715063548468289     -0.017019053121437      -0.00643597588484944    
-0.589864488601002      97.2924328846232        -0.527314269415632      5.16588886263347        28.942526250519         5.16588886263347        -0.0715063548468289     -0.0716954330574159     -0.0217397943737986     -0.00597188744991275    
-0.58006839994398       97.3097037756541        -0.520505978204014      5.16448440210769        28.9411600586168        5.16448440210768        -0.0716954330574159     -0.0718709150446934     -0.00643597588484944    -0.0104385805155006     
-0.570273820944088      97.3272370834034        -0.513584507423339      5.16307639692423        28.9398214853734        5.16307639692426        -0.0718709150446934     -0.0721776804378328     -0.00597188744991275    0.00922292005195623     
-0.560477566084121      97.3445908782675        -0.506568729573379      5.16166226869507        28.9384375815832        5.16166226869505        -0.0721776804378328     -0.0719065956141685     -0.0104385805155006     -0.00487669628828981    
-0.550680014326977      97.362028984132         -0.499432459517175      5.1602531080289         28.9370786555176        5.16025310802894        -0.0719065956141685     -0.0720499726055582     0.00922292005195623     0.0137567383347364      
-0.540877174892766      97.3794204862652        -0.492205298519157      5.15884067412017        28.9357021465062        5.15884067412014        -0.0720499726055582     -0.0716453967955175     -0.00487669628828981    0.00200686399698056     
-0.531073342483587      97.3971261674635        -0.484877797453264      5.15743577327642        28.9343919557791        5.15743577327644        -0.0716453967955175     -0.0715863638973464     0.0137567383347364      0.029412440493939       
-0.52126567204419       97.4153141253357        -0.477485877627129      5.15603181010902        28.9331545238905        5.15603181010906        -0.0715863638973464     -0.0707210362358476     0.00200686399698056     -0.0036332047300063     
-0.5114605268743        97.433394517789         -0.469975966916326      5.1546446372747         28.9319467181923        5.15464463727467        -0.0707210362358476     -0.0708279399267947     0.029412440493939       0.0245738289223491      
-0.501649061496036      97.4516821877665        -0.462393355009947      5.15325515827265        28.9307617112666        5.15325515827268        -0.0708279399267947     -0.0701048632039354     -0.0036332047300063     0.00881292141295431     
-0.491841801666007      97.4690903178862        -0.454713799283893      5.15187995594617        28.9294847497907        5.15187995594613        -0.0701048632039354     -0.0698455804415777     0.0245738289223491      0.0341828378779381      
-0.482035064074154      97.4838550377124        -0.446981154979         5.15051018717294        28.9278294051659        5.15051018717297        -0.0698455804415777     -0.0688400491389594     0.00881292141295431     0.0114891396489282      
-0.472233023230131      97.4974893808113        -0.439148239774718      5.14916028454936        28.9260609186868        5.14916028454935        -0.0688400491389594     -0.0685020898645256     0.0341828378779381      0.0375656759697159      
-0.46242531665173       97.5133876442115        -0.4312550310291        5.14781687957206        28.9246452844607        5.14781687957202        -0.0685020898645256     -0.067397015474606      0.0114891396489282      0.0261348215079726      
-0.452620464296921      97.5330756843691        -0.423276059134876      5.14649507200204        28.9238509816958        5.14649507200204        -0.067397015474606      -0.0666280326474163     0.0375656759697159      0.0479766763602615      
-0.442813362135256      97.5563984769187        -0.415241499610432      5.14518800268312        28.9236354051035        5.14518800268315        -0.0666280326474163     -0.065215819447351      0.0261348215079726      0.0241242772543978      
-0.432997602266726      97.5745584433657        -0.407092490609872      5.14390785305871        28.922728589455         5.14390785305874        -0.065215819447351      -0.0645053188278398     0.0479766763602615      0.0333096728911562      
-0.423177356140536      97.5882424565568        -0.398884937986859      5.14264095220033        28.9211944229586        5.14264095220031        -0.0645053188278398     -0.063523800119144      0.0241242772543978      0.0412198741537831      
-0.413353099880272      97.6031580751048        -0.390609666901566      5.14139280646785        28.9198943870792        5.14139280646785        -0.063523800119144      -0.0623087181213828     0.0333096728911562      0.0452876847621234      
-0.403524910607511      97.6180528190088        -0.382264537119926      5.14016807810519        28.9186560011312        5.1401680781052         -0.0623087181213828     -0.0609732718047823     0.0412198741537831      0.0562682280948537      
-0.393693924196461      97.6311545635922        -0.373849006352122      5.13896923108671        28.9172237976427        5.13896923108671        -0.0609732718047823     -0.0593137643231539     0.0452876847621234      0.0441662143640222      
-0.38386039632018       97.6440852877277        -0.365346794224733      5.13780293207713        28.9158568865849        5.13780293207713        -0.0593137643231539     -0.0580112850625022     0.0562682280948537      0.0529448901880017      
-0.374032018288133      97.6573275760571        -0.356796512335027      5.13666253803665        28.9146080763313        5.13666253803666        -0.0580112850625022     -0.0564501079115467     0.0441662143640222      0.0456036940335667      
-0.364206019569262      97.6706348661251        -0.348173609892177      5.13555296147018        28.9134547150458        5.13555296147015        -0.0564501079115467     -0.0551054225766885     0.0529448901880017      0.0421815935912418      
-0.354374634351343      97.6843051042087        -0.339481918388286      5.13446963644937        28.9124280807642        5.13446963644938        -0.0551054225766885     -0.0538614981776072     0.0456036940335667      0.0562133102903668      
-0.344545130634837      97.6980522616138        -0.330741338880167      5.13341066272791        28.9114805111371        5.13341066272793        -0.0538614981776072     -0.0522035854503166     0.0421815935912418      0.0573795756646985      
-0.334713419101011      97.7116239805361        -0.321920038345791      5.13238419423084        28.9105976679351        5.13238419423084        -0.0522035854503166     -0.0505110280105229     0.0562133102903668      0.0479846839345047      
-0.324880752126199      97.725339651164         -0.313029735432552      5.1313907962804         28.9098284455119        5.13139079628038        -0.0505110280105229     -0.049095385828771      0.0573795756646985      0.0576288292011286      
-0.31504389412002       97.7392098466637        -0.304090540134786      5.13042510134182        28.9091593208404        5.13042510134178        -0.049095385828771      -0.047395038172532      0.0479846839345047      0.0516217380550797      
-0.305210737462108      97.7537571039731        -0.295079584659311      5.12949282224076        28.9086836842005        5.12949282224072        -0.047395038172532      -0.0458717832386999     0.0576288292011286      0.0768855093380311      
-0.295373119663294      97.7698726115768        -0.286028248396786      5.12859038637469        28.9085232170033        5.12859038637465        -0.0458717832386999     -0.043602779403019      0.0516217380550797      0.0517294501723957      
-0.285535499954499      97.7882941563624        -0.276902420173655      5.12773245479939        28.9088282261391        5.12773245479936        -0.043602779403019      -0.0420758378041508     0.0768855093380311      0.0617661379123707      
-0.275696206365987      97.8108223372512        -0.267715569036925      5.12690439303042        28.9098234379127        5.12690439303041        -0.0420758378041508     -0.0402520556532221     0.0517294501723957      0.068505877263812       
-0.265851972097478      97.8401290184761        -0.258454730525531      5.12611187995717        28.9119193326372        5.12611187995721        -0.0402520556532221     -0.0382284520780058     0.0617661379123707      0.0597397276851386      
-0.25600221372955       97.8799822645464        -0.249156925049914      5.12535888038731        28.9156830662228        5.12535888038729        -0.0382284520780058     -0.0364629705250357     0.068505877263812       0.0484863263565593      
-0.246151245408623      97.9354640950275        -0.239817141875282      5.12464034499603        28.9218495981639        5.12464034499606        -0.0364629705250357     -0.0350292427140406     0.0597397276851386      0.0567604794274647      
-0.23629115465976       98.0139011563923        -0.230425385787168      5.12394959034777        28.9314790691928        5.12394959034775        -0.0350292427140406     -0.0333495253527085     0.0484863263565593      0.0657930739278044      
-0.226423561600047      98.1245496041567        -0.220976823485589      5.12329135243587        28.9459454975603        5.12329135243584        -0.0333495253527085     -0.0314002459773443     0.0567604794274647      0.0584409919331537      
-0.216543739201368      98.2797220619547        -0.211504444552562      5.1226707710595         28.9670692222112        5.12267077105949        -0.0314002459773443     -0.0296660622268119     0.0657930739278044      0.056281752104186       
-0.206643810500756      98.4938428274174        -0.202012847264903      5.12208337143504        28.9969445095815        5.12208337143504        -0.0296660622268119     -0.0279924984618693     0.0584409919331537      0.0502601772893954      
-0.196722708777179      98.7853682178723        -0.192481420937727      5.1215278439545         29.0382510350035        5.12152784395452        -0.0279924984618693     -0.0264939266305574     0.056281752104186       0.0482192324334257      
-0.186773672858658      99.1769034258191        -0.182886721619223      5.12100046191802        29.0942425076171        5.12100046191803        -0.0264939266305574     -0.025050801574234      0.0502601772893954      0.0650221733230473      
-0.176781304412085      99.6927513432757        -0.173228187375843      5.12049961264432        29.1683817011015        5.12049961264434        -0.025050801574234      -0.0230948943294671     0.0482192324334257      0.070436923787087       
-0.166728390794006      100.356220270553        -0.163496603263019      5.12003517623249        29.2639533083214        5.12003517623248        -0.0230948943294671     -0.0209623078416197     0.0650221733230473      0.0534788954534095      
-0.15660675215024       101.190376434644        -0.153671063497933      5.11961060772352        29.3841035424014        5.11961060772348        -0.0209623078416197     -0.0193299786542871     0.070436923787087       0.0580147278775543      
-0.146395140937167      102.214989638537        -0.143749331736253      5.11921558819754        29.5313553223533        5.11921558819756        -0.0193299786542871     -0.0175410821292754     0.0534788954534095      0.0507064614189087      
-0.136068821237482      103.43406999749         -0.133684713967936      5.11885303878648        29.7058861597244        5.11885303878649        -0.0175410821292754     -0.0159582594096731     0.0580147278775543      0.053562525624938       
-0.125595894542568      104.837637751282        -0.123457455133611      5.11851877007361        29.9057802840887        5.1185187700736         -0.0159582594096731     -0.0142631115018959     0.0507064614189087      0.0483339051613611      
-0.114975188927661      106.412765089201        -0.113059737800543      5.11821570181396        30.1287095960257        5.11821570181396        -0.0142631115018959     -0.0127105356223237     0.053562525624938       0.0510463135664677      
-0.104192732293012      108.129268375726        -0.102502923345104      5.11794147120216        30.3699211630761        5.11794147120218        -0.0127105356223237     -0.0110448778749238     0.0483339051613611      0.0457802244373946      
-0.0932282243954057     109.938376980084        -0.0917459537846852     5.11769927091592        30.6222019597071        5.11769927091588        -0.0110448778749238     -0.00952687088353595    0.0510463135664677      0.0433008593993965      
-0.0820822112033154     111.780046603552        -0.080808770172581      5.11748696371772        30.8769852613409        5.11748696371772        -0.00952687088353595    -0.00806814269434464    0.0457802244373946      0.0448321085692101      
-0.0707685606349315     113.584986907218        -0.0696832257329252     5.11730435789949        31.1247208419145        5.11730435789951        -0.00806814269434464    -0.00653445857649927    0.0433008593993965      0.0356754209742382      
-0.0592759878516831     115.274819587628        -0.0583672805979629     5.11715419819555        31.3549312176746        5.11715419819554        -0.00653445857649927    -0.00529640118480931    0.0448321085692101      0.0379477200397038      
-0.0476154432972373     116.760802281722        -0.0468720432898322     5.11703079067122        31.5559983843285        5.11703079067118        -0.00529640118480931    -0.00396297192787742    0.0356754209742382      0.038442180305839       
-0.0358285853054364     117.927924355589        -0.0352606365150951     5.11693741501486        31.713031191456         5.11693741501488        -0.00396297192787742    -0.00259873834849314    0.0379477200397038      0.0296945896247837      
-0.0239387894518081     118.681206799106        -0.0235488519657454     5.11687565799052        31.8139638662879        5.11687565799049        -0.00259873834849314    -0.00153762239918454    0.038442180305839       0.0254861093102414      
-0.0119767725590617     119.008751234153        -0.0117674189141346     5.11683891497722        31.857720402276         5.11683891497725        -0.00153762239918454    -0.000623309094853021   0.0296945896247837      0.0317085127480763      
1.38270281918107e-06    119.068247624139        1.85460750641922e-05    5.11682398731061        31.865636286608         5.11682398731058        -0.000623309094853021   0.000515683193694402    0.0254861093102414      0.03175388873876        
0.0119811744892676      119.008601516018        0.0118042318934994      5.11683633824476        31.8576923416426        5.11683633824478        0.000515683193694402    0.00165491997778899     0.0317085127480763      0.0281545460512637      
0.0239446833480088      118.681070304738        0.0235805802027621      5.11687588769745        31.813946285878         5.11687588769745        0.00165491997778899     0.00266104093715359     0.03175388873876        0.0328033315880363      
0.0358340853787882      117.927897020632        0.0352849666287241      5.11693912466925        31.7130328139405        5.11693912466924        0.00266104093715359     0.00382513175723278     0.0281545460512637      0.0391925899525283      
0.0476197686711953      116.760880522911        0.0468864562879751      5.11702924673888        31.5560041965265        5.11702924673889        0.00382513175723278     0.00520220602147876     0.0328033315880363      0.0379190219094593      
0.0592800277097957      115.2748676142          0.058366390429515       5.11715045056835        31.3549262676859        5.11715045056839        0.00520220602147876     0.00651802857489725     0.0391925899525283      0.0477828880784255      
0.0707709157272695      113.584941701182        0.0696665596547         5.1173002210842         31.1247020676315        5.11730022108426        0.00651802857489725     0.00815260086841644     0.0379190219094593      0.0411056269891375      
0.082084652141194       111.780032535389        0.080795562036795       5.11748473682728        30.876976600209         5.11748473682727        0.00815260086841644     0.00953738496556868     0.0477828880784255      0.0386327360376538      
0.0932317828840073      109.938411087798        0.0917521029809375      5.11769728812581        30.6222007777822        5.11769728812583        0.00953738496556868     0.0108183684319968      0.0411056269891375      0.0582787274474149      
0.104196023458868       108.129274666789        0.102535314955866       5.11793450839551        30.3699013878582        5.11793450839554        0.0108183684319968      0.0127198745437742      0.0386327360376538      0.0559353626084276      
0.114975503247177       106.412843288335        0.113095923387647       5.11820890286315        30.1287006550602        5.1182089028632         0.0127198745437742      0.0145164047507884      0.0582787274474149      0.0532381989665183      
0.125596512847227       104.837678861575        0.123476754300429       5.11851731996908        29.905781911372         5.11851731996904        0.0145164047507884      0.016201183179804       0.0559353626084276      0.0481586141569193      
0.136067230235371       103.433983992574        0.133678761394603       5.11885666671316        29.7058843364152        5.11885666671324        0.016201183179804       0.0177045553556177      0.0532381989665183      0.0552913443697461      
0.146396386050009       102.214831050628        0.143726800657345       5.11922264172817        29.5313527581223        5.11922264172813        0.0177045553556177      0.0194096631393459      0.0481586141569193      0.0507326839258619      
0.156609825966857       101.190205114059        0.153653411482831       5.1196193493457         29.3841037543033        5.11961934934579        0.0194096631393459      0.0209584276995835      0.0552913443697461      0.0545361356949611      
0.166731121863222       100.356057245429        0.16348677475697        5.1200438968102         29.2639544607182        5.12004389681013        0.0209584276995835      0.0226098274749596      0.0507326839258619      0.066357415532624       
0.176788383462088       99.6925936666583        0.173231722064014       5.12049865885123        29.1683559177729        5.12049865885129        0.0226098274749596      0.0246060525940381      0.0545361356949611      0.0674982154818531      
0.186779500346595       99.176878118029         0.182890859766948       5.12099062354929        29.094210847845         5.12099062354933        0.0246060525940381      0.0266261470036981      0.066357415532624       0.0485436557282323      
0.196727296411013       98.7854034079532        0.192482658007209       5.12152058842395        29.0382356382522        5.12152058842399        0.0266261470036981      0.0280734585870803      0.0674982154818531      0.0561605513000402      
0.20664844052691        98.4938491509609        0.202029512532824       5.12207771134069        28.9969294190577        5.12207771134077        0.0280734585870803      0.0297433763485824      0.0485436557282323      0.0571952663446626      
0.216548721780485       98.2796766069669        0.211528275142813       5.12266663735746        28.967050836102         5.12266663735741        0.0297433763485824      0.0314405853416077      0.0561605513000402      0.0563984977795862      
0.226427496941322       98.1245410169834        0.220984181803429       5.12328800484255        28.9459347742474        5.12328800484259        0.0314405853416077      0.0331115665338809      0.0571952663446626      0.0629049917689717      
0.236296123186717       98.0139143176604        0.230425908844398       5.12394158038078        28.9314583982021        5.12394158038082        0.0331115665338809      0.0349732058284889      0.0563984977795862      0.0564085418960792      
0.246157269625385       97.9354755246319        0.239814083544137       5.12463127857259        28.9218257018066        5.12463127857254        0.0349732058284889      0.0366412031648191      0.0629049917689717      0.0552551919457754      
0.256007870110679       97.8799736831622        0.249147812220225       5.12535329553597        28.9156660446654        5.12535329553597        0.0366412031648191      0.038273971775993       0.0564085418960792      0.0683456960920997      
0.265855634873917       97.8400666727706        0.258439142576726       5.12610705252511        28.9118965073438        5.12610705252506        0.038273971775993       0.0402926216597617      0.0552551919457754      0.0700692377826611      
0.275696950382442       97.8107778830501        0.267703556285709       5.12690028094153        28.9098052745581        5.12690028094156        0.0402926216597617      0.042361409719586       0.0683456960920997      0.0440592519372205      
0.285539937808667       97.7882105144825        0.276890867172249       5.12773396922564        28.9088201317205        5.12773396922567        0.042361409719586       0.043661907009224       0.0700692377826611      0.0639009919029007      
0.295373390616029       97.7697338402141        0.28600624741387        5.12859301097979        28.9085100981895        5.12859301097977        0.043661907009224       0.0455477034132281      0.0440592519372205      0.0479093042556974      
0.305213210537426       97.7536933346365        0.295059187849235       5.12948907106756        28.9086636845689        5.12948907106754        0.0455477034132281      0.0469613889523457      0.0639009919029007      0.0675033726073576      
0.31504612309145        97.7392430777911        0.304081554351748       5.13041284385508        28.9091297008106        5.13041284385505        0.0469613889523457      0.0489531054326676      0.0479093042556974      0.0529956397690435      
0.324882278128818       97.7254013758822        0.313029775029653       5.13137570592988        28.9097950665067        5.13137570592995        0.0489531054326676      0.0505166504820984      0.0675033726073576      0.0694426416984236      
0.334715196211876       97.7117764485851        0.321925159348749       5.13236930496483        28.9105782882986        5.13236930496491        0.0505166504820984      0.0525651676319022      0.0529956397690435      0.0473354677818619      
0.344550691776746       97.6980820212919        0.330737269954749       5.1334029924782         28.9114633149633        5.1334029924782         0.0525651676319022      0.0539613016773012      0.0694426416984236      0.0453030562663858      
0.354376534940404       97.684336501555         0.339477945557945       5.13446388531306        28.9124165347694        5.13446388531302        0.0539613016773012      0.0552972415546016      0.0473354677818619      0.0500180679626056      
0.36420985873802        97.6706038535582        0.348173250960566       5.13555093439182        28.9134444184349        5.13555093439186        0.0552972415546016      0.0567720903187832      0.0453030562663858      0.0546311755604791      
0.374033943210533       97.6572182890318        0.356804939655393       5.13666688842021        28.9146041416356        5.13666688842023        0.0567720903187832      0.0583830144062156      0.0500180679626056      0.0322650329886491      
0.383865923764702       97.6438631198782        0.365357160096299       5.13781461460821        28.9158568656287        5.1378146146082         0.0583830144062156      0.059334490675356       0.0546311755604791      0.0544556814431092      
0.393695004907903       97.6309626971732        0.373852709901351       5.13898121147602        28.9172290903736        5.138981211476          0.059334490675356       0.0609404086423902      0.0322650329886491      0.0417138000605292      
0.403527584973408       97.6179335861112        0.382267104834077       5.14017928985325        28.9186698788631        5.14017928985333        0.0609404086423902      0.0621703235525874      0.0544556814431092      0.0390982582330261      
0.413353013652828       97.603123916582         0.390614901407816       5.14140117135518        28.9199128523537        5.14140117135516        0.0621703235525874      0.0633227965703828      0.0417138000605292      0.0326096617759989      
0.423177124653638       97.5882282398665        0.398890924117601       5.14264529472535        28.9212045270805        5.14264529472531        0.0633227965703828      0.0642836590687604      0.0390982582330261      0.0378151815963879      
0.432998117845938       97.5745503192669        0.407095047745289       5.14390787767331        28.9227274545961        5.1439078776734         0.0642836590687604      0.0653973968144983      0.0326096617759989      0.0432804252944831      
0.442813634680508       97.5563691272778        0.415227036028104       5.14519160114425        28.923641168653         5.14519160114419        0.0653973968144983      0.0666713644340568      0.0378151815963879      0.0285071790272476      
0.452620768988218       97.5329915498131        0.423274213674419       5.14649948908558        28.923850918694         5.14649948908551        0.0666713644340568      0.0675100877953297      0.0432804252944831      0.0216997924954791      
0.462424857103497       97.5133125623753        0.431254129938343       5.14782337224666        28.9246523895503        5.14782337224663        0.0675100877953297      0.0681483724895116      0.0285071790272476      0.0186531583908994      
0.472229852873855       97.4975299727978        0.439156731752404       5.14915967400612        28.9260652253042        5.14915967400611        0.0681483724895116      0.0686970188104814      0.0216997924954791      0.0450189827275685      
0.482033195752177       97.4838115674453        0.446993673956359       5.15050672020235        28.9278132192609        5.15050672020234        0.0686970188104814      0.0700212369627811      0.0186531583908994      0.00327310632093571     
0.491838534688445       97.4690820380757        0.454715245657935       5.1518798711442         28.9294832829435        5.15187987114416        0.0700212369627811      0.070117532055274       0.0450189827275685      0.0135898924055087      
0.501645498923922       97.4516323272362        0.462384169856657       5.15325527927308        28.9307546497987        5.15325527927314        0.070117532055274       0.0705174129945237      0.00327310632093571     0.0142750072897408      
0.511457735782869       97.4334487673955        0.469978566396043       5.15463874117456        28.9319382258507        5.15463874117452        0.0705174129945237      0.0709374620773936      0.0135898924055087      0.028479765467977       
0.521263752598087       97.4152884031742        0.477488503243187       5.15603024258174        28.9331463059409        5.15603024258181        0.0709374620773936      0.0717754109954506      0.0142750072897408      -0.0017552793873398     
0.531071260820335       97.3970645647126        0.484888976933041       5.15743800810909        28.9343890743726        5.15743800810908        0.0717754109954506      0.0717237762853357      0.028479765467977       0.00637912586697451     
0.540877185866813       97.3793119349714        0.492216439642928       5.15884451435404        28.935696788664         5.15884451435407        0.0717237762853357      0.0719113862622939      -0.0017552793873398     0.00339200074837418     
0.550677910983916       97.361928327525         0.499437344444379       5.16025421234214        28.9370667937009        5.16025421234218        0.0719113862622939      0.0720111141114465      0.00637912586697451     -0.00131005544264927    
0.560477066445386       97.3445531983824        0.506560214385284       5.16166545500145        28.938440912756         5.16166545500137        0.0720111141114465      0.0719726057061135      0.00339200074837418     -0.00227208006474207    
0.570273165117768       97.3272159153706        0.513583871358734       5.16307572545693        28.9398164564254        5.16307572545692        0.0719726057061135      0.0719058290376073      -0.00131005544264927    -0.00972546882352303    
0.580070902152534       97.3097333070533        0.520501902859888       5.16448453872547        28.9411648329208        5.16448453872544        0.0719058290376073      0.0716200453271479      -0.00227208006474207    -0.00845773046866148    
0.589864282490808       97.292463692035         0.527310401799647       5.16588744401487        28.9425268588156        5.16588744401485        0.0716200453271479      0.0713715661448821      -0.00972546882352303    -0.0152394466853323     
0.599656115456124       97.2754305389836        0.533994375845314       5.16728514083137        28.9439080174068        5.16728514083146        0.0713715661448821      0.0709239739160954      -0.00845773046866148    -0.0155085243404383     
0.609445838031179       97.2585082332519        0.540554881577657       5.16867369241546        28.9452786267692        5.16867369241541        0.0709239739160954      0.0704685788260912      -0.0152394466853323     -0.0289772595187006     
0.619230616952045       97.2414581331926        0.546967568417532       5.17005300220668        28.9466029256304        5.1700530022067         0.0704685788260912      0.0696177875823908      -0.0155085243404383     -0.0207629101121868     
0.629018139671389       97.2247098425736        0.55324349439777        5.17141565912391        28.9479241320705        5.1714156591239         0.0696177875823908      0.0690082533818822      -0.0289772595187006     -0.0525181528817515     
0.638805118579142       97.2081624133097        0.55934347388231        5.17276620076216        28.949239971882         5.17276620076224        0.0690082533818822      0.0674667345903572      -0.0207629101121868     -0.038670098325618      
0.648585090614365       97.1919841459319        0.565307254144219       5.17408617816974        28.9505239387925        5.17408617816982        0.0674667345903572      0.0663319207011072      -0.0525181528817515     -0.0626736907449913     
0.658367893288193       97.1762113077004        0.571087572224808       5.17538380002622        28.9518044846315        5.17538380002614        0.0663319207011072      0.0644929002502814      -0.038670098325618      -0.0472548631753196     
0.668147426187235       97.161428633902         0.576702721218088       5.17664537110615        28.9531305097206        5.17664537110611        0.0644929002502814      0.0631064218183344      -0.0626736907449913     -0.0800339393063983     
0.67792834720285        97.1479053164256        0.582107000823762       5.17787968672776        28.9545668690932        5.17787968672777        0.0631064218183344      0.0607586695552179      -0.0472548631753196     -0.0776360996470522     
0.687705514763116       97.1372573687572        0.587332459221653       5.17906777581435        28.956301544152         5.17906777581436        0.0607586695552179      0.0584815386893956      -0.0800339393063983     -0.0859983440675403     
0.697478721510933       97.1279811632048        0.592353321445425       5.18021119404454        28.9581150191266        5.18021119404461        0.0584815386893956      0.0559593633255739      -0.0776360996470522     -0.0783474411993236     
0.707258702224146       97.1158679251923        0.597189515576843       5.18130536736776        28.9593671586408        5.18130536736775        0.0559593633255739      0.0536615915469613      -0.0859983440675403     -0.0993575497874667     
0.717031530191021       97.1011175316582        0.601800530983021       5.18235452559109        28.9600994438941        5.18235452559114        0.0536615915469613      0.0507475586541873      -0.0783474411993236     -0.0884748471821617     
0.726808655618554       97.0879026704496        0.606209028804671       5.18334675947832        28.9609008173497        5.18334675947823        0.0507475586541873      0.0481531544778937      -0.0993575497874667     -0.0945115598718885     
0.736586271225395       97.0771399881887        0.610369501246356       5.18428808906893        28.9619250212425        5.184288089069          0.0481531544778937      0.0453827881275273      -0.0884748471821617     -0.10147225696476       
0.746351232339095       97.0624765062091        0.614280330366257       5.18517464591153        28.962213665665         5.18517464591145        0.0453827881275273      0.0424100989425284      -0.0945115598718885     -0.0908894060342164     
0.756113874149424       97.0462603818931        0.617957577824722       5.18600267328718        28.9621064431043        5.18600267328711        0.0424100989425284      0.0397484980098526      -0.10147225696476       -0.100749412125511      
0.76587222379721        97.0346898221449        0.621371675785491       5.18677856992099        28.9625462079456        5.1867785699209         0.0397484980098526      0.0367983738963632      -0.0908894060342164     -0.0892012686901275     
0.775633182206291       97.0271284956454        0.624549565886629       5.18749692216615        28.9634232103694        5.18749692216619        0.0367983738963632      0.0341859670857986      -0.100749412125511      -0.112436742244707      
0.785395523835826       97.0212618466539        0.62746999142219        5.18816447158982        28.9644110274898        5.18816447158976        0.0341859670857986      0.0308920550219234      -0.0892012686901275     -0.0967343316753005     
0.795163884758212       97.0143084008436        0.630166264296066       5.18876791826016        28.9650574267943        5.18876791826019        0.0308920550219234      0.0280574417033024      -0.112436742244707      -0.115731439103252      
0.804932903352505       97.0059692437273        0.632581964587871       5.18931609678785        28.9653424423333        5.1893160967879         0.0280574417033024      0.0246657977102005      -0.0967343316753005     -0.100817473712487      
0.814701951500062       96.9976372593075        0.634753222030039       5.18979800405998        28.965443326111         5.18979800405997        0.0246657977102005      0.0217114138438332      -0.115731439103252      -0.106047252004595      
0.824469775741047       96.9906501542952        0.636685523578147       5.19022214196762        28.9655836006187        5.19022214196759        0.0217114138438332      0.0186040713016389      -0.100817473712487      -0.0604911587696131     
0.834235580062859       96.984976090762         0.638446661615482       5.19058553630184        28.9657502962634        5.19058553630176        0.0186040713016389      0.0168317041308221      -0.106047252004595      -0.0829121345279782     
0.844002255695986       96.9801699399266        0.639998188561635       5.19091430648745        28.9659498833472        5.19091430648739        0.0168317041308221      0.0144025609179349      -0.0604911587696131     -0.0688450619880752     
0.853768685277067       96.9760267734055        0.641419482488038       5.19119561098404        28.9661159678216        5.19119561098397        0.0144025609179349      0.0123858089435896      -0.0829121345279782     -0.089260733641651      
0.86353227240626        96.9724174621846        0.642685776825205       5.19143747506716        28.9662516865473        5.19143747506723        0.0123858089435896      0.0097713998126574      -0.0688450619880752     -0.0721462147523061     
0.873293700718041       96.9692914465733        0.643814871749912       5.19162825743354        28.9663170359799        5.19162825743361        0.0097713998126574      0.00765851080714292     -0.089260733641651      -0.0613178516758732     
0.883056394251842       96.9666807458669        0.644787348746951       5.19177777989838        28.9663442201144        5.1917777798983         0.00765851080714292     0.00586269928863723     -0.0721462147523061     -0.0602650050309421     
0.892816978152575       96.9645939932195        0.645650961618056       5.19189224832363        28.9663518562269        5.19189224832371        0.00586269928863723     0.00409757457771431     -0.0613178516758732     -0.139802087826369      
0.902582851342244       96.9629214399277        0.646362409973358       5.19197226470529        28.9663252421642        5.19197226470524        0.00409757457771431     2.71736252594077e-06    -0.0602650050309421     -0.317554379831864      
0.912346006211883       96.9622586303432        0.646777993156364       5.19197231776757        28.9662263874373        5.19197231776761        2.71736252594077e-06    -0.00929840516169507    -0.139802087826369      -0.760457673314107      
0.922108139610941       96.9634213263579        0.646551939301974       5.19179076321333        28.9658935995349        5.19179076321338        -0.00929840516169507    -0.0315741750418166     -0.317554379831864      -1.91608739963504       
0.931871404823699       96.9694501359216        0.644810679582421       5.19117412148988        28.9650737993392        5.19117412148986        -0.0315741750418166     -0.0877146242446711     -0.760457673314107      -4.62510852375428       
0.941642619694536       96.9879138844164        0.639394746685618       5.18946045623217        28.9630495584642        5.18946045623223        -0.0877146242446711     -0.223271870164028      -1.91608739963504       -9.19202099185581       
0.951410574599196       97.0363351185839        0.625051301213012       5.18509733382706        28.958097385352         5.18509733382701        -0.223271870164028      -0.49284429715345       -4.62510852375428       -11.14100947003         
0.961186943975139       97.1444945754931        0.59304822076906        5.17545867908794        28.9472888073117        5.17545867908792        -0.49284429715345       -0.81993097258583       -9.19202099185581       -8.48348974457891       
0.970980651336344       97.3262525374242        0.539293991026402       5.15939898757191        28.9293671092702        5.15939898757193        -0.81993097258583       -1.0694403758378        -11.14100947003         -10.8244644955056       
0.980790144142858       97.565763087103         0.468785673637461       5.1384100044143         28.9059651610495        5.13841000441427        -1.0694403758378        -1.38856131929165       -8.48348974457891       -9.04266605494437       
0.990629724847216       97.8808817474989        0.376452317947895       5.11108332160595        28.8755185293622        5.11108332160599        -1.38856131929165       -1.65594980667491       -10.8244644955056       -2.64945333004715       
1.00050077686695        98.2635690498747        0.265468694232394       5.07838640201961        28.8392201950977        5.07838640201961        -1.65594980667491       -1.73457650636107       -9.04266605494437       11.0306819725046        
1.01040932238805        98.6700566932578        0.148029302573501       5.04400491296505        28.8008174283107        5.04400491296512        -1.73457650636107       -1.40594345147708       -2.64945333004715       11.3069119906048        
1.02036369601927        99.0010621702546        0.0520327513633376      5.01602265413399        28.7689523221744        5.01602265413398        -1.40594345147708       -1.06789533000686       11.0306819725046        8.85820604523241        
1.03035207081325        99.2538773213323        -0.0214153650679815     4.99470103922976        28.7443746439902        4.99470103922975        -1.06789533000686       -0.802377486320874      11.3069119906048        11.9678115149779        
1.0403529789554         99.442528979163         -0.076876268135713      4.97865120367272        28.7254146067662        4.97865120367272        -0.802377486320874      -0.443088242691306      8.85820604523241        7.84084966952217        
1.05036848552107        99.5438557309788        -0.1076099148956        4.96977762733675        28.7144222517378        4.96977762733679        -0.443088242691306      -0.20747712670718       11.9678115149779        10.2135917360599        
1.06038987860336        99.5919047510884        -0.122016739295258      4.96561958357413        28.7093339234663        4.9656195835741         -0.20747712670718       0.099566047186666       7.84084966952217        7.39860330229505        
1.07041353445875        99.5680294969466        -0.115034540972672      4.96761526187966        28.7116603178429        4.96761526187967        0.099566047186666       0.321977004613317       10.2135917360599        1.5478255366901         
1.08043235672842        99.4914993755127        -0.0925485256710978     4.97406725738158        28.7192562993176        4.97406725738165        0.321977004613317       0.368491093952753       7.39860330229505        -4.15973361792381       
1.09044842465216        99.4033986029631        -0.0668364238502743     4.98144813735256        28.7278284020113        4.98144813735252        0.368491093952753       0.24353854125673        1.5478255366901         -6.56410627479316       
1.1004574847661         99.3444692619058        -0.0498276128433354     4.98632405894967        28.7333638013439        4.98632405894972        0.24353854125673        0.0464137354129634      -4.15973361792381       -4.79568782175167       
1.11046559605533        99.3322769522631        -0.0465234725050488     4.98725317612047        28.7342772579328        4.98725317612042        0.0464137354129634      -0.09759128108128       -6.56410627479316       -0.562186047003211      
1.120476615653          99.3548270074734        -0.0532338354790046     4.98529945374494        28.7319092301945        4.985299453745          -0.09759128108128       -0.114473791439785      -4.79568782175167       2.7858706501917         
1.13048533654647        99.3818881320348        -0.061117989596191      4.98300762579215        28.7292158620092        4.98300762579209        -0.114473791439785      -0.0308098675316368     -0.562186047003211      4.18251888722552        
1.14049796970567        99.3891928815618        -0.063139486781367      4.98239076148437        28.7284933009165        4.98239076148441        -0.0308098675316368     0.094785098521344       2.7858706501917         2.89919270158127        
1.15050727752256        99.3666788797507        -0.0563845868468872     4.9842881572863         28.7307083324101        4.98428815728629        0.094785098521344       0.181820254707419       4.18251888722552        0.692626603132559       
1.16051176918834        99.3235539005196        -0.0435917069764471     4.98792629138174        28.7349544937251        4.98792629138176        0.181820254707419       0.202604913398077       2.89919270158127        -1.91091595078293       
1.1705124968376         99.275629450968         -0.0294407330816347     4.99197870605114        28.7396888248364        4.99197870605117        0.202604913398077       0.145278007831087       0.692626603132559       -3.50615561953114       
1.18050967320779        99.2418021235041        -0.0193788828549484     4.99488384352276        28.7431520548453        4.99488384352275        0.145278007831087       0.0401065464769687      -1.91091595078293       -3.11740939375058       
1.19050877383624        99.2330833972269        -0.0166622202267694     4.9956858654074         28.7441968667393        4.99568586540742        0.0401065464769687      -0.0533963984401503     -3.50615561953114       -0.505900564552466      
1.20050795845004        99.246773576744         -0.0203668976739577     4.99461816925227        28.7431075374623        4.99461816925227        -0.0533963984401503     -0.0685696364687285     -3.11740939375058       1.82216822989083        
1.21050180584881        99.2643271575374        -0.0249768185044095     4.99324722992497        28.741703922168         4.99324722992499        -0.0685696364687285     -0.0139169461555344     -0.505900564552466      2.33474168427449        
1.22050170186422        99.2687372845173        -0.0256549992920261     4.99296893688957        28.7415414126732        4.99296893688966        -0.0139169461555344     0.0561170870245557      1.82216822989083        1.56494621924507        
1.23050146791634        99.2564859786235        -0.0214570958004278     4.99409125667127        28.7429976630181        4.99409125667134        0.0561170870245557      0.103059638689643       2.33474168427449        0.235677003422342       
1.24050125718995        99.2331362883029        -0.0141698744928829     4.99615208260018        28.7455457572633        4.9961520826002         0.103059638689643       0.110127664471471       1.56494621924507        -1.26675880093771       
1.25049479350992        99.2080164481149        -0.00666059418650772    4.9983535929526         28.7482389449956        4.99835359295267        0.110127664471471       0.0721432541860075      0.235677003422342       -1.9539869779149        
1.26048899108829        99.1924610754768        -0.00195554344574241    4.99979565352809        28.7501314706537        4.99979565352802        0.0721432541860075      0.0135551201227084      -1.26675880093771       -1.5592898240802        
1.27048475653207        99.1915399005163        -0.00123640886342785    5.00006662071571        28.750777024687         5.0000666207157         0.0135551201227084      -0.033201187616766      -1.9539869779149        -0.452810872270553      
1.28047907770526        99.2028342646102        -0.00346819093426497    4.99940290701849        28.7505054450342        4.99940290701854        -0.033201187616766      -0.0467798604187191     -1.5592898240802        0.866562359681169       
1.29047599256084        99.218653818895         -0.00634836805092215    4.9984676619857         28.7501081905066        4.9984676619857         -0.0467798604187191     -0.0207938195012146     -0.452810872270553      1.46058552745921        
1.30047278496048        99.229090104472         -0.00736472821623408    4.99805195434852        28.7504245686007        4.99805195434845        -0.0207938195012146     0.022999226269401       0.866562359681169       1.01315622188092        
1.31046605425414        99.2313069373159        -0.00557972139248478    4.998511625131          28.7520677894975        4.998511625131          0.022999226269401       0.0533746684492136      1.46058552745921        0.0963830177149533      
1.32045544036343        99.228955573082         -0.00208713435043884    4.99957836989751        28.7547949610351        4.99957836989751        0.0533746684492136      0.0562648659006538      1.01315622188092        -0.824581904058306      
1.33045534799847        99.2222796618364        0.00131101222202241     5.00070340030866        28.7570626481949        5.00070340030862        0.0562648659006538      0.0315331224724054      0.0963830177149533      -1.26543295066357       
1.3404566591032         99.2172456770264        0.00305006981160105     5.00133401305964        28.7581462512974        5.00133401305956        0.0315331224724054      -0.00641570901915413    -0.824581904058306      -0.932803420398644      
1.35045097711298        99.2175879251138        0.00259049972103556     5.00120577456452        28.7578271568351        5.00120577456445        -0.00641570901915413    -0.0343778212332942     -1.26543295066357       -0.121952604713184      
1.36043743625333        99.221916020099         0.000750161666146129    5.00051895344984        28.756479607679         5.00051895344984        -0.0343778212332942     -0.0380327473084141     -0.932803420398644      0.66553085270741        
1.37042742179778        99.2301220533839        -0.00105257049153417    4.99975907190638        28.755483620311         4.99975907190637        -0.0380327473084141     -0.0180858312826136     -0.121952604713184      1.01132134563784        
1.38042032121179        99.2345495732438        -0.00174926347892517    4.9993976588575         28.7550857766719        4.99939765885753        -0.0180858312826136     0.012227697071705       0.66553085270741        0.700800343726927       
1.3904109661615         99.2303016439386        -0.0011191922994608     4.99964200172228        28.7551729822249        4.99964200172225        0.012227697071705       0.0332351810242657      1.01132134563784        -0.0319227605819154     
1.40040225248749        99.2201053755879        0.000231893064604701    5.00030619503967        28.7556054704134        5.00030619503967        0.0332351810242657      0.0322781969545499      0.700800343726927       -0.693816303696187      
1.41039832627795        99.2096217853095        0.00142506079980874     5.00095134406382        28.7559411661691        5.0009513440639         0.0322781969545499      0.0114804505411018      -0.0319227605819154     -0.884309390979999      
1.42038918369458        99.2039967593473        0.00187653035908182     5.00118074859216        28.7557854693697        5.00118074859217        0.0114804505411018      -0.0150184605992264     -0.693816303696187      -0.504463920907637      
1.43037577233116        99.2027311929008        0.00151443469824625     5.00088079703537        28.7547397089025        5.00088079703537        -0.0150184605992264     -0.03012719441956       -0.884309390979999      0.141905042181964       
1.4403561187343         99.2040061906957        0.000710098890778576    5.00027941741072        28.7531954827059        5.00027941741076        -0.03012719441956       -0.0258796930497966     -0.504463920907637      0.662176694398928       
1.45033154740064        99.189702398267         -7.87997043944035e-05   4.9997631555778         28.7496382430453        4.99976315557772        -0.0258796930497966     -0.00607494231274741    0.141905042181964       0.780362771264156       
1.46029740365238        99.1140870153053        -0.000593958648629338   4.99964207789832        28.7383298040032        4.99964207789828        -0.00607494231274741    0.0172375688695401      0.662176694398928       0.381260613787983       
1.47025160542575        98.9409308030925        -0.00074559656853339    4.99998516237302        28.7142004928699        4.99998516237308        0.0172375688695401      0.0286068779925715      0.780362771264156       -0.28217893684982       
1.48018394218366        98.6527946210686        -0.000568588094659303   5.00055330296527        28.673988153875         5.00055330296535        0.0286068779925715      0.0202146582316818      0.381260613787983       -0.681619494303154      
1.49008562587447        98.3514826854854        -0.000136428885145896   5.00095350274108        28.6313112936332        5.0009535027411         0.0202146582316818      2.29470943598285e-12    -0.28217893684982       -0.681619494303154      
1.49994492959105        98.3514826854854        0.000136428885145896    5.00095350274108        28.6313112936332        5.00095350274114        2.29470943598285e-12    2.29470943598285e-12    -0.681619494303154      -0.681619494303154      
