x                       V                     vel                       p                      cs                  dd1[i]             dd2_left[i]            dd2_right[i]             dd3_left[i]            dd3_right[i]
-1.49993963082053       98.2035738874768        -0.000694325148939311   5.0074293904936         28.6282920126129        5.0074293904936         0.000871503197984235    0.000871503197984235    0.0296655624276059      0.0296655624276059      
-1.49009411428875       98.2035738874768        0.000694325148939311    5.0074293904936         28.6282920126129        5.0074293904936         0.000871503197984235    0.000871503197984235    0.0296655624276059      0.0296655624276059      
-1.48020874474805       98.509679876771         0.00207800090317451     5.00744661917452        28.6729246111758        5.00744661917452        0.000871503197984235    0.00175258079190188     0.0296655624276059      0.0345966778596347      
-1.47028715137064       98.8026172421548        0.00346289336858615     5.00748138145188        28.7156248489333        5.00748138145188        0.00175258079190188     0.00278297696271613     0.0296655624276059      0.0319463582492055      
-1.46034589327542       98.9794400956866        0.00483732671145936     5.0075367059606         28.7414677024498        5.0075367059606         0.00278297696271613     0.00373627438438898     0.0345966778596347      0.0315625965580657      
-1.45039077417532       99.059444748406         0.00620780759630611     5.00761109197253        28.753294718077         5.00761109197253        0.00373627438438898     0.00467929141404924     0.0319463582492055      0.0346904216750318      
-1.44042398932498       99.0795810823872        0.00757476366513815     5.00770434785122        28.7564847460403        5.00770434785123        0.00467929141404924     0.0057166106056454      0.0315625965580657      0.0320915492204593      
-1.43045370357584       99.0840833507444        0.00894198201834448     5.00781834407999        28.7574654136454        5.00781834407999        0.0057166106056454      0.00667681690549986     0.0346904216750318      0.0330968159312881      
-1.42047860627364       99.0874964983117        0.0103136373038024      5.0079515620049         28.75834322024          5.0079515620049         0.00667681690549986     0.00766773249597101     0.0320915492204593      0.0349368279295416      
-1.41049446536828       99.0888837523037        0.0116912000417293      5.00810466527173        28.7589841323971        5.00810466527173        0.00766773249597101     0.00871422321774099     0.0330968159312881      0.0335195513970274      
-1.40050341356322       99.0895162471023        0.0130904172867593      5.008278724734          28.7595756825602        5.008278724734          0.00871422321774099     0.00971829197978681     0.0349368279295416      0.0288208104325039      
-1.39052129827075       99.0892907976664        0.0145225083204748      5.00847277106735        28.7601001060059        5.00847277106735        0.00971829197978681     0.0105814225710196      0.0335195513970274      0.0244917788781129      
-1.38054233424097       99.088122367717         0.015990574725769       5.00868399307113        28.7605369794173        5.00868399307113        0.0105814225710196      0.0113147837430292      0.0288208104325039      0.0234823035367157      
-1.37055920046702       99.0853837106584        0.0175076275842581      5.00890986576549        28.7607880055895        5.0089098657655         0.0113147837430292      0.0120178848683906      0.0244917788781129      0.0345351323572806      
-1.36057919803223       99.0833560433434        0.0190825639614316      5.0091497511033         28.761182412614         5.0091497511033         0.0120178848683906      0.0130520136919239      0.0234823035367157      0.0409356611669015      
-1.35060094611029       99.0840081244456        0.0207019830080127      5.00941030437119        28.7620250590078        5.00941030437119        0.0130520136919239      0.0142781661320655      0.0345351323572806      0.0381657483200085      
-1.34061207780036       99.0817955057011        0.0223580696911188      5.00969549694113        28.7625226285223        5.00969549694113        0.0142781661320655      0.015421816237035       0.0409356611669015      0.0323878316406717      
-1.33061999915971       99.0758858618573        0.024040326615513       5.01000365247264        28.7625494361408        5.01000365247263        0.015421816237035       0.016392322559863       0.0381657483200085      0.0269812119803417      
-1.32062943981857       99.0654104830079        0.025768403192986       5.01033108385858        28.7619686819888        5.01033108385858        0.016392322559863       0.017200482751052       0.0323878316406717      0.0235303150411011      
-1.31065327856282       99.0510570269935        0.0275536389189436      5.01067442927579        28.7608703692446        5.01067442927579        0.017200482751052       0.0179050453130026      0.0269812119803417      0.0277783790093625      
-1.30067339520204       99.0393170778081        0.0293976118268532      5.01103180322116        28.760191458745         5.01103180322117        0.0179050453130026      0.0187368009539245      0.0235303150411011      0.0361638888375668      
-1.2906905249704        99.0296350822624        0.0312761634312592      5.01140587469611        28.7598590347804        5.0114058746961         0.0187368009539245      0.0198197516326015      0.0277783790093625      0.0457111763028622      
-1.28070708343812       99.0201856215531        0.0331838045174068      5.01180156136996        28.7596221841561        5.01180156136996        0.0198197516326015      0.0211886215145166      0.0361638888375668      0.0464733695589369      
-1.27072831682232       99.0117152663479        0.0351052866386446      5.01222454790723        28.7596056355782        5.01222454790724        0.0211886215145166      0.0225802964979142      0.0457111763028622      0.0425263180274901      
-1.26074347225091       99.0040955250696        0.0370320264262451      5.01267535313971        28.7597922308908        5.01267535313972        0.0225802964979142      0.0238537807186369      0.0464733695589369      0.0358295926223747      
-1.25076284802397       98.9970351766658        0.0389771872102828      5.01315156966374        28.7601327734522        5.01315156966374        0.0238537807186369      0.0249265739117621      0.0425263180274901      0.0230653960907713      
-1.24078097075041       98.9900224719202        0.0409847393879359      5.0136490743154         28.7605410975061        5.0136490743154         0.0249265739117621      0.0256170524029324      0.0358295926223747      0.0241837229490211      
-1.23080773762849       98.9829534428947        0.0430685707338779      5.01416024816921        28.7609802336356        5.01416024816921        0.0256170524029324      0.0263409225091921      0.0230653960907713      0.0393072517332485      
-1.2208272074961        98.975701592387         0.0452096949373673      5.01468586982406        28.7614340228736        5.01468586982407        0.0263409225091921      0.0275172661220404      0.0241837229490211      0.0526737021140264      
-1.21085237054202       98.9680619996498        0.0473756044498381      5.0152348393834         28.7618981909198        5.01523483938341        0.0275172661220404      0.0290934125873707      0.0393072517332485      0.0567766386806023      
-1.20088256729951       98.9599954429931        0.0495533964754573      5.01581511188626        28.7623898119043        5.01581511188626        0.0290934125873707      0.0307920816984908      0.0526737021140264      0.045289742994281       
-1.19090670903505       98.9517730989014        0.0517503585255407      5.01642929479417        28.7629557285395        5.01642929479417        0.0307920816984908      0.0321470448331557      0.0567766386806023      0.0253688921293385      
-1.18093596598822       98.9434964360423        0.0539978715856803      5.01707046211577        28.7635907988938        5.01707046211577        0.0321470448331557      0.0329059624598586      0.045289742994281       0.0101753156441345      
-1.17096365175285       98.9348817311307        0.0563484096555084      5.01772667228909        28.7642195236275        5.01772667228909        0.0329059624598586      0.0332103220350389      0.0253688921293385      0.00529956864975963     
-1.1609950554868        98.9264890912795        0.0588194840589245      5.01838888718707        28.7648974012919        5.01838888718706        0.0332103220350389      0.0333688231060789      0.0101753156441345      0.023375969421206       
-1.15102449741923       98.9182558142956        0.0614068947131082      5.01905418948824        28.7656069598635        5.01905418948823        0.0333688231060789      0.0340678477736223      0.00529956864975963     0.0570281209643887      
-1.14105852711772       98.9100031780831        0.0640551375280392      5.01973329732756        28.7663529258229        5.01973329732757        0.0340678477736223      0.0357732314054722      0.023375969421206       0.0794668762543154      
-1.13109306325351       98.901716903528         0.0667121409633868      5.02044647224091        28.7671912580659        5.0204464722409         0.0357732314054722      0.0381497813358022      0.0570281209643887      0.0583507443324998      
-1.12111797402863       98.8930967676013        0.0693660038406765      5.02120719616889        28.7681168755999        5.02120719616889        0.0381497813358022      0.0398949107935273      0.0794668762543154      0.0228521738167036      
-1.11115271001253       98.8846765214361        0.0720427011759117      5.02200259304576        28.7691704753295        5.02200259304575        0.0398949107935273      0.0405782640680192      0.0583507443324998      -0.0137383637667887     
-1.10118372366487       98.8762105616285        0.0748188631228975      5.02281144079923        28.7702555205841        5.02281144079921        0.0405782640680192      0.0401675391775824      0.0228521738167036      -0.0112746994590211     
-1.09122090045299       98.8673391298958        0.0777569280521256      5.02361194275003        28.7712572312734        5.02361194275003        0.0401675391775824      0.0398305629776087      -0.0137383637667887     0.0168964928011898      
-1.08125738073599       98.8574694778825        0.0808578149689708      5.0244054438912         28.772093186917         5.02440544389119        0.0398305629776087      0.0403353799062002      -0.0112746994590211     0.0716857583146783      
-1.07130341081481       98.8470035158587        0.0840531188781688      5.02520867671687        28.7728697368243        5.02520867671688        0.0403353799062002      0.0424765872449661      0.0168964928011898      0.0995520669899446      
-1.061347164397         98.8369152480555        0.0872349650662104      5.02605441147264        28.7738224172261        5.02605441147265        0.0424765872449661      0.0454495639795501      0.0716857583146783      0.0848755083515343      
-1.0513924074833        98.8282481120607        0.0903523594872453      5.02695924083621        28.7751505962632        5.02695924083622        0.0454495639795501      0.0479840944547943      0.0995520669899446      0.0240237255755728      
-1.04144131210455       98.8222916089836        0.0934284561065931      5.02791442372028        28.7770170264947        5.02791442372028        0.0479840944547943      0.0487015304796964      0.0848755083515343      -0.0288678665337986     
-1.03148578045672       98.8145127153774        0.0965881631824822      5.02888410622725        28.7786591203433        5.02888410622723        0.0487015304796964      0.0478393408365374      0.0240237255755728      -0.0497508021564318     
-1.02152650036331       98.8045392989867        0.0999449562769976      5.02983675238373        28.7799323333808        5.02983675238373        0.0478393408365374      0.0463534938361959      -0.0288678665337986     -0.0106515535830768     
-1.01157369910801       98.7938743382134        0.103530827066866       5.03075957553619        28.7810188993628        5.03075957553619        0.0463534938361959      0.0460355033585102      -0.0497508021564318     0.0635225848364473      
-1.00162181382286       98.7799040247401        0.107258848897446       5.03167558377471        28.7816038251547        5.03167558377471        0.0460355033585102      0.0479310669485871      -0.0106515535830768     0.116481628755611       
-0.991682655323408      98.7652838258221        0.110965414695091       5.0326288578508         28.7821998677324        5.03262885785082        0.0479310669485871      0.0514064364880383      0.0635225848364473      0.119756878241721       
-0.981735980654947      98.751928775673         0.114558739325968       5.0336513668939         28.7831774150885        5.03365136689388        0.0514064364880383      0.0549797562140922      0.116481628755611       0.0755070696558844      
-0.971787125964665      98.7386641238566        0.118024275737074       5.03474520015413        28.784371201146         5.03474520015411        0.0549797562140922      0.0572330267977851      0.119756878241721       -0.0204735911597031     
-0.961841109490184      98.725237404154         0.121436058544318       5.03588379882468        28.7856684126754        5.03588379882469        0.0572330267977851      0.0566221058827361      0.0755070696558844      -0.0910422119634126     
-0.951893828154706      98.7124497502798        0.124982930429231       5.03701012716674        28.787022801649         5.03701012716675        0.0566221058827361      0.053905867810242       -0.0204735911597031     -0.0925870903025143     
-0.94195035743112       98.7005018672105        0.128818852812478       5.03808222224894        28.7883438155168        5.03808222224894        0.053905867810242       0.0511439490698114      -0.0910422119634126     -0.028060868136433      
-0.932008016891934      98.6893238952625        0.132934941276636       5.03909922576418        28.7896189517393        5.03909922576418        0.0511439490698114      0.0503070462484563      -0.0925870903025143     0.100323107272864       
-0.922065930621256      98.6784643023556        0.137170981208367       5.04009941266834        28.7908917881251        5.04009941266836        0.0503070462484563      0.0532986636711931      -0.028060868136433      0.195026480130421       
-0.912129150932146      98.6668084560749        0.141265326201032       5.04115886276105        28.792217001263         5.04115886276106        0.0532986636711931      0.059113261512513       0.100323107272864       0.166845752619846       
-0.902189574977706      98.6537234794308        0.145058047814516       5.0423337369908         28.7936624444829        5.0423337369908         0.059113261512513       0.0640868148343323      0.195026480130421       0.0504043520512587      
-0.892255568924492      98.6395619417071        0.148604959091043       5.04360721323786        28.7952312637532        5.04360721323784        0.0640868148343323      0.065589090442068       0.166845752619846       -0.0958816988922016     
-0.882320933867107      98.6251703930023        0.152145755116857       5.04491031702509        28.7968499328779        5.04491031702507        0.065589090442068       0.0627319281929291      0.0504043520512587      -0.196234094896958      
-0.872388827872031      98.6113524045367        0.155974671939746       5.04615645587671        28.7983886285004        5.04615645587673        0.0627319281929291      0.0568847377586755      -0.0958816988922016     -0.174900107964357      
-0.862458660123982      98.5990657958564        0.160283679158217       5.04728639413142        28.7998183809521        5.04728639413141        0.0568847377586755      0.0516735194722317      -0.196234094896958      -0.00427762288746979    
-0.852523810984957      98.5879363853423        0.165018525072049       5.04831285040365        28.8011211051729        5.04831285040364        0.0516735194722317      0.0515460711353935      -0.174900107964357      0.223673160148416       
-0.842595155218414      98.5768457188413        0.169829008587512       5.04933664238878        28.8024211707758        5.04933664238878        0.0515460711353935      0.0582096763603525      -0.00427762288746979    0.341628397925335       
-0.832663939788798      98.5645211098742        0.174274304029791       5.05049268390874        28.8039173481197        5.05049268390875        0.0582096763603525      0.0683860172790453      0.223673160148416       0.250040360332505       
-0.822735117552146      98.5502490121257        0.178112561250628       5.05185068066918        28.8057037914376        5.05185068066917        0.0683860172790453      0.0758336289639207      0.341628397925335       0.0215429941217153      
-0.812808350943819      98.5349454527656        0.181515805895405       5.05335640433402        28.8077593035405        5.053356404334          0.0758336289639207      0.0764752162967104      0.250040360332505       -0.259659633206632      
-0.802879467850453      98.5200491462402        0.184921753923334       5.05487473728123        28.809908814649         5.05487473728121        0.0764752162967104      0.0687434877185306      0.0215429941217153      -0.406950516624911      
-0.792956157484258      98.5062041570671        0.188896771695519       5.05623919742449        28.8117722076834        5.05623919742447        0.0687434877185306      0.056630324237642       -0.259659633206632      -0.290616021436159      
-0.783034515048023      98.4930946680179        0.193763459838949       5.05736272010173        28.8130556392261        5.05736272010172        0.056630324237642       0.0479841009929348      -0.406950516624911      0.0539763631593798      
-0.773121921005416      98.4802040268937        0.199277127702031       5.05831419148097        28.8138801508688        5.05831419148097        0.0479841009929348      0.0495892073134887      -0.290616021436159      0.395824317162762       
-0.763210974906605      98.4682372932613        0.204731132130804       5.05929705400473        28.8149285050543        5.05929705400472        0.0495892073134887      0.0613547648970712      0.0539763631593798      0.577878561440905       
-0.753305282285228      98.4568390639077        0.209436664425012       5.06051264042945        28.8167219573298        5.06051264042944        0.0613547648970712      0.078527671337557       0.395824317162762       0.389274960995074       
-0.743402771880424      98.4457333194758        0.213030520650833       5.06206818211782        28.8195250452934        5.06206818211781        0.078527671337557       0.090096812670054       0.577878561440905       -0.0917229039862661     
-0.733495815211882      98.4296570403547        0.215890206870869       5.06385350583478        28.8222530891762        5.06385350583478        0.090096812670054       0.0873699104498907      0.389274960995074       -0.516778895670432      
-0.723581009744578      98.4096368000933        0.218980585921506       5.06558561881062        28.8242502338722        5.06558561881063        0.0873699104498907      0.0720027786375089      -0.0917229039862661     -0.63929108858347       
-0.713667474310392      98.3950223530329        0.223161895415112       5.06701310957011        28.8261706376706        5.06701310957009        0.0720027786375089      0.0529935748179127      -0.516778895670432      -0.437930267958824      
-0.703758359768478      98.3858686631103        0.228679909416757       5.06806347651004        28.827817225041         5.06806347651005        0.0529935748179127      0.0399747100138978      -0.63929108858347       0.0547912151909907      
-0.693848830278111      98.3763697029153        0.23512381332094        5.0688556490835         28.8286783517429        5.06885564908345        0.0399747100138978      0.0416031338415132      -0.437930267958824      0.547051011585707       
-0.683943316745416      98.3631614908558        0.241491844106058       5.0696798573242         28.8290865421516        5.06967985732418        0.0416031338415132      0.0578578093807951      0.0547912151909907      0.846686813149169       
-0.674041461976714      98.3470650778068        0.246802015645018       5.07082577466416        28.8299853294886        5.0708257746642         0.0578578093807951      0.0830091956681814      0.547051011585707       0.724466250153737       
-0.664139183944985      98.3276297155628        0.250477164447627       5.07246952032953        28.8318083817867        5.07246952032949        0.0830091956681814      0.104526070182571       0.846686813149169       0.0361137646846308      
-0.654241653260598      98.3041689945233        0.252770211688203       5.07453895326135        28.8342485836634        5.07453895326138        0.104526070182571       0.105598486901959       0.724466250153737       -0.723109466451663      
-0.644342499111241      98.2811042587051        0.255063878010307       5.07662933943714        28.8368033767043        5.07662933943716        0.105598486901959       0.0841297890956598      0.0361137646846308      -1.19048323428324       
-0.634447123539795      98.2630247112771        0.258864147802405       5.07829435828875        28.8388789662979        5.07829435828872        0.0841297890956598      0.0487927989650087      -0.723109466451663      -1.0704921414603        
-0.624554881546089      98.2530797310541        0.265097720654206       5.07925975461536        28.8401604724199        5.07925975461532        0.0487927989650087      0.0170236608929132      -1.19048323428324       -0.199094314625719      
-0.614663478661651      98.2505043523037        0.273522192780225       5.07959653922475        28.8407386025696        5.07959653922472        0.0170236608929132      0.0111159250806656      -1.0704921414603        0.860557154904462       
-0.604771877214931      98.2493500867196        0.282396406989268       5.07981642588279        28.8411934104337        5.07981642588279        0.0111159250806656      0.0366495203333637      -0.199094314625719      1.41347292750284        
-0.594884025262712      98.2422173914916        0.289607523189493       5.08054133515739        28.8422042128947        5.08054133515735        0.0366495203333637      0.0785884124211058      0.860557154904462       1.2725212904233         
-0.58499232585899       98.2254576671878        0.29405750033293        5.08209589939101        28.8441558386391        5.08209589939102        0.0785884124211058      0.116343619599745       1.41347292750284        0.254596890351346       
-0.575101402354677      98.2001911065728        0.296010339682018       5.0843971566163         28.8469747819258        5.08439715661628        0.116343619599745       0.123895991829711       1.2725212904233         -1.17271021153225       
-0.565215285191512      98.1734638377531        0.297487017447102       5.08684691837751        28.8499965912626        5.08684691837748        0.123895991829711       0.0891195062851894      0.254596890351346       -1.82559737012525       
-0.555332986788743      98.1544748960054        0.301345434143175       5.08860847936844        28.8522007607672        5.08860847936847        0.0891195062851894      0.0349898845655383      -1.17271021153225       -1.77844778660593       
-0.545451143533587      98.1480215793659        0.308905851857924       5.08930009480039        28.8532128635136        5.08930009480039        0.0349898845655383      -0.017743962150245      -1.82559737012525       -0.892362235527806      
-0.535564821295263      98.1534962929015        0.320084894624207       5.08894930478032        28.8530231437862        5.08894930478034        -0.017743962150245      -0.0442072773936694     -1.77844778660593       0.723220073581718       
-0.525680223328036      98.1654669500297        0.3331055872145         5.08807527084374        28.8523044960385        5.08807527084373        -0.0442072773936694     -0.0227585792350662     -0.892362235527806      1.83589869938255        
-0.515793205151847      98.1728607954535        0.344746776612716       5.08762529363771        28.8521151660129        5.0876252936377         -0.0227585792350662     0.031688775655325       0.723220073581718       2.3301932275574         
-0.50590831600461       98.1679521607818        0.352778335212462       5.08825182035281        28.8531702845749        5.08825182035285        0.031688775655325       0.100789561641535       1.83589869938255        1.53704822277901        
-0.496022611877169      98.1473622112012        0.356219203601414       5.09024428654009        28.8557923051435        5.09024428654012        0.100789561641535       0.146355654167136       2.3301932275574         -0.94107694010072       
-0.486141755732562      98.1157299651745        0.356657134364835       5.09313625922339        28.8593364986619        5.09313625922338        0.146355654167136       0.11847261327283        1.53704822277901        -2.5745255616878        
-0.476269377718016      98.0878801567682        0.359020751485277       5.09547557017234        28.8618663368814        5.09547557017236        0.11847261327283        0.042234414715448       -0.94107694010072       -3.17349485223575       
-0.466403821690846      98.0765508993074        0.366536242336082       5.09630910462663        28.86255992627          5.09630910462662        0.042234414715448       -0.0517126910553545     -2.5745255616878        -2.83275259870076       
-0.456535499027214      98.088921668748         0.380394856601845       5.0952885698423         28.8614899536542        5.09528856984232        -0.0517126910553545     -0.13557074683616       -3.17349485223575       -0.23980096700391       
-0.446668287227186      98.1245101034299        0.399920035127802       5.09261293350235        28.8591449759664        5.09261293350232        -0.13557074683616       -0.142671709452421      -2.83275259870076       3.16035669424926        
-0.436798855274859      98.1655308811173        0.419974804225961       5.08979600411359        28.8571922525506        5.08979600411359        -0.142671709452421      -0.0490438931276195     -0.23980096700391       4.35178015546209        
-0.426916662428713      98.1803449605485        0.433797206196677       5.08882702479808        28.8566223693175        5.0888270247981         -0.0490438931276195     0.0799405557149211      3.16035669424926        3.60326898308174        
-0.417035700405557      98.1613019290698        0.438981913684303       5.0904069424131         28.8583024684418        5.09040694241312        0.0799405557149211      0.186762256195818       4.35178015546209        0.278232292610021       
-0.407152506012988      98.1193253328666        0.437022947074302       5.09409814848757        28.8625903639124        5.09409814848759        0.186762256195818       0.195010308727237       3.60326898308174        -4.66468341675737       
-0.397271462276732      98.075783239117         0.434547785167273       5.09795202119154        28.867098843776         5.09795202119151        0.195010308727237       0.0567306772568349      0.278232292610021       -5.415737881556         
-0.387391934104025      98.0623174154298        0.441386636801705       5.09907312311663        28.8682907681176        5.0990731231166         0.0567306772568349      -0.10380039387294       -4.66468341675737       -3.53672824481329       
-0.377508376817197      98.0856150905772        0.459026933875095       5.0970218921784         28.865912059742         5.09702189217837        -0.10380039387294       -0.208631251949038      -5.415737881556         -2.45718033432019       
-0.367632415424995      98.1334130443515        0.483721436418925       5.09289952878299        28.8612662303488        5.09289952878296        -0.208631251949038      -0.28147257956932       -3.53672824481329       3.74328157789199        
-0.357749718263422      98.1983537398451        0.513358696641726       5.08733635979775        28.8550416002991        5.08733635979771        -0.28147257956932       -0.170474823134562      -2.45718033432019       8.72545314975008        
-0.347862044232694      98.2386303366879        0.535586294698595       5.08396552748695        28.8513954052849        5.08396552748694        -0.170474823134562      0.0883078850719395      3.74328157789199        9.88409927488319        
-0.33797369487627       98.2200809222936        0.540398646111665       5.08571165548432        28.8536251433889        5.08571165548434        0.0883078850719395      0.381372540903629       8.72545314975008        9.6751982736216         
-0.328091701041589      98.1347501200463        0.525510718216326       5.09324837809673        28.8624512958692        5.09324837809677        0.381372540903629       0.668016983912609       9.88409927488319        10.2996941236933        
-0.318219836379611      97.9848853841415        0.491445217023013       5.10643607136599        28.8777178569176        5.10643607136603        0.668016983912609       0.972716864245919       9.6751982736216         10.6217103434705        
-0.308362451812386      97.7673822226802        0.437231571189767       5.12560487922517        28.8997396571215        5.12560487922515        0.972716864245919       1.28625067922722        10.2996941236933        10.9716670297299        
-0.298536161738144      97.4823079978249        0.362581472552475       5.15088430932938        28.9286504669451        5.15088430932937        1.28625067922722        1.60917600152418        10.6217103434705        5.16727832557233        
-0.288738967262442      97.1305030943983        0.267300326587885       5.18240938765833        28.9646345009561        5.18240938765837        1.60917600152418        1.76074091718847        10.9716670297299        -7.94460694194076       
-0.278978005126235      96.7529895204475        0.163069634267977       5.21677892754108        29.0039927397038        5.21677892754108        1.76074091718847        1.52853124873351        5.16727832557233        -8.1507842745308        
-0.269257263384719      96.4353696369418        0.0747705077900654      5.2465081157539         29.0387370434145        5.24650811575386        1.52853124873351        1.29104240608764        -7.94460694194076       -11.4661628653574       
-0.259560683239962      96.1794267063589        0.00240559274620478     5.27154927691065        29.0693018866865        5.27154927691064        1.29104240608764        0.957784138746508       -8.1507842745308        -8.56494390241948       
-0.249882426254819      96.0073775627903        -0.0482651080968548     5.29008799060855        29.0943143086623        5.29008799060858        0.957784138746508       0.709287888981201       -11.4661628653574       -10.7196468500348       
-0.240223846313123      95.9045835118749        -0.0829822653028864     5.3037955183642         29.1163842827616        5.30379551836422        0.709287888981201       0.398616244894207       -8.56494390241948       -5.65594041649436       
-0.230567742498493      95.8900418141483        -0.0979160609358603     5.31149403379995        29.1352988943159        5.31149403379997        0.398616244894207       0.234746446198669       -10.7196468500348       -2.80346599116485       
-0.220912329886351      95.9416371330216        -0.102434770090697      5.316028325737          29.1555729554609        5.31602832573696        0.234746446198669       0.15347982566811        -5.65594041649436       -1.25841631322147       
-0.211247858872913      96.0540923462317        -0.101883421097508      5.31899542106078        29.180794978997         5.31899542106077        0.15347982566811        0.116960913309282       -2.80346599116485       -0.590090045035266      
-0.201567909446019      96.2319696795072        -0.0990142616018611     5.32125976056514        29.2140179804001        5.32125976056511        0.116960913309282       0.0998082590029351      -1.25841631322147       -0.229575257717028      
-0.191872685899083      96.4893711947104        -0.095227458943416      5.32319560651554        29.2583833233921        5.32319560651558        0.0998082590029351      0.0931191430351316      -0.590090045035266      -0.182423105167653      
-0.182151784589176      96.8461261675587        -0.0910374865905288     5.32500671180509        29.3174087035494        5.32500671180509        0.0931191430351316      0.0877851366647659      -0.229575257717028      -0.0913101753983755     
-0.172390143296582      97.3254662102554        -0.0866604007289163     5.32672130385121        29.3946036507105        5.32672130385122        0.0877851366647659      0.0851022979892902      -0.182423105167653      -0.110102827209531      
-0.162570947870981      97.9494684307307        -0.0821723310744912     5.32839274060815        29.493311008112         5.32839274060817        0.0851022979892902      0.0818473540310159      -0.0913101753983755     -0.10965789309153       
-0.152690330809337      98.7407732903725        -0.0776616118704515     5.33001105482774        29.6167017407387        5.33001105482776        0.0818473540310159      0.0785801300791799      -0.110102827209531      -0.156452757080443      
-0.142726067954812      99.7186311222861        -0.0730477229734441     5.3315783192615         29.7673672477658        5.33157831926147        0.0785801300791799      0.0738718565545397      -0.10965789309153       -0.113351111278646      
-0.132645624588999      100.88701663996         -0.0683108032105145     5.33306842241619        29.9454326699512        5.33306842241618        0.0738718565545397      0.0704192839257443      -0.156452757080443      -0.184288334185438      
-0.122427855390918      102.235628577042        -0.0635023709670869     5.33450756337075        30.1489837830453        5.33450756337073        0.0704192839257443      0.0647296792410718      -0.113351111278646      -0.170305783817565      
-0.112070346985935      103.752467020319        -0.0585324288382703     5.33584903928194        30.375634464526         5.33584903928197        0.0647296792410718      0.0593941145527382      -0.184288334185438      -0.181066845730897      
-0.101554575640824      105.408262767855        -0.0533700367718621     5.33709879140637        30.6206442296306        5.33709879140633        0.0593941145527382      0.0536321302482344      -0.170305783817565      -0.182241793174435      
-0.0908602609421186     107.155590353027        -0.048030015929589      5.33824575608241        30.8767138645116        5.33824575608238        0.0536321302482344      0.0477398097794023      -0.181066845730897      -0.165916218858667      
-0.0799931114688192     108.935573981947        -0.0425270789318723     5.33928301752102        31.1351318225815        5.33928301752106        0.0477398097794023      0.0422910212309573      -0.182241793174435      -0.191616444280549      
-0.0689669462419966     110.680871444303        -0.0368993972042815     5.34021595195799        31.3862962470215        5.34021595195803        0.0422910212309573      0.0359018848689738      -0.165916218858667      -0.197008824864413      
-0.0577666858640476     112.315683166455        -0.0310635567851149     5.3410200358502         31.6196224448321        5.34102003585018        0.0359018848689738      0.0292382035357806      -0.191616444280549      -0.204400537421751      
-0.046399963640905      113.752669996654        -0.0250417799812081     5.34168406660768        31.8232311594116        5.3416840666077         0.0292382035357806      0.0222379949744938      -0.197008824864413      -0.160637121719632      
-0.034911537333639      114.877217240318        -0.0188773029218948     5.34219474024348        31.9816735468673        5.34219474024352        0.0222379949744938      0.0166823820916267      -0.204400537421751      -0.197929936935172      
-0.0233270834619129     115.594327798856        -0.0126326892798687     5.34258105898607        32.0824995447777        5.34258105898608        0.0166823820916267      0.00979009259938443     -0.160637121719632      -0.184902716638883      
-0.0116698396013069     115.895951243217        -0.00630038789018757    5.34280902544964        32.1250145088251        5.34280902544964        0.00979009259938443     0.00332624289304282     -0.197929936935172      -0.17741544215881       
2.06810968266257e-06    115.945682236802        9.51950314618595e-05    5.34288665085219        32.1321396177037        5.3428866508522         0.00332624289304282     -0.00288390470415116    -0.184902716638883      -0.188028003010593      
0.0116755332448765      115.895611068049        0.00643728168439786     5.34281934384376        32.1249983834232        5.34281934384372        -0.00288390470415116    -0.00945747175085911    -0.17741544215881       -0.19635906414578       
0.0233343877594575      115.593953477886        0.0127505911320156      5.34259909929815        32.082501765897         5.34259909929812        -0.00945747175085911    -0.0162954475767307     -0.188028003010593      -0.173045620153947      
0.0349189901676845      114.876821852484        0.0190277535636079      5.34222173460172        31.9816993112808        5.34222173460175        -0.0162954475767307     -0.0222801932364179     -0.19635906414578       -0.207081359979141      
0.0464062829724256      113.752361791675        0.0251842455168028      5.34171011325302        31.8232656345691        5.341710113253          -0.0222801932364179     -0.0293718762520384     -0.173045620153947      -0.173843774416719      
0.0577732090891007      112.31539407898         0.0311864793994558      5.3410430799841         31.6196499643608        5.34104307998414        -0.0293718762520384     -0.0352517338932614     -0.207081359979141      -0.189396438838886      
0.0689719250862605      110.680309605077        0.0370607807141673      5.34025359824644        31.3863272148755        5.34025359824636        -0.0352517338932614     -0.0415667006684599     -0.173843774416719      -0.195174656125061      
0.0799986538573061      108.934887236645        0.0427440307756297      5.33933664666046        31.1351900460568        5.33933664666048        -0.0415667006684599     -0.0479761981172101     -0.189396438838886      -0.18169968473053       
0.0908660073015166      107.155035780786        0.0482432345623896      5.33829426388938        30.8767742501121        5.3382942638894         -0.0479761981172101     -0.0538504592384233     -0.195174656125061      -0.171529106491698      
0.101558734831173       105.407683634271        0.0535428450495192      5.33714280831357        30.6206863805511        5.3371428083135         -0.0538504592384233     -0.0593079102550893     -0.18169968473053       -0.174425713951643      
0.112070856921634       103.751932386701        0.0586910813786181      5.33589518152019        30.3756875394233        5.33589518152027        -0.0593079102550893     -0.0647714812092571     -0.171529106491698      -0.166109667186331      
0.122426748269695       102.235118383516        0.063678953682749       5.33455306643078        30.149037139675         5.33455306643074        -0.0647714812092571     -0.0698993749063838     -0.174425713951643      -0.125840980196256      
0.132644387337785       100.886354708179        0.0685429098836224      5.33312456613006        29.9454920558865        5.33312456613013        -0.0698993749063838     -0.0737325369473838     -0.166109667186331      -0.146004370630228      
0.142726267219929       99.7179168835559        0.0732736090491268      5.33163711552466        29.7674247777435        5.33163711552467        -0.0737325369473838     -0.0781267740737799     -0.125840980196256      -0.0995262702403087     
0.152692065623425       98.7399755761105        0.0779106409609171      5.33007873215919        29.6167701320312        5.33007873215917        -0.0781267740737799     -0.0810925258940868     -0.146004370630228      -0.134049360968087      
0.162572297178944       97.948521805368         0.0824607855057386      5.32847514008645        29.4933965334649        5.3284751400864         -0.0810925258940868     -0.0850559782798168     -0.0995262702403087     -0.107842826325327      
0.172395724247759       97.3244069767784        0.0869360908540906      5.32680429224991        29.3946726699635        5.3268042922499         -0.0850559782798168     -0.0882248428808887     -0.134049360968087      -0.163036958751958      
0.182156831349161       96.8452246713321        0.0912759885417135      5.32508106056722        29.3174769180344        5.32508106056716        -0.0882248428808887     -0.0929920447138523     -0.107842826325327      -0.237620439883315      
0.191875735311524       96.4885068559523        0.0954822657630571      5.3232725754572         29.2584638008989        5.32327257545726        -0.0929920447138523     -0.0999153668008017     -0.163036958751958      -0.652143966479019      
0.201572300333506       96.2311135692049        0.0992674772427066      5.32133461211008        29.2140934994769        5.32133461211004        -0.0999153668008017     -0.11887185706164       -0.237620439883315      -1.31503835504405       
0.211252364265057       96.0535834447692        0.102018407311449       5.31903322696581        29.1808213818557        5.31903322696577        -0.11887185706164       -0.157033404863529      -0.652143966479019      -2.86087862126784       
0.220916108683886       95.9418971469628        0.102337879791698       5.31599760989022        29.1555282328409        5.31599760989025        -0.157033404863529      -0.239961090808857      -1.31503835504405       -5.85143514807362       
0.23057061101247        95.8913701596576        0.0974932414883344      5.31136278897535        29.1351407310218        5.3113627889753         -0.239961090808857      -0.40949781954032       -2.86087862126784       -10.2313775720677       
0.240227632282401       95.9082021673761        0.0818761071742285      5.30345358179119        29.1159949829335        5.30345358179127        -0.40949781954032       -0.706034744679377      -5.85143514807362       -10.5076778851779       
0.249887899615756       96.0103409158207        0.0474272949397311      5.28980781737783        29.0939928486282        5.28980781737788        -0.706034744679377      -1.0108925912792        -10.2313775720677       -8.72067464770552       
0.259564997762991       96.1936822256347        -0.00667562330413024    5.27024277842386        29.0678533515305        5.27024277842381        -1.0108925912792        -1.26436070738818       -10.5076778851779       -10.2010192221909       
0.269258976798318       96.4440176435914        -0.0773510464860451     5.24571858945578        29.0378539207815        5.2457185894558         -1.26436070738818       -1.56160946682898       -8.72067464770552       -6.81997826285999       
0.278986946691887       96.7689994030404        -0.167836109405842      5.21533968702205        29.0023907939814        5.21533968702212        -1.56160946682898       -1.76098116653455       -10.2010192221909       5.71793291784362        
0.288744197784794       97.1467628460342        -0.272136255246776      5.18096092204813        28.9630103755572        5.1809609220482         -1.76098116653455       -1.59323072484544       -6.81997826285999       11.0657256295915        
0.298546737233354       97.4952150108167        -0.366401125031412      5.14974157911342        28.9273562136203        5.1497415791134         -1.59323072484544       -1.26749566315819       5.71793291784362        9.59960799323055        
0.30837439077547        97.7761997330232        -0.439846058892413      5.12482705197389        28.8988498453658        5.12482705197392        -1.26749566315819       -0.98410442307795       11.0657256295915        12.0457170928403        
0.318229542091368       97.9963376319549        -0.494836753941207      5.10543426087357        28.8765723839216        5.10543426087349        -0.98410442307795       -0.627722697737673      9.59960799323055        8.70729086228156        
0.328103645543779       98.1371272408038        -0.526210691069938      5.09304027788953        28.8622112167965        5.09304027788954        -0.627722697737673      -0.369730952057176      12.0457170928403        9.82825855354619        
0.337989007513081       98.2197771379775        -0.540327878771581      5.08573263216417        28.8536400278632        5.08573263216415        -0.369730952057176      -0.0783033257898836     8.70729086228156        8.55415030530026        
0.347873711986939       98.2360498855904        -0.534863357061069      5.08418439705132        28.8516375057025        5.08418439705131        -0.0783033257898836     0.175387056491449       9.82825855354619        3.42739192879932        
0.357763496737914       98.1946397920477        -0.512318560557126      5.0876521430123         28.8553914537744        5.08765214301234        0.175387056491449       0.277015791290235       8.55415030530026        -2.56356033862691       
0.367643143851791       98.1307136299993        -0.48298382591838       5.09312726887228        28.8615145566677        5.09312726887223        0.277015791290235       0.20102265320791        3.42739192879932        -3.54946913354231       
0.37752340603006        98.0846113407518        -0.458788119546032      5.09709925066851        28.8659834109013        5.09709925066856        0.20102265320791        0.0958263179483605      -2.56356033862691       -5.4347172848877        
0.38740098773763        98.0631578642091        -0.441689979077075      5.0989925149772         28.8681862940455        5.09899251497729        0.0958263179483605      -0.0652426162896772     -3.54946913354231       -4.5104309942298        
0.397280057728821       98.0786628547398        -0.435420758545098      5.09770344365423        28.8668188232213        5.09770344365415        -0.0652426162896772     -0.198931135878122      -5.4347172848877        0.5776181886724         
0.407160572402216       98.1231580761771        -0.438151541885714      5.09377226026068        28.8622308186554        5.09377226026064        -0.198931135878122      -0.181807888659059      -4.5104309942298        3.77724382330212        
0.41704353089189        98.163983499409         -0.439777143410372      5.09017886638081        28.8580501261042        5.09017886638075        -0.181807888659059      -0.0698249490750382     0.5776181886724         4.12764451752693        
0.426926669780767       98.1806341272457        -0.433914872300553      5.08879877650348        28.8565847720257        5.08879877650351        -0.0698249490750382     0.0525207246032262      3.77724382330212        2.89944398643101        
0.436807426603727       98.1650799138382        -0.419853624515993      5.08983645504292        28.8572406384041        5.08983645504286        0.0525207246032262      0.138419570427162       4.12764451752693        -0.22491384588734       
0.446677786368674       98.1249346668542        -0.400067611337245      5.09256941435797        28.8590841004554        5.09256941435791        0.138419570427162       0.131759911055207       2.89944398643101        -2.77044876721956       
0.456544357935886       98.0902945850989        -0.380793089589641      5.09516959944044        28.8613549858097        5.0951695994404         0.131759911055207       0.0497516056430115      -0.22491384588734       -3.14421114652254       
0.466409386271365       98.0783564327069        -0.367074771365251      5.09615132922245        28.8623788146003        5.09615132922252        0.0497516056430115      -0.0433254428746115     -2.77044876721956       -2.56228000235974       
0.476278008226666       98.0898303665181        -0.359635312143005      5.09529622053805        28.8616453082558        5.09529622053796        -0.0433254428746115     -0.119199995143172      -3.14421114652254       -0.935961336123664      
0.486149478327612       98.1178969530973        -0.357322486386148      5.09294258105149        28.8591064586683        5.09294258105152        -0.119199995143172      -0.146930991063311      -2.56228000235974       1.60356082239982        
0.4960285131896         98.1496786129199        -0.356923764754995      5.0900394729461         28.855552279031         5.09003947294618        -0.146930991063311      -0.0993918591100914     -0.935961336123664      2.49252202638914        
0.505915593845273       98.1699428383746        -0.353391161282074      5.08807442358944        28.8529598516678        5.08807442358937        -0.0993918591100914     -0.025468066319579      1.60356082239982        1.8679062349439         
0.515803852563792       98.1734357277768        -0.344940301949356      5.08757078817847        28.8520450974668        5.08757078817846        -0.025468066319579      0.0299390965774744      2.49252202638914        0.479647196184907       
0.525690599957862       98.1643360932224        -0.332812944722992      5.08816283505143        28.8523865748004        5.08816283505135        0.0299390965774744      0.0441654165655803      1.8679062349439         -1.06304461566453       
0.535578929157115       98.1524102831742        -0.319788538797037      5.08903609415596        28.8531095568421        5.08903609415589        0.0441654165655803      0.0126412581185261      0.479647196184907       -1.72138010057133       
0.545460451158626       98.1480220777126        -0.308953731347632      5.08928597463265        28.8531729103877        5.08928597463265        0.0126412581185261      -0.038397328331112      -1.06304461566453       -1.73037269873655       
0.555343193061154       98.1553459239109        -0.301607315631207      5.08852705602126        28.8520979429846        5.08852705602126        -0.038397328331112      -0.0897042634655532     -1.72138010057133       -1.10830516690714       
0.565225948536504       98.1744587113296        -0.297772727034582      5.08675372219786        28.8498784883234        5.08675372219779        -0.0897042634655532     -0.122574301241436      -1.73037269873655       0.26694827141801        
0.575115032147649       98.2009953536382        -0.296207604570233      5.08432979308741        28.8469018090141        5.08432979308736        -0.122574301241436      -0.114655214466834      -1.10830516690714       1.27816032676045        
0.585004473366203       98.2258307985783        -0.294162056773091      5.08206198989819        28.8441143946683        5.08206198989827        -0.114655214466834      -0.0767305412694252     0.26694827141801        1.39915810474047        
0.594895164979283       98.2422003722651        -0.289605730737576      5.08054410376546        28.8422095733047        5.08054410376548        -0.0767305412694252     -0.0352146829951615     1.27816032676045        0.825273052440383       
0.604788407402313       98.2490593079407        -0.282297605731875      5.07984748826395        28.8412389109107        5.07984748826395        -0.0352146829951615     -0.0107264020119379     1.39915810474047        -0.308442676340132      
0.614675153845632       98.2500808731902        -0.273395311017517      5.07963530955383        28.840786511755         5.07963530955378        -0.0107264020119379     -0.0198796597525068     0.825273052440383       -1.04377887983846       
0.624570372290108       98.2533178299455        -0.265149681718404      5.07924197611036        28.8401449434052        5.07924197611044        -0.0198796597525068     -0.0508571998802348     -0.308442676340132      -1.14510756347541       
0.6344646351729         98.2636951647645        -0.259055586640125      5.07823565062214        28.8388106535728        5.07823565062213        -0.0508571998802348     -0.0848456846163133     -1.04377887983846       -0.674896874671674      
0.644355444445147       98.2819799029334        -0.255324512952964      5.07655683136255        28.8367259028042        5.07655683136257        -0.0848456846163133     -0.104880257173367      -1.14510756347541       0.0566171318607972      
0.65425303731185        98.3049407389951        -0.252998054917276      5.0744809524333         28.8341969806142        5.07448095243324        -0.104880257173367      -0.103199033813025      -0.674896874671674      0.722716035603166       
0.664152737179231       98.3280199293307        -0.250609270291445      5.07243756989039        28.8317747881993        5.07243756989034        -0.103199033813025      -0.0817315985407911     0.0566171318607972      0.827478989932077       
0.674056552209296       98.3472210538178        -0.246823868019398      5.07081886045808        28.8299885360522        5.07081886045813        -0.0817315985407911     -0.0571489657089989     0.722716035603166       0.519530636760806       
0.683959592349364       98.3631098937266        -0.241436463345716      5.06968696198613        28.8290991814588        5.06968696198605        -0.0571489657089989     -0.0417122450600243     0.827478989932077       0.0498187910481816      
0.693861909020318       98.3764022437793        -0.235060812732312      5.06886066772662        28.8286973912554        5.06886066772669        -0.0417122450600243     -0.0402317317111066     0.519530636760806       -0.454948540631151      
0.703773021732578       98.3858625197976        -0.228631947173369      5.06806346422245        28.8278162900753        5.06806346422251        -0.0402317317111066     -0.0537547463232999     0.0498187910481816      -0.654103446662307      
0.713679063272162       98.395333076912         -0.223181077910413      5.06699817640411        28.8261736756542        5.06699817640413        -0.0537547463232999     -0.0732018258756264     -0.454948540631151      -0.480028150445993      
0.723590984051455       98.4101644773284        -0.21910295481343       5.06554714669264        28.8242180545482        5.06554714669257        -0.0732018258756264     -0.0874743593863414     -0.654103446662307      -0.0634831942243401     
0.73350573260567        98.4302016940765        -0.216030517126106      5.0638130794913         28.8222177829139        5.06381307949123        -0.0874743593863414     -0.0893616686523463     -0.480028150445993      0.394498274063576       
0.743411754573731       98.446074643493         -0.213116413966213      5.06204229409991        28.8195013122908        5.06204229409985        -0.0893616686523463     -0.0776368727759099     -0.0634831942243401     0.585018753899257       
0.753316840451043       98.4570206748716        -0.20945210629414       5.06050427710971        28.8167247224208        5.06050427710962        -0.0776368727759099     -0.0602513874220786     0.394498274063576       0.382990845304817       
0.763221433481675       98.4680944099818        -0.20466604274339       5.0593105602477         28.8149460609099        5.05931056024765        -0.0602513874220786     -0.0488675474481178     0.585018753899257       0.000761366267300645    
0.773131705077973       98.4799718909338        -0.199156572533127      5.05834206943509        28.8139255919973        5.05834206943506        -0.0488675474481178     -0.0488449080795909     0.382990845304817       -0.299695237380924      
0.783043950436722       98.4929709833996        -0.193696750127595      5.05737358456757        28.8130684966916        5.05737358456758        -0.0488449080795909     -0.0577608961653484     0.000761366267300645    -0.403623406484535      
0.792964698003588       98.5063361115574        -0.188895496117632      5.05622767052173        28.8117586634627        5.0562276705218         -0.0577608961653484     -0.0697746932672799     -0.299695237380924      -0.244192562034439      
0.802888806085226       98.5204308304559        -0.184967733127941      5.0548427565401         28.8098734856224        5.05484275654018        -0.0697746932672799     -0.0770455468139411     -0.403623406484535      0.0444825065961258      
0.8128165838746         98.5354216464308        -0.181593499994397      5.05331319794719        28.807705759374         5.0533131979472         -0.0770455468139411     -0.0757208796502465     -0.244192562034439      0.274318867139466       
0.822742228469849       98.5507053809762        -0.178202088040725      5.05180986853182        28.8056541323166        5.0518098685318         -0.0757208796502465     -0.0675509506008836     0.0444825065961258      0.341341045049267       
0.832670291738347       98.5646970916054        -0.174334750653062      5.05046858437851        28.8038743398042        5.05046858437843        -0.0675509506008836     -0.0573831988870921     0.274318867139466       0.202702363268324       
0.842600297907209       98.5769521503839        -0.16985536019609       5.0493289076727         28.802414659284         5.04932890767276        -0.0573831988870921     -0.0513441904894774     0.341341045049267       -0.00555091095860928    
0.852533838654835       98.5878845215484        -0.165042464887494      5.04830903457342        28.8011026446794        5.04830903457339        -0.0513441904894774     -0.0515095716829966     0.202702363268324       -0.168174238700375      
0.862463664187438       98.5990499223767        -0.160306486951772      5.04728596435967        28.7998148365694        5.04728596435974        -0.0515095716829966     -0.0565199441631433     -0.00555091095860928    -0.21393933317884       
0.872393971531222       98.6112884130148        -0.155971958634309      5.0461634181613         28.7983991513275        5.04616341816133        -0.0565199441631433     -0.0628939558230869     -0.168174238700375      -0.0998561969443227     
0.882325658253401       98.6251389607728        -0.152155144988778      5.04491412526841        28.796856212955         5.04491412526835        -0.0628939558230869     -0.0658696135259749     -0.21393933317884       0.0681293616754012      
0.892258939352931       98.639592379224         -0.148635795112125      5.04360539929912        28.7952305283508        5.04360539929912        -0.0658696135259749     -0.0638388609986524     -0.0998561969443227     0.176576070001877       
0.902197555403933       98.6536348323396        -0.145065458073653      5.04233661348538        28.793657720886         5.04233661348529        -0.0638388609986524     -0.0585744097017656     0.0681293616754012      0.17387671535925        
0.912136680400276       98.6666371846656        -0.141221941145063      5.04117226426172        28.7922302824712        5.04117226426166        -0.0585744097017656     -0.0533899927588872     0.176576070001877       0.0817029501548016      
0.922076057042114       98.6782567130321        -0.137104830853938      5.04011099105572        28.7908945744302        5.04011099105579        -0.0533899927588872     -0.0509535411587105     0.17387671535925        -0.0115423321143918     
0.932013689150019       98.6892994949054        -0.132895641614321      5.03909795306202        28.789611757076         5.03909795306196        -0.0509535411587105     -0.0512978149848609     0.0817029501548016      -0.0751839964232399     
0.941962251037211       98.7005155335256        -0.128783345383622      5.03807771364351        28.7883329271478        5.03807771364348        -0.0512978149848609     -0.0535407151867911     -0.0115423321143918     -0.10044684263824       
0.951904605302199       98.7123921746159        -0.124931396858448      5.03701283956188        28.7870221571981        5.03701283956191        -0.0535407151867911     -0.0565375925394398     -0.0751839964232399     -0.0316433368869172     
0.96184943937452        98.7252247170545        -0.121394873222325      5.03588830696435        28.7856794475726        5.03588830696436        -0.0565375925394398     -0.0574816913902749     -0.10044684263824       0.0736052853512974      
0.971797412788352       98.7386466544632        -0.118016790729341      5.03474487917306        28.7843677372527        5.03474487917313        -0.0574816913902749     -0.0552854555743569     -0.0316433368869172     0.133490535450379       
0.981740700992012       98.7520596846697        -0.114587099475158      5.03364516222685        28.7831787534454        5.03364516222681        -0.0552854555743569     -0.0513025181065806     0.0736052853512974      0.113854198531231       
0.991689379323615       98.7653353195303        -0.110989737868172      5.0326246924461         28.7821954596584        5.03262469244608        -0.0513025181065806     -0.0479057035482647     0.133490535450379       0.0588534118576993      
1.00163117860931        98.7799279295902        -0.107273883975421      5.0316719058171         28.7815967886297        5.03167190581711        -0.0479057035482647     -0.0461495911058057     0.113854198531231       -0.010733717314457      
1.01157648802262        98.7939808291794        -0.103538035185053      5.03075382825365        28.7810179709015        5.03075382825362        -0.0461495911058057     -0.0464700026806635     0.0588534118576993      -0.0448017325683238     
1.02153109906882        98.8046684662615        -0.099942412799594      5.02982873188802        28.7799281993624        5.02982873188809        -0.0464700026806635     -0.0478079326005483     -0.010733717314457      -0.0287135954373648     
1.03149134321057        98.8145808852633        -0.0965769642995055     5.02887671378575        28.7786478949353        5.02887671378583        -0.0478079326005483     -0.0486654908811725     -0.0448017325683238     0.022723019972583       
1.0414430278672         98.8223586544684        -0.0934157071897074     5.02790785666014        28.7770079951712        5.02790785666007        -0.0486654908811725     -0.0479869497520095     -0.0287135954373648     0.0850527907247175      
1.05139642265423        98.8283835976443        -0.0903427434274921     5.02695265564761        28.7751514730893        5.02695265564764        -0.0479869497520095     -0.0454473665712457     0.022723019972583       0.108724053897345       
1.06134881439291        98.8370662995078        -0.0872358004010445     5.02604796377708        28.7738259482567        5.02604796377708        -0.0454473665712457     -0.0422006376864512     0.0850527907247175      0.0677908405360689      
1.07130336627404        98.847181851058         -0.0840433161185432     5.02520778243477        28.7728931319532        5.02520778243471        -0.0422006376864512     -0.0401757958646387     0.108724053897345       0.0106646059309939      
1.08126029004016        98.8575515530734        -0.0808396123307027     5.0244076618956         28.7721114814184        5.02440766189555        -0.0401757958646387     -0.0398571568377911     0.0677908405360689      -0.0144193189159948     
1.09122286457227        98.8673321965389        -0.077740770499573      5.02361360995124        28.7712609966411        5.02361360995123        -0.0398571568377911     -0.0402881238079741     0.0106646059309939      -0.00985126608058499    
1.1011856781974         98.876233737717         -0.0748103580453145     5.02281073150173        28.7702568609863        5.0228107315018         -0.0402881238079741     -0.0405826535846821     -0.0144193189159948     0.0227176457048831      
1.11115430634614        98.8847468524617        -0.0720402272317911     5.02200171779744        28.7691781992763        5.02200171779739        -0.0405826535846821     -0.0399033290852096     -0.00985126608058499    0.0569193707087098      
1.12112416275657        98.8931922116895        -0.0693643655205062     5.02120615620122        28.7681277788379        5.02120615620113        -0.0399033290852096     -0.0382011116888168     0.0227176457048831      0.0787788077594117      
1.13109026908254        98.9017979659688        -0.0667104058261615     5.02044455882163        28.7671975652804        5.02044455882166        -0.0382011116888168     -0.0358452099111617     0.0569193707087098      0.0619102744290183      
1.14106124799196        98.9101077159867        -0.0640490235735392     5.01972990240669        28.766358399822         5.01972990240668        -0.0358452099111617     -0.0339938508209076     0.0787788077594117      0.031786333379759       
1.15102776774532        98.9182834986658        -0.0614036571556112     5.01905222260305        28.765605348809         5.01905222260305        -0.0339938508209076     -0.0330433183830688     0.0619102744290183      0.00452250747887572     
1.1609944781385         98.9264953582375        -0.0588249314781104     5.0183935020839         28.7649115384732        5.01839350208397        -0.0330433183830688     -0.0329080697452186     0.031786333379759       0.00130755243389362     
1.17096465666168        98.9348121054025        -0.056369818386487      5.01773734611644        28.7642399961101        5.01773734611651        -0.0329080697452186     -0.0328689579526574     0.00452250747887572     0.0156244921698681      
1.18093570863417        98.9433696817387        -0.0540364267159535     5.01708181508483        28.7636049187588        5.01708181508486        -0.0328689579526574     -0.03240149639994       0.00130755243389362     0.0422509037796932      
1.19091097189165        98.95176424479          -0.0517936980972435     5.01643547338793        28.7629721549508        5.01643547338786        -0.03240149639994       -0.0311373344318075     0.0156244921698681      0.0616264850180698      
1.20088518642715        98.960053879922         -0.0495851721901038     5.01581437088495        28.762396179574         5.01581437088498        -0.0311373344318075     -0.0292934499199528     0.0422509037796932      0.0599804738212046      
1.21085588545923        98.9682213301789        -0.0473867899602853     5.01523009583292        28.7619077411474        5.01523009583285        -0.0292934499199528     -0.0274986497525679     0.0616264850180698      0.0380591328233273      
1.22083144673816        98.9757844158101        -0.0452043812134135     5.01468148079271        28.761433470213         5.01468148079278        -0.0274986497525679     -0.026359570651489      0.0599804738212046      0.0235406218430561      
1.23081085993668        98.9830815400851        -0.0430646730770625     5.01415544756548        28.7609850758812        5.0141554475655         -0.026359570651489      -0.0256549191751416     0.0380591328233273      0.0247989885909334      
1.24078859634151        98.9902186723091        -0.0409970457256867     5.01364347955375        28.7605535524505        5.01364347955381        -0.0256549191751416     -0.024912565805675      0.0235406218430561      0.0333743468568645      
1.25076558908051        98.997118324891         -0.0389976657784402     5.01314631817183        28.7601297876084        5.01314631817175        -0.024912565805675      -0.023913401231366      0.0247989885909334      0.0435158156053062      
1.26074636645074        99.0042709442146        -0.0370364945369092     5.01266898906743        28.7597994530355        5.01266898906745        -0.023913401231366      -0.0226104389728441     0.0333743468568645      0.0523466649165085      
1.27072929226486        99.0118757456423        -0.0350984231666881     5.01221760819206        28.759609032821         5.01221760819206        -0.0226104389728441     -0.0210429183810681     0.0435158156053062      0.0476446279200017      
1.28070943124511        99.0203416059577        -0.0331777223462245     5.01179752540563        28.7596332563995        5.01179752540572        -0.0210429183810681     -0.0196161217451692     0.0523466649165085      0.0317207194917397      
1.29069251323869        99.0297222862425        -0.0312718074208576     5.01140588737673        28.7598717339096        5.01140588737672        -0.0196161217451692     -0.01866622350006       0.0476446279200017      0.0239740057496812      
1.30067643033138        99.0394193335683        -0.0293992287162025     5.01103323375222        28.7602104110301        5.01103323375219        -0.01866622350006       -0.0179483965368965     0.0317207194917397      0.0232131930644887      
1.3106536361449         99.0511749115031        -0.0275706477267117     5.01067501270584        28.7608891583757        5.01067501270582        -0.0179483965368965     -0.0172533292925958     0.0239740057496812      0.0308041243544821      
1.32063208167727        99.0655502028857        -0.0257951272701131     5.01033059819049        28.7619875706372        5.01033059819042        -0.0172533292925958     -0.0163306155099932     0.0232131930644887      0.0350974843348495      
1.3306223970167         99.0759882193143        -0.0240630594596425     5.01000437123495        28.762566356962         5.01000437123501        -0.0163306155099932     -0.0152788916670751     0.0308041243544821      0.0359214952553312      
1.34061612665086        99.0819116824174        -0.0223723845439591     5.00969907744384        28.762549769529         5.00969907744388        -0.0152788916670751     -0.0142025898808089     0.0350974843348495      0.0336998119282875      
1.35060117104662        99.0840237897565        -0.0207113458214979     5.00941544336659        28.7620420856873        5.00941544336658        -0.0142025898808089     -0.0131932950406072     0.0359214952553312      0.0341079340205891      
1.36057852950216        99.083437424681         -0.0190890723597427     5.00915210279754        28.7612009753953        5.00915210279754        -0.0131932950406072     -0.012172013938209      0.0336998119282875      0.0311825225498846      
1.37055913202108        99.0855131857359        -0.0175098426194159     5.00890913206277        28.7608046900395        5.00890913206282        -0.012172013938209      -0.0112383271219966     0.0341079340205891      0.024135417486859       
1.38054341711272        99.0882191300404        -0.0159825978295159     5.00868477400986        28.7605532642769        5.00868477400984        -0.0112383271219966     -0.0105156395409728     0.0311825225498846      0.0272004481289964      
1.3905215486335         99.0893716978478        -0.014511957408015      5.00847487565805        28.7601178889973        5.00847487565811        -0.0105156395409728     -0.0097011116538295     0.024135417486859       0.0352688390337039      
1.40050217712852        99.0895906563237        -0.013089139154531      5.00828120095251        28.7595935904915        5.00828120095244        -0.0097011116538295     -0.00864479113095795    0.0272004481289964      0.0335156898156274      
1.41049114169264        99.0888867798743        -0.011694772880304      5.0081085545072         28.7589957386926        5.00810855450728        -0.00864479113095795    -0.00764096690081401    0.0352688390337039      0.031508678108956       
1.42047488979958        99.0875499352976        -0.0103183620152017     5.00795599436395        28.7583637012873        5.00795599436393        -0.00764096690081401    -0.00669762683007287    0.0335156898156274      0.0293226157936173      
1.43045058560066        99.0841581359286        -0.00894805328764816    5.00782235862897        28.7574877930089        5.00782235862895        -0.00669762683007287    -0.00582027881512243    0.031508678108956       0.0291313552412016      
1.44042084473499        99.0796254602696        -0.00757595439310572    5.0077062976041         28.7564967842529        5.00770629760415        -0.00582027881512243    -0.00494921463936513    0.0293226157936173      0.0353415342062706      
1.45038623375832        99.0595467669945        -0.006208736277054      5.0076076682652         28.7532996948547        5.00760766826525        -0.00494921463936513    -0.00389330298575545    0.0291313552412016      0.0384592064493888      
1.4603417581088         98.9796858132708        -0.00484909296449338    5.00753015441916        28.7414845761572        5.00753015441917        -0.00389330298575545    -0.00274562487770225    0.0353415342062706      0.0368772771559349      
1.47028438731346        98.8027781582946        -0.00348546679723156    5.00747556869637        28.7156315661867        5.00747556869633        -0.00274562487770225    -0.00164720370380786    0.0384592064493888      0.0306083254364342      
1.48020557150987        98.5096581639304        -0.00209881410024131    5.00744289348431        28.672910784471         5.00744289348429        -0.00164720370380786    -0.000738019453025625   0.0368772771559349      0.0249183993776875      
1.49009412730566        98.2035447265564        -0.000701275627435488   5.0074283014262         28.628284648931         5.00742830142617        -0.000738019453025625   -1.89236991583021e-12   0.0306083254364342      0.0249183993776875      
1.49993966213622        98.2035447265564        0.000701275627435488    5.0074283014262         28.628284648931         5.00742830142613        -1.89236991583021e-12   -1.89236991583021e-12   0.0249183993776875      0.0249183993776875      
