x                       V                     vel                       p                      cs                  dd1[i]             dd2_left[i]            dd2_right[i]             dd3_left[i]            dd3_right[i]
-1.49986694134637       96.8148026690485        -0.00479589819492794    5.13073179546454        28.7729846188432        5.13073179546454        0.00117946803353155     0.00117946803353155     0.0278593976364953      0.0278593976364953      
-1.4901628121142        96.8148026690485        0.00479589819492794     5.13073179546454        28.7729846188432        5.13073179546454        0.00117946803353155     0.00117946803353155     0.0278593976364953      0.0278593976364953      
-1.48041808346876       97.1115958549014        0.0144339917041278      5.13075477901398        28.8171183075329        5.13075477901399        0.00117946803353155     0.00199505350794379     0.0278593976364953      0.0363841679697039      
-1.47063893178103       97.3943596803592        0.0241341343560005      5.13079378356456        28.859151500643         5.13079378356456        0.00199505350794379     0.0030631248155753      0.0278593976364953      0.0385253008772473      
-1.46084070619938       97.564648909563         0.0338699500821202      5.13085380073577        28.884538819095         5.13085380073577        0.0030631248155753      0.0041961618809789      0.0363841679697039      0.0300758073357024      
-1.45102941669141       97.6418690727441        0.0436118174529043      5.1309361358023         28.896199127008         5.1309361358023         0.0041961618809789      0.00508177648090232     0.0385253008772473      0.0305695532770952      
-1.44120718498063       97.661428924143         0.0533653542556089      5.13103594860791        28.8993743473855        5.13103594860791        0.00508177648090232     0.00598266933953955     0.0300758073357024      0.0408308294622418      
-1.43138029492481       97.6658580888299        0.0631234580089954      5.13115352903047        28.9003607935463        5.13115352903047        0.00598266933953955     0.0071867010693721      0.0305695532770952      0.0398418961894254      
-1.42154929648545       97.669070927198         0.0728793431230773      5.13129484644214        28.9012341231744        5.13129484644214        0.0071867010693721      0.00836226596258166     0.0408308294622418      0.029887303005501       
-1.41171070609761       97.6702680816712        0.0826414062277539      5.13145938909675        28.9018746272996        5.13145938909674        0.00836226596258166     0.00924447381020375     0.0398418961894254      0.0250484922236362      
-1.40186528059875       97.6708989240742        0.0924244398139205      5.13164134825475        28.9024803849078        5.13164134825474        0.00924447381020375     0.00998388555247551     0.029887303005501       0.0531080704655446      
-1.39202868304277       97.6707612678833        0.102216142014434       5.13183780320407        28.9030132495513        5.13183780320407        0.00998388555247551     0.0115513193995204      0.0250484922236362      0.0459091526293414      
-1.38219289633539       97.6694450894611        0.111989194305367       5.13206505266801        28.9034584394642        5.13206505266801        0.0115513193995204      0.0129060524918647      0.0531080704655446      0.0376708169423564      
-1.37235500542756       97.6664329790942        0.121749078717421       5.13231895093299        28.9037276964014        5.13231895093299        0.0129060524918647      0.0140175853396043      0.0459091526293414      0.0449917673192112      
-1.3625209622478        97.6641286926604        0.131491397300715       5.13259467167344        28.9041630952353        5.13259467167343        0.0140175853396043      0.0153451969863662      0.0376708169423564      0.0467105967291509      
-1.35268767618775       97.6644081380262        0.141224336005958       5.13289654104456        28.9050544229101        5.13289654104456        0.0153451969863662      0.0167239617893892      0.0449917673192112      0.0460923705845865      
-1.34284446665456       97.6617884326678        0.150953273845836       5.13322572730035        28.9055936039127        5.13322572730035        0.0167239617893892      0.0180850114455513      0.0467105967291509      0.0477440256215854      
-1.33299715337511       97.6554100516854        0.160671123087908       5.13358183008867        28.9056522342139        5.13358183008867        0.0180850114455513      0.0194947946643804      0.0460923705845865      0.045474608224255       
-1.32315400379402       97.6445123748954        0.170377712466267       5.13396554006839        28.9051195497007        5.13396554006838        0.0194947946643804      0.0208370219276431      0.0477440256215854      0.048821470026972       
-1.31332223831622       97.6297010704539        0.180076025375119       5.13437541972107        28.9040809520863        5.13437541972106        0.0208370219276431      0.0222775902707413      0.045474608224255       0.0438946371651288      
-1.30348743770446       97.6172765033906        0.189760843985573       5.13481360663847        28.9034749823327        5.13481360663847        0.0222775902707413      0.0235727747980675      0.048821470026972       0.0365129122874226      
-1.29364999692406       97.6067488122274        0.199420478041074       5.13527736293382        28.9032214941806        5.13527736293383        0.0235727747980675      0.0246502114142504      0.0438946371651288      0.046669050753156       
-1.28381290729463       97.5965141651144        0.209049326898365       5.13576228809934        28.9030706817098        5.13576228809935        0.0246502114142504      0.0260272747252821      0.0365129122874226      0.0551205541317465      
-1.27398002376187       97.5872538892754        0.218657378530931       5.13627423748455        28.9031399118489        5.13627423748454        0.0260272747252821      0.027653645619757       0.046669050753156       0.0418814448342174      
-1.26414342670334       97.5787795991189        0.228243616309027       5.13681820460334        28.9034153526226        5.13681820460334        0.027653645619757       0.028889346919499       0.0551205541317465      0.0408558415327581      
-1.25430806443748       97.570762038939         0.237811843517106       5.13738645815843        28.9038264944005        5.13738645815844        0.028889346919499       0.0300946026636627      0.0418814448342174      0.0520694723437329      
-1.24447537902215       97.5628014495334        0.247358095312207       5.1379782452387         28.904312002198         5.13797824523871        0.0300946026636627      0.0316303508112267      0.0408558415327581      0.0441263352952167      
-1.23464765931363       97.554577416759         0.256863593449908       5.13860010394282        28.9048427791912        5.13860010394281        0.0316303508112267      0.0329316738713116      0.0520694723437329      0.0362600425497667      
-1.2248154043115        97.5461311111725        0.266327958623221       5.13924756191625        28.905412310023         5.13924756191625        0.0329316738713116      0.0340008477203061      0.0441263352952167      0.0484557642104653      
-1.21498634255453       97.5374303891015        0.275748621780668       5.13991589260568        28.906002507578         5.13991589260569        0.0340008477203061      0.0354294710895184      0.0362600425497667      0.0671557831295244      
-1.20516413128263       97.5283462425012        0.285109519016912       5.14061216619069        28.906614100198         5.14061216619068        0.0354294710895184      0.0374092055748117      0.0484557642104653      0.0401403850399941      
-1.19533284678013       97.519039232759         0.294406238826649       5.14134741028707        28.9073018403375        5.14134741028708        0.0374092055748117      0.038592466567007       0.0671557831295244      0.0335172579194048      
-1.18550943619357       97.5096566989464        0.303653202275434       5.14210580319425        28.9080430439676        5.14210580319426        0.038592466567007       0.0395803651445623      0.0401403850399941      0.0616107690069374      
-1.17568490202026       97.5000150704488        0.312857494210501       5.14288343776491        28.9087994875736        5.1428834377649         0.0395803651445623      0.0413959379762391      0.0335172579194048      0.0349412548548165      
-1.16586342457879       97.4903075346876        0.32197346233979        5.14369663864711        28.9096456558143        5.14369663864712        0.0413959379762391      0.0424255042324718      0.0616107690069374      0.0389182035083343      
-1.15604199196909       97.4805514830473        0.331036554910577       5.14452998708806        28.9105407611831        5.14452998708807        0.0424255042324718      0.0435720816803269      0.0349412548548165      0.0673506065318552      
-1.1462210765745        97.4706818378658        0.340051736918387       5.14538573218722        28.9114814458176        5.14538573218721        0.0435720816803269      0.0455563047499063      0.0389182035083343      0.0541625583361217      
-1.13640482583764       97.4606593839311        0.348940919844734       5.14628045471936        28.9125084375715        5.14628045471935        0.0455563047499063      0.0471520078934002      0.0673506065318552      0.0465748906702262      
-1.12657838728091       97.4505245554782        0.357754522071819       5.14720665153973        28.9136066062328        5.14720665153973        0.0471520078934002      0.0485241323697719      0.0541625583361217      0.0358119587702453      
-1.11676194228898       97.4406322360326        0.366495390598096       5.14815962962899        28.9148153825182        5.14815962962898        0.0485241323697719      0.0495790526229619      0.0465748906702262      0.0308034432072625      
-1.10694274928932       97.4306163178309        0.375188988256631       5.14913315222571        28.9160629098524        5.14913315222572        0.0495790526229619      0.0504862592143393      0.0358119587702453      0.0473534212697475      
-1.09712605147005       97.4199225694347        0.383818338239167       5.15012438166864        28.9172589320264        5.15012438166863        0.0504862592143393      0.0518805180592391      0.0308034432072625      0.0317379115964301      
-1.08731134408215       97.4078919271099        0.392358587066271       5.15114257479545        28.9183315340175        5.15114257479543        0.0518805180592391      0.0528146385780903      0.0473534212697475      0.0429395385157865      
-1.07750599331925       97.3951828019128        0.400821502201804       5.15217861960066        28.9193527614328        5.15217861960065        0.0528146385780903      0.05407807583778        0.0317379115964301      0.0225568903433882      
-1.06769815807509       97.3830493643566        0.409184725753879       5.153239285608          28.9205277653753        5.153239285608          0.05407807583778        0.0547416636273603      0.0429395385157865      0.0440502826544718      
-1.0578919697439        97.3728472437102        0.417480748021459       5.15431286895427        28.9220250453691        5.15431286895429        0.0547416636273603      0.0560374430875234      0.0225568903433882      0.0237578995300005      
-1.04808855287689       97.3656320028593        0.425664423866586       5.1554117018664         28.9240360999625        5.15541170186639        0.0560374430875234      0.0567363342708266      0.0440502826544718      0.0380342993200889      
-1.03828376443697       97.3566176096047        0.43377791579137        5.15652443812059        28.9258182804649        5.15652443812059        0.0567363342708266      0.0578552881702169      0.0237578995300005      0.0113844634492508      
-1.0284719380221        97.3449834068142        0.441800983209079       5.15765929841341        28.9272725647745        5.15765929841342        0.0578552881702169      0.0581901902586853      0.0380342993200889      0.0360814994690987      
-1.01866938317298       97.3322595564791        0.449753843778173       5.15880035919412        28.9285814711892        5.15880035919413        0.0581901902586853      0.0592511529921264      0.0113844634492508      0.00042285873948588     
-1.00886799827213       97.3159898568549        0.457574272031356       5.1599615294019         28.929418817098         5.1599615294019         0.0592511529921264      0.0592635811370188      0.0360814994690987      0.0409336441013795      
-0.999078466818642      97.2995138361497        0.465323742036314       5.1611224319789         28.9302236274452        5.1611224319789         0.0592635811370188      0.0604664871577211      0.00042285873948588     0.00174317179817806     
-0.98928130994184       97.2848254662547        0.472952692629554       5.16230704747367        28.9313595750555        5.16230704747366        0.0604664871577211      0.0605177162131017      0.0409336441013795      0.011149969689244       
-0.979482607908226      97.2709959025724        0.480513147179213       5.16349289638042        28.9326256547512        5.16349289638044        0.0605177162131017      0.0608454266377985      0.00174317179817806     0.0133264842297965      
-0.969687028146902      97.2574714066405        0.487962591343845       5.16468505420585        28.9339537851215        5.16468505420585        0.0608454266377985      0.0612370681648458      0.011149969689244       0.0100383595694246      
-0.959890449857562      97.2443204652211        0.495309948121254       5.16588475388561        28.9353576238844        5.16588475388558        0.0612370681648458      0.0615320283045155      0.0133264842297965      -0.000948515696927936   
-0.950097046500698      97.2313140276673        0.502548990104097       5.16708999537577        28.9367975062203        5.16708999537576        0.0615320283045155      0.0615041623780021      0.0100383595694246      0.00424289861068687     
-0.940305987774561      97.2184055492551        0.509683208819594       5.16829445998795        28.9382488185065        5.16829445998793        0.0615041623780021      0.0616287892150321      -0.000948515696927936   -0.0145700275368738     
-0.930514578554899      97.2057055752193        0.516687948467855       5.16950120162918        28.9397365737927        5.16950120162918        0.0616287892150321      0.0612008848556555      0.00424289861068687     -0.0080251502984854     
-0.920726834776055      97.1929735938244        0.523586554291701       5.17069936655894        28.9411946020307        5.17069936655896        0.0612008848556555      0.0609652299772449      -0.0145700275368738     -0.00951989248522312    
-0.910938581015834      97.180198156529         0.530361270897918       5.17189275894962        28.9426318533475        5.17189275894961        0.0609652299772449      0.0606857411627605      -0.0080251502984854     -0.0266902329037847     
-0.901152897472097      97.1675051016525        0.536989040212727       5.17308040327193        28.9440643447606        5.17308040327191        0.0606857411627605      0.0599023154824464      -0.00951989248522312    -0.0126413432832841     
-0.891371715239892      97.1551173297813        0.543487477157219       5.17425242529258        28.9454976773362        5.17425242529257        0.0599023154824464      0.0595313352728433      -0.0266902329037847     -0.0345332055819488     
-0.881588654167555      97.1428783321623        0.549826423047883       5.17541704564534        28.9469315697802        5.17541704564533        0.0595313352728433      0.0585179827317079      -0.0126413432832841     -0.021704507446329      
-0.871809661530688      97.1310208604642        0.556021533664094       5.17656178451535        28.9483658340513        5.17656178451537        0.0585179827317079      0.0578811244096296      -0.0345332055819488     -0.0670686376894735     
-0.862026362962601      97.1192330092563        0.5620270154193         5.17769400807501        28.9497746341506        5.17769400807499        0.0578811244096296      0.0559133110900866      -0.021704507446329      -0.0185747766092272     
-0.852249576618171      97.107884285816         0.567891763475376       5.17878762463357        28.9511401443228        5.17878762463355        0.0559133110900866      0.0553683435599273      -0.0670686376894735     -0.059900139421968      
-0.842468157892366      97.0969478740014        0.573521011138903       5.1798705781508         28.9525365475054        5.17987057815079        0.0553683435599273      0.0536110003980848      -0.0185747766092272     -0.0406589289632332     
-0.832689634111325      97.0867740746722        0.578990023022718       5.18091914383051        28.9539498288868        5.1809191438305         0.0536110003980848      0.0524181499253522      -0.059900139421968      -0.0739067206671479     
-0.822910543482888      97.0775096966152        0.584239879458934       5.18194433798562        28.955432757893         5.18194433798561        0.0524181499253522      0.0502500215949746      -0.0406589289632332     -0.0571635831178577     
-0.813131249326809      97.0692833825047        0.589292638717908       5.1829270878714         28.9569513313427        5.1829270878714         0.0502500215949746      0.0485732708217309      -0.0739067206671479     -0.0788441173121794     
-0.803354521761703      97.0607142310609        0.594098275566898       5.18387685595303        28.9583260947137        5.18387685595303        0.0485732708217309      0.04626127349351        -0.0571635831178577     -0.0761065231786988     
-0.793580656831778      97.0505914918069        0.598706422580119       5.18478106212705        28.9593412918569        5.18478106212705        0.04626127349351        0.0440305375579625      -0.0788441173121794     -0.0874823090950786     
-0.783813835277816      97.0392137785495        0.603086597105523       5.18564121672565        28.9600456551406        5.18564121672564        0.0440305375579625      0.0414676106349861      -0.0761065231786988     -0.0929145383287795     
-0.774050523548578      97.0296222538701        0.607244840149546       5.18645092048079        28.960875149429         5.18645092048077        0.0414676106349861      0.0387467425678405      -0.0874823090950786     -0.0945566516452169     
-0.76429162179081       97.0239140253555        0.61117074208349        5.18720719835523        28.9621346256603        5.18720719835524        0.0387467425678405      0.0359783357864503      -0.0929145383287795     -0.0976160734561939     
-0.754535758732482      97.022946821054         0.614856729535461       5.18790937499411        28.9639504500135        5.18790937499412        0.0359783357864503      0.03311975303338        -0.0945566516452169     -0.0912485640003142     
-0.744773083729446      97.0203857828753        0.618318298556289       5.18855608959458        28.9653733927412        5.18855608959459        0.03311975303338        0.0304463530648963      -0.0976160734561939     -0.102300479305925      
-0.735001191547987      97.0138330253414        0.621547972934919       5.18915097254276        28.9660555936758        5.18915097254277        0.0304463530648963      0.0274481522255116      -0.0912485640003142     -0.0867729858862306     
-0.725230199048834      97.0098431892501        0.624555490278194       5.18968732330371        28.9669568484199        5.18968732330367        0.0274481522255116      0.0249049967341348      -0.102300479305925      -0.0896477823426501     
-0.715463065857124      97.0074006622422        0.627306778363872       5.19017388488822        28.9679500355726        5.19017388488819        0.0249049967341348      0.0222780660007746      -0.0867729858862306     -0.0842856445226837     
-0.705694913913062      97.0022654318097        0.629818726064379       5.19060905869846        28.9683976563146        5.19060905869844        0.0222780660007746      0.0198087779492698      -0.0896477823426501     -0.1039769938974        
-0.695930883445108      96.9943196450753        0.632081628770592       5.19099590471086        28.9682905967255        5.19099590471087        0.0198087779492698      0.016763141008524       -0.0842856445226837     -0.0513587902465538     
-0.686169057164915      96.9878866567778        0.634151270576211       5.19132321105727        28.9682431636416        5.19132321105726        0.016763141008524       0.0152589981022565      -0.1039769938974        -0.0911675455322419     
-0.676406022165754      96.9841593387556        0.635960293903783       5.19162112823981        28.9685177024893        5.19162112823979        0.0152589981022565      0.0125889974232694      -0.0513587902465538     -0.0646674518611921     
-0.666645852440471      96.9819195642542        0.637601632107374       5.19186691978581        28.9688689228909        5.19186691978582        0.0125889974232694      0.0106950022302515      -0.0911675455322419     -0.0755105702074823     
-0.656880597715256      96.980721936675         0.639039181268021       5.19207575711023        28.9692726658914        5.1920757571102         0.0106950022302515      0.00848336181743127     -0.0646674518611921     -0.0667815754697695     
-0.64711802194345       96.9801904464844        0.64030641895167        5.19224140694633        28.9696554026731        5.19224140694633        0.00848336181743127     0.00652743551514433     -0.0755105702074823     -0.141200308047463      
-0.637355552783877      96.9800593562385        0.641350820257945       5.19236885184043        28.9699913545888        5.19236885184042        0.00652743551514433     0.00239231898107613     -0.0667815754697695     -0.300436182865387      
-0.627594073194579      96.9808875574617        0.642115953669349       5.19241555694393        28.9702453470106        5.19241555694395        0.00239231898107613     -0.00640528952608918    -0.141200308047463      -0.664743500573777      
-0.617833618521418      96.9836874732684        0.642310192751614       5.19229052049245        28.9703147235768        5.19229052049248        -0.00640528952608918    -0.0258705899197161     -0.300436182865387      -1.62081363587544       
-0.608074383822059      96.9906451946856        0.64118316678628        5.19178548891215        28.9699448935731        5.19178548891215        -0.0258705899197161     -0.0733414395016112     -0.664743500573777      -3.87695919906207       
-0.59831039608622       97.0079406914153        0.636988387714888       5.19035324508412        28.9685311952647        5.19035324508414        -0.0733414395016112     -0.186936931869462      -1.62081363587544       -9.05797644502086       
-0.588540728242676      97.0503427879371        0.625355511891556       5.18670077028763        28.964664900958         5.18670077028759        -0.186936931869462      -0.452507131557808      -3.87695919906207       -9.15806454166547       
-0.578766970855241      97.1515515333743        0.596304140180017       5.17785330348365        28.9550364659197        5.17785330348369        -0.452507131557808      -0.72128648895278       -9.05797644502086       -10.6171912524159       
-0.568979944117028      97.312558123174         0.549406418909618       5.163732524068          28.9394776899679        5.16373252406801        -0.72128648895278       -1.0334234087962        -9.15806454166547       -9.99138984549883       
-0.559173328461176      97.5446874861345        0.481690241005169       5.14345798959096        28.9170365641869        5.14345798959093        -1.0334234087962        -1.32789356910218       -10.6171912524159       -9.12343640857379       
-0.549335972374414      97.8457233788168        0.393857710452588       5.11733092536687        28.8879717230001        5.1173309253669         -1.32789356910218       -1.59763460971366       -9.99138984549883       -4.24464981584292       
-0.53946615816656       98.2128241251528        0.287286889968149       5.08578763938386        28.8527747644452        5.08578763938388        -1.59763460971366       -1.72357654947016       -9.12343640857379       10.5807783013737        
-0.529555658120022      98.6148890004912        0.171149162063384       5.05163124029641        28.8145233644784        5.05163124029639        -1.72357654947016       -1.40850665679059       -4.24464981584292       9.47826327738164        
-0.519612144490473      98.9481119982363        0.0754847809372479      5.02361968339684        28.7830298112532        5.02361968339684        -1.40850665679059       -1.12535512202881       10.5807783013737        10.3155481158287        
-0.509634841106454      99.2177286859157        -0.00146586216550217    5.00117248208958        28.7577518372418        5.00117248208954        -1.12535512202881       -0.816419619610385      9.47826327738164        9.8093176288149         
-0.499639418802901      99.4147664466717        -0.0575635160498243     4.9848537875271         28.7392900358207        4.98485378752709        -0.816419619610385      -0.522165664475703      10.3155481158287        10.4560810656916        
-0.48963132376783       99.5393792998324        -0.0935023460107827     4.97440471471333        28.7271404102092        4.97440471471337        -0.522165664475703      -0.208227887794936      9.8093176288149         9.30907730184403        
-0.479620876000099      99.5877647418082        -0.107727109685764      4.97023543809285        28.7220773830918        4.97023543809286        -0.208227887794936      0.0713654427468547      10.4560810656916        7.79291935570682        
-0.469604542530079      99.5712464317888        -0.102547551138979      4.97166454623506        28.7238239013471        4.97166454623509        0.0713654427468547      0.3053781511103         9.30907730184403        1.87882064031535        
-0.459597232628296      99.5026950417007        -0.0811640438984325     4.97777684204767        28.7315799281299        4.97777684204766        0.3053781511103         0.361771956457357       7.79291935570682        -3.78080390537592       
-0.449597189641377      99.4247088540423        -0.055968273836306      4.98501362429146        28.7411878735208        4.98501362429149        0.361771956457357       0.248334918948493       1.87882064031535        -6.20222871671117       
-0.439597160316346      99.3690227837709        -0.0387106025856006     4.98998025832943        28.7474480600889        4.98998025832942        0.248334918948493       0.0622638270982259      -3.78080390537592       -5.52310066540982       
-0.429597780132845      99.3534005149398        -0.034358141389075      4.9912255750884         28.7487748614954        4.99122557508841        0.0622638270982259      -0.103461866866928      -6.20222871671117       -1.35237428731741       
-0.419595277998508      99.3788544969157        -0.0414507035945478     4.98915569513637        28.7464947976101        4.98915569513637        -0.103461866866928      -0.14405500480831       -5.52310066540982       2.74515095517628        
-0.409587240198458      99.4143046619996        -0.0513129506057774     4.98627239683638        28.7433123580312        4.98627239683634        -0.14405500480831       -0.061624490378308      -1.35237428731741       4.7677309727673         
-0.399575298981255      99.4285008116262        -0.0554291117921519     4.985038526022          28.7418077351491        4.98503852602201        -0.061624490378308      0.0815523099202368      2.74515095517628        3.56718109396115        
-0.389562399152813      99.408601793182         -0.0496200970969459     4.98667123558156        28.7436374157089        4.9866712355816         0.0815523099202368      0.188636299306631       4.7677309727673         0.536424761880456       
-0.37955934752984       99.3637551454081        -0.0364489131387396     4.99044524394992        28.7480254187543        4.99044524394988        0.188636299306631       0.204729809664548       3.56718109396115        -2.19456961450608       
-0.369564754258692      99.3155754167044        -0.0222456352044407     4.994538500196          28.752839427549         4.99453850019604        0.204729809664548       0.138924529723242       0.536424761880456       -3.47173383809528       
-0.359570082331473      99.2838033520908        -0.0126259667049036     4.99731514078391        28.7562298678048        4.99731514078391        0.138924529723242       0.0348532303053379      -2.19456961450608       -3.00624130629293       
-0.349580652717433      99.2771877695065        -0.0101422795819701     4.99801158214465        28.757275436393         4.99801158214462        0.0348532303053379      -0.055254378141389      -3.47173383809528       -0.731633545026225      
-0.339589947868943      99.2922299281746        -0.0137704033871587     4.99690751895617        28.7562772944743        4.99690751895618        -0.055254378141389      -0.0771856492038986     -3.00624130629293       1.46872448226412        
-0.32959786566748       99.3130355491592        -0.0188354745756075     4.99536491033682        28.7548504001586        4.99536491033685        -0.0771856492038986     -0.0331536237701229     -0.731633545026225      2.20712407978609        
-0.319601350724027      99.3238220772099        -0.0208837455739273     4.99470222314975        28.7545044280246        4.99470222314979        -0.0331536237701229     0.0330182446306455      1.46872448226412        1.78530785140226        
-0.309609705420226      99.3199020376739        -0.0184862479522359     4.99536215016408        28.7558364915426        4.99536215016408        0.0330182446306455      0.0865395161206189      2.20712407978609        0.681771253075629       
-0.299616034387038      99.3051688762368        -0.012534480459006      4.99709161255209        28.7586806163088        4.9970916125521         0.0865395161206189      0.106975074236357       1.78530785140226        -0.890700099701767      
-0.289625711422647      99.2884377646199        -0.0052169331209507     4.99922914107672        28.762407509481         4.99922914107676        0.106975074236357       0.0802791858672444      0.681771253075629       -2.08231725499413       
-0.279636914735598      99.2825813125239        0.000358278867206331    5.00083310367675        28.7661728205818        5.00083310367677        0.0802791858672444      0.017863856554735       -0.890700099701767      -1.85270165640584       
-0.269645218063983      99.2988647483037        0.00180910113584447     5.00119010243681        28.7695585518915        5.00119010243682        0.017863856554735       -0.0376834888366156     -2.08231725499413       -0.603418154075295      
-0.259648573933365      99.339536403376         -0.000438873229208407   5.00043675065797        28.7732824168755        5.000436750658          -0.0376834888366156     -0.0557826934099114     -1.85270165640584       0.68915778521512        
-0.249650436173378      99.4007933430554        -0.00395119355978685    4.99932108036824        28.7789414203414        4.99932108036825        -0.0557826934099114     -0.0351000058554039     -0.603418154075295      1.43523588024842        
-0.239642767055359      99.4807456514139        -0.0062176435600459     4.99861858356236        28.7884902903862        4.99861858356234        -0.0351000058554039     0.00800657611016297     0.68915778521512        1.22483986201456        
-0.229627941699734      99.5834562253742        -0.00575825104995058    4.99877896800858        28.8038101224185        4.99877896800858        0.00800657611016297     0.0448334730659504      1.43523588024842        0.312179560634721       
-0.219602082453138      99.7229260014944        -0.00289763241096678    4.99967812376642        28.8265656287058        4.9996781237664         0.0448334730659504      0.0542331059896156      1.22483986201456        -0.646688334190901      
-0.209557713792557      99.9202520840086        0.000711246668652309    5.0007676320329         28.8582155375287        5.00076763203293        0.0542331059896156      0.0347243780805088      0.312179560634721       -1.13810837769904       
-0.199493594918831      100.201073018313        0.00327481331826423     5.00146670360112        28.9007592278068        5.00146670360116        0.0347243780805088      0.000301963880361141    -0.646688334190901      -0.945115456081287      
-0.189402178938604      100.591930006415        0.00374885714133672     5.00147280056688        28.957088996295         5.00147280056684        0.000301963880361141    -0.0283889197690577     -1.13810837769904       -0.274908770022567      
-0.179267043870244      101.116188210134        0.00225284116389736     5.00089709464733        29.030778260376         5.00089709464735        -0.0283889197690577     -0.0367766692470335     -0.945115456081287      0.463615826756828       
-0.169070235745949      101.792752132917        -0.00017404879980647    5.00014693321129        29.1255534253726        5.00014693321126        -0.0367766692470335     -0.0225390181261109     -0.274908770022567      0.86156572303916        
-0.158803479940789      102.639444016334        -0.00210917123450644    4.99968389054118        29.2450786396209        4.99968389054119        -0.0225390181261109     0.00413470099747487     0.463615826756828       0.650727007753325       
-0.148445703692431      103.672863630025        -0.00243811201416202    4.99976959381812        29.3921880574145        4.99976959381814        0.00413470099747487     0.0244861282966967      0.86156572303916        0.0262961468195603      
-0.137972401540885      104.898411819709        -0.00108834225114977    5.00028288775885        29.5669222154074        5.00028288775888        0.0244861282966967      0.0253186129131232      0.650727007753325       -0.513048559435462      
-0.127351498150091      106.310822229518        0.000971447676367331    5.00082071855699        29.7669101075955        5.00082071855699        0.0253186129131232      0.00885270228666919     0.0262961468195603      -0.620767482173867      
-0.116581594183609      107.901779452684        0.00245214812174868     5.00101146906929        29.9893880279858        5.00101146906928        0.00885270228666919     -0.0113676211542728     -0.513048559435462      -0.291763215388182      
-0.105648003651606      109.642048258048        0.00250230219742961     5.00076277166609        30.2295074702975        5.00076277166608        -0.0113676211542728     -0.0210215254810431     -0.620767482173867      0.169876104835078       
-0.0945296890565795     111.479553195421        0.00116989741109009     5.00029532861007        30.4803403600475        5.0002953286101         -0.0210215254810431     -0.0153096204758425     -0.291763215388182      0.432277041769829       
-0.0832271081336353     113.3489230275          -0.000657584341143919   4.9999493619044         30.7337728284889        4.99994936190441        -0.0153096204758425     -0.000542607308251566   0.169876104835078       0.353526980971387       
-0.0717545973538493     115.176902468884        -0.00180419715769761    4.99993690877063        30.9805650285263        4.99993690877062        -0.000542607308251566   0.0117208465902787      0.432277041769829       0.0265219641317727      
-0.0601011085695107     116.884529648751        -0.00159210382680627    5.00021002009634        31.2102332668825        5.00021002009635        0.0117208465902787      0.0126541096593658      0.353526980971387       -0.255648750536744      
-0.0482779349633511     118.385301247025        -0.000285220097137848   5.00050897734989        31.4108994265796        5.0005089773499         0.0126541096593658      0.00354579593710278     0.0265219641317727      -0.289802964311084      
-0.0363271525293113     119.566136466992        0.00123383299862968     5.00059368607318        31.5674322439283        5.0005936860732         0.00354579593710278     -0.00688180554569055    -0.255648750536744      -0.0999842097196575     
-0.0242720837016307     120.331406570782        0.00201936471579839     5.00042787092548        31.6677680290282        5.00042787092551        -0.00688180554569055    -0.0105043855818705     -0.289802964311084      0.16104688477382        
-0.0121435725168073     120.666669766592        0.00151755240694996     5.00017336441324        31.7110461337834        5.00017336441323        -0.0105043855818705     -0.00464638261575741    -0.0999842097196575     0.273818595364676       
1.52786535394463e-06    120.728417236582        5.70068953826473e-06    5.00006053756352        31.7188008071748        5.00006053756348        -0.00464638261575741    0.00532639228974904     0.16104688477382        0.140972033854122       
0.0121482738542401      120.666242301403        -0.00151189917771101    5.00018988524994        31.7110423524307        5.00018988524994        0.00532639228974904     0.0104544789778989      0.273818595364676       -0.111970681638052      
0.0242782733008696      120.331050032935        -0.00201500456932531    5.0004432046036         31.667769667808         5.00044320460357        0.0104544789778989      0.00639746501067854     0.140972033854122       -0.2801942817745        
0.036332930304794       119.56608016081         -0.00121791066034103    5.00059734801064        31.5674363694661        5.00059734801067        0.00639746501067854     -0.00368411641594109    -0.111970681638052      -0.241922862814379      
0.0482825188122989      118.385353971381        0.000302555244286272    5.00050934053339        31.410907561871         5.00050934053338        -0.00368411641594109    -0.0123027809262292     -0.2801942817745        0.0195610636983995      
0.0601053928843847      116.884405199657        0.00159803362456137     5.0002187051849         31.2102437570246        5.00021870518486        -0.0123027809262292     -0.0116145107519906     -0.241922862814379      0.333440171550065       
0.0717571543109171      115.176646224842        0.00182169218350147     4.99994809298462        30.9805652156386        4.99994809298469        -0.0116145107519906     -4.82550174317413e-05   0.0195610636983995      0.424179365212613       
0.0832297413543443      113.348911514792        0.000723441597505611    4.99994698551609        30.7337639640812        4.99994698551604        -4.82550174317413e-05   0.0144422344403883      0.333440171550065       0.184424920776223       
0.0945334689501268      111.47985566778         -0.0010464621216334     5.00027336639801        30.4803147726937        5.00027336639801        0.0144422344403883      0.0206432254811119      0.424179365212613       -0.260182173418739      
0.105651541081419       109.642365118928        -0.00237382640088261    5.00073237332025        30.2294592723065        5.00073237332028        0.0206432254811119      0.012034933308625       0.184424920776223       -0.59996428428902       
0.116582134624462       107.901977844343        -0.00242019050290504    5.00099563428713        29.9893681196772        5.00099563428719        0.012034933308625       -0.00750539738704126    -0.260182173418739      -0.526765791669165      
0.127352343752497       106.31067736166         -0.00107748040844232    5.00083393182371        29.7669291514749        5.00083393182364        -0.00750539738704126    -0.0244104799143389     -0.59996428428902       -0.0219266909394456     
0.137970979366542       104.897959873228        0.000918460867477982    5.0003154088889         29.566954671139         5.00031540888896        -0.0244104799143389     -0.0251046726983647     -0.526765791669165      0.601401152010983       
0.148447131982854       103.672546036996        0.00234435337525338     4.99978908208171        29.3922003199087        4.99978908208178        -0.0251046726983647     -0.00629383540781459    -0.0219266909394456     0.862787291163087       
0.158806776210756       102.639686834845        0.00219385338024372     4.99965860484123        29.2450392796807        4.99965860484119        -0.00629383540781459    0.0204222455776396      0.601401152010983       0.520231281689177       
0.169073252121268       101.793530130605        0.000409147829123901    5.00007821977792        29.1254646005961        5.00007821977793        0.0204222455776396      0.0364009296002293      0.862787291163087       -0.220491836722767      
0.17927456370822        101.116942080016        -0.00200400027926184    5.00082085397792        29.03066518483          5.00082085397789        0.0364009296002293      0.0296729351344399      0.520231281689177       -0.914311096534211      
0.189408499497782       100.592394279905        -0.00359480422278113    5.0014226116805         28.9570105303994        5.00142261168042        0.0296729351344399      0.00191734091324627     -0.220491836722767      -1.12780495842993       
0.199498681274799       100.20108839215         -0.00325943016119894    5.00146132128776        28.9007458941885        5.00146132128783        0.00191734091324627     -0.0321915475446925     -0.914311096534211      -0.691550453055659      
0.209562811390514       99.9196455046377        -0.000844565808543936   5.00081325563839        28.8582595842242        5.00081325563843        -0.0321915475446925     -0.0530530222283976     -1.12780495842993       0.220417886106517       
0.219607463195411       99.7220020477698        0.00269880738799156     4.99974746918863        28.8266319966092        4.9997474691886         -0.0530530222283976     -0.0464163780510078     -0.691550453055659      1.18601678892482        
0.22963219105478        99.5829590488613        0.00566389475016008     4.99881658959645        28.803846610437         4.99881658959651        -0.0464163780510078     -0.0107560660304628     0.220417886106517       1.49059611028158        
0.23964804605655        99.480874478563         0.00629417408561159     4.99860111761469        28.7884586350685        4.9986011176147         -0.0107560660304628     0.0340153084483433      1.18601678892482        0.72099934846659        
0.249656810693043       99.4011664728409        0.00408595794343485     4.99928195422959        28.7788828187453        4.99928195422951        0.0340153084483433      0.0556538218257346      1.49059611028158        -0.632962434236433      
0.259654615071899       99.3399606542799        0.000579365864089064    5.00039500423259        28.7732237498779        5.0003950042325         0.0556538218257346      0.0366704776367956      0.72099934846659        -1.81966632324149       
0.269649291751232       99.2994858069485        -0.00159016757489064    5.00112797302922        28.7694698183262        5.00112797302929        0.0366704776367956      -0.0178807181055599     -0.632962434236433      -2.0175792202486        
0.27963809527866        99.2832323519104        -0.000130556620969789   5.00077067264893        28.7660875752225        5.00077067264897        -0.0178807181055599     -0.0783511754537963     -1.81966632324149       -0.888431662360898      
0.289630691949323       99.2886560503654        0.0053077365554471      4.9992052123841         28.7623702911054        4.99920521238402        -0.0783511754537963     -0.104978406950976      -2.0175792202486        0.561345193908457       
0.299616791553573       99.304867251262         0.0124731950984764      4.99710770687753        28.7586832531131        4.9971077068775         -0.104978406950976      -0.0881526269118747     -0.888431662360898      1.69889437945748        
0.309612699355013       99.3199868782173        0.0185231690379961      4.99534600430322        28.7558023014357        4.99534600430326        -0.0881526269118747     -0.0372225275882522     0.561345193908457       2.28187692073123        
0.31960415626899        99.3249094975279        0.0212073828515978      4.99460202368071        28.7543734058623        4.99460202368064        -0.0372225275882522     0.031191764196045       1.69889437945748        1.51112964107227        
0.329600084922264       99.3145868744998        0.019301773481113       4.99522548169391        28.7546736798097        4.99522548169397        0.031191764196045       0.0764977343674313      2.28187692073123        -0.776813017643297      
0.339592580303694       99.2940370192266        0.014294259003221       4.99675450552581        28.7560986820671        4.99675450552582        0.0764977343674313      0.0532103034953406      1.51112964107227        -2.92255801904243       
0.349587324075329       99.2794385802751        0.0108122944935174      4.99781785786979        28.7570440951948        4.99781785786982        0.0532103034953406      -0.0343942763830866     -0.776813017643297      -3.25742567104875       
0.359573252406856       99.2859691318342        0.0132625146983462      4.99713060211907        28.7560125512833        4.99713060211899        -0.0343942763830866     -0.132040135057409      -2.92255801904243       -2.18993996920544       
0.369570030947211       99.3160813374667        0.0223999900422763      4.99449164100373        28.7527777805097        4.9944916410038         -0.132040135057409      -0.197706939860298      -3.25742567104875       0.33690499784682        
0.379562651198732       99.3625825369806        0.0361138900961934      4.99053862698389        28.7481247570364        4.99053862698382        -0.197706939860298      -0.187599193281546      -2.18993996920544       3.342071519836          
0.389569253928334       99.4071507594249        0.0492190068173859      4.9867853164996         28.7437564166018        4.98678531649955        -0.187599193281546      -0.0872766144245735     0.33690499784682        4.60621884281297        
0.399577571334291       99.4284521604857        0.0554354630843496      4.98503817211731        28.7417996831143        4.98503817211726        -0.0872766144245735     0.0510393295167756      3.342071519836          3.00534161661806        
0.409591275963436       99.4168582298249        0.0520598050471809      4.98606001153433        28.7430693470069        4.98606001153437        0.0510393295167756      0.141273894799049       4.60621884281297        -1.23003493367357       
0.419596804808503       99.3821277354655        0.0423911279538335      4.98888742731456        28.7461953296789        4.98888742731461        0.141273894799049       0.10435416280835        3.00534161661806        -5.06858171815488       
0.429599476917454       99.356432735296         0.0352388646439753      4.99097509214267        28.7484921641122        4.99097509214274        0.10435416280835        -0.0477313279183422     -1.23003493367357       -6.43813720657259       
0.439599749973535       99.368540945691         0.0385910282435789      4.99002039725796        28.7474939825127        4.99002039725788        -0.0477313279183422     -0.240883015884997      -5.06858171815488       -4.00521469164514       
0.449599394714744       99.422464956487         0.0553341563683267      4.98520280836238        28.7414089052535        4.98520280836241        -0.240883015884997      -0.361050724757242      -6.43813720657259       1.62088231805638        
0.459599239172789       99.5002233689858        0.0804738852605898      4.97798076326083        28.7318115762235        4.97798076326083        -0.361050724757242      -0.312403569541651      -4.00521469164514       8.33622144031026        
0.469605614444236       99.5704810133852        0.102336592287589       4.97172862519274        28.7238986060521        4.97172862519271        -0.312403569541651      -0.0621010842704432     1.62088231805638        8.20353223395298        
0.479619054211662       99.5848025053883        0.106871866128293       4.9704851887075         28.7223718227155        4.97048518870741        -0.0621010842704432     0.184271341925871       8.33622144031026        10.7837329569609        
0.489631363823747       99.5420593728631        0.094309377709939       4.97417477519706        28.726863177279         4.97417477519704        0.184271341925871       0.5080408186188         8.20353223395298        9.77379574905695        
0.499638451853552       99.4209040989576        0.0593494306948172      4.98434118141796        28.7386994194889        4.98434118141789        0.5080408186188         0.801239009746359       10.7837329569609        10.3036030089324        
0.509633971691145       99.227424045089         0.00428500261041754     5.00035690500938        28.7568118014427        5.00035690500943        0.801239009746359       1.10984698059135        9.77379574905695        9.56190695259243        
0.519613237489782       98.9614083237941        -0.0716263160230281     5.02249852736338        28.7817513820842        5.0224985273634         1.10984698059135        1.39554998744738        10.3036030089324        10.9369863787791        
0.529559501577997       98.6309982958555        -0.166452416684385      5.05025866657075        28.8129616068929        5.05025866657077        1.39554998744738        1.72130518088159        9.56190695259243        -3.40262057352388       
0.539471505327223       98.2291971524502        -0.282489473072695      5.08437831883989        28.8511813819055        5.08437831883984        1.72130518088159        1.62032687664965        10.9369863787791        -10.1536241671233       
0.549345165157279       97.8566456416974        -0.390618084687025      5.11637571388733        28.8868876021532        5.11637571388731        1.62032687664965        1.32008352626032        -3.40262057352388       -8.90286800683992       
0.559180829467503       97.5572386260951        -0.477931944557933      5.14235130838263        28.9157855876652        5.1423513083826         1.32008352626032        1.05766785455926        -10.1536241671233       -10.6513255193322       
0.568990312122138       97.3196644876047        -0.547273027617167      5.16310354120877        28.9387716954608        5.16310354120882        1.05766785455926        0.744486939091134       -8.90286800683992       -10.0131992058181       
0.578777175447254       97.1534699247063        -0.59568063404183       5.17768091239959        28.9548403208208        5.17768091239952        0.744486939091134       0.450569038178957       -10.6513255193322       -8.70203013254483       
0.588554817529508       97.0527330871497        -0.624661624414201      5.18649173290418        28.9644379027184        5.18649173290414        0.450569038178957       0.19541959433725        -10.0131992058181       -4.05264878873037       
0.5983224168624         97.0084342112979        -0.636866447756395      5.1903099245072         28.9684839911642        5.19030992450718        0.19541959433725        0.0766699988337074      -8.70203013254483       -1.68371892419505       
0.60808643139074        96.990437924243         -0.641278839137604      5.19180722081926        28.9699745703923        5.19180722081922        0.0766699988337074      0.0273551226851408      -4.05264878873037       -0.70269095317037       
0.617849009204657       96.9832176329469        -0.642487817308279      5.19234128718878        28.9703861750801        5.19234128718886        0.0273551226851408      0.00677743517378657     -1.68371892419505       -0.308417303804156      
0.627606739023393       96.9802820031711        -0.642332940586978      5.19247358831967        28.9703167883168        5.19247358831959        0.00677743517378657     -0.0022544858079437     -0.70269095317037       -0.152655574084888      
0.637370352974776       96.9794264691407        -0.641567878236139      5.19242957041404        28.9700662098012        5.192429570414          -0.0022544858079437     -0.00672518007514708    -0.308417303804156      -0.0674876236722054     
0.647134570398187       96.9795757748389        -0.64050754586655       5.19229825804773        28.9697221929467        5.19229825804766        -0.00672518007514708    -0.00870166426639175    -0.152655574084888      -0.0702093846838419     
0.656893480793624       96.9802164157621        -0.6392275545019        5.19212837805464        28.9693439622577        5.19212837805468        -0.00870166426639175    -0.0107577961665635     -0.0674876236722054     -0.0539102143110515     
0.666656845338397       96.9814272275447        -0.637795707985003      5.19191834123687        28.9689388478424        5.19191834123684        -0.0107577961665635     -0.0123367042782341     -0.0702093846838419     -0.0974962076948975     
0.676419504331225       96.9835740898885        -0.636149462160461      5.19167744736814        28.9685874229204        5.19167744736814        -0.0123367042782341     -0.0151924257393531     -0.0539102143110515     -0.0627674253719289     
0.686184018386655       96.9872960081649        -0.634333668684832      5.19138077608369        28.9683155654911        5.19138077608366        -0.0151924257393531     -0.0170308491678475     -0.0974962076948975     -0.097759908983003      
0.695947488052515       96.9937739536047        -0.63226454111789       5.19104823403118        28.9683551193908        5.19104823403127        -0.0170308491678475     -0.0198943297742598     -0.0627674253719289     -0.0804133482168308     
0.705707763574637       97.00175520369          -0.629987615630519      5.19065975828643        28.9684629444662        5.19065975828647        -0.0198943297742598     -0.0222499587340011     -0.097759908983003      -0.103089709169         
0.715477659151151       97.0068300965829        -0.627443620118275      5.19022516916445        28.9680079613167        5.19022516916444        -0.0222499587340011     -0.0252703568145228     -0.0804133482168308     -0.0818682175086738     
0.725241855671637       97.0094479351838        -0.624678217545919      5.18973154687046        28.9670212567588        5.18973154687039        -0.0252703568145228     -0.0276694515450405     -0.103089709169         -0.104301443814398      
0.735010866156353       97.013473943536         -0.621655408621786      5.18919096044263        28.9661135935577        5.18919096044258        -0.0276694515450405     -0.0307259028970179     -0.0818682175086738     -0.0896401242420736     
0.744783252435168       97.0200644078109        -0.618427254742861      5.18859065575211        28.9654219028723        5.18859065575218        -0.0307259028970179     -0.0333521730887243     -0.104301443814398      -0.099714764509961      
0.754544297716762       97.0226729810466        -0.614960056168837      5.18793938010362        28.9639933342903        5.18793938010369        -0.0333521730887243     -0.0362724263528366     -0.0896401242420736     -0.0889497169963369     
0.764304286486746       97.0237334744123        -0.611255920930639      5.18723136587786        28.9621751460143        5.18723136587783        -0.0362724263528366     -0.0388768491831238     -0.099714764509961      -0.0925981872233614     
0.774061965899875       97.0294188048198        -0.607312085817928      5.18647252075774        28.9609050945205        5.18647252075777        -0.0388768491831238     -0.0415884565469723     -0.0889497169963369     -0.0860893308920934     
0.783825024759201       97.0391038418045        -0.603149469634411      5.18566051628863        28.9600831412388        5.18566051628859        -0.0415884565469723     -0.0441103752550219     -0.0925981872233614     -0.0732374490661328     
0.793590739756545       97.0504361180823        -0.598766414062615      5.18479887135569        28.959367846738         5.18479887135569        -0.0441103752550219     -0.0462568583217389     -0.0860893308920934     -0.0828079735588268     
0.803363927289976       97.060547116199         -0.594143999582659      5.18389482000786        28.9583513406983        5.18389482000786        -0.0462568583217389     -0.0486849450243746     -0.0732374490661328     -0.0602135738544754     
0.813140153234662       97.0691413907989        -0.589329047874603      5.18294291036148        28.9569743523708        5.18294291036144        -0.0486849450243746     -0.050451046879269      -0.0828079735588268     -0.0678415018036522     
0.822919401203337       97.0774146690853        -0.584278843440593      5.18195629372846        28.9554519887405        5.18195629372849        -0.050451046879269      -0.05244109508873       -0.0602135738544754     -0.0483856636738201     
0.832696519173296       97.0866477842829        -0.579024085842866      5.18093075301328        28.9539634365936        5.18093075301321        -0.05244109508873       -0.0538604887787288     -0.0678415018036522     -0.0590773329429562     
0.842475136701327       97.0968239906132        -0.573554066824281      5.17987741301496        28.9525371791048        5.17987741301501        -0.0538604887787288     -0.0555936715881021     -0.0483856636738201     -0.0160705486568375     
0.852254427910237       97.1079088477802        -0.567919712879738      5.17879001978073        28.9511505005317        5.17879001978075        -0.0555936715881021     -0.0560651820922551     -0.0590773329429562     -0.0599918057141985     
0.862036545080799       97.1192155793324        -0.562043864426979      5.17769332407945        28.9497701241576        5.17769332407939        -0.0560651820922551     -0.0578253653442853     -0.0160705486568375     -0.0310973913101368     
0.871815186281154       97.1310389524306        -0.556028929300209      5.17656227783583        28.9483699094369        5.17656227783578        -0.0578253653442853     -0.0587377721740228     -0.0599918057141985     -0.0287484124505337     
0.881595167517377       97.1430020980821        -0.549833698657181      5.17541337158868        28.9469397350475        5.17541337158866        -0.0587377721740228     -0.0595812999667294     -0.0310973913101368     -0.010212128793643      
0.891376408012821       97.1552143515445        -0.543482488072328      5.17424781800026        28.9454992432856        5.17424781800019        -0.0595812999667294     -0.0598809995842949     -0.0287484124505337     -0.0280725036982994     
0.901158758071518       97.1676212752211        -0.536970804282333      5.17307613799994        28.9440697151438        5.17307613799989        -0.0598809995842949     -0.0607050646179958     -0.010212128793643      -0.00501499262514746    
0.910946432743191       97.1802730881166        -0.530346732310678      5.1718879525052         28.9426295627976        5.17188795250519        -0.0607050646179958     -0.0608523104503965     -0.0280725036982994     -0.0160655020457868     
0.920734906800737       97.1930511118448        -0.523571219085034      5.17069670073612        28.9411986828032        5.17069670073606        -0.0608523104503965     -0.0613240617894492     -0.00501499262514746    -0.00339959196024855    
0.930522512099039       97.2057359286346        -0.51667750672118       5.16949621043479        28.9397271213696        5.16949621043486        -0.0613240617894492     -0.0614239042532887     -0.0160655020457868     -0.000884313861534236   
0.940311168831724       97.2184370800584        -0.509666649729025      5.16829347415709        28.9382507513446        5.16829347415715        -0.0614239042532887     -0.0614498814715155     -0.00339959196024855    0.00307324751200053     
0.950108081030227       97.231300040858         -0.502539256248965      5.16708982873649        28.9367949583209        5.16708982873643        -0.0614498814715155     -0.0613595890901761     -0.000884313861534236   0.00126391564814389     
0.959900465397431       97.2443053792893        -0.495295742577435      5.16588795786371        28.935364352573         5.16588795786375        -0.0613595890901761     -0.0613224524148561     0.00307324751200053     0.0147261540091717      
0.969693455954481       97.2575224112047        -0.48794561285144       5.16468679858594        28.9339662582556        5.16468679858599        -0.0613224524148561     -0.0608897539517846     0.00126391564814389     0.017063992363965       
0.979490277715449       97.2710330599523        -0.48049142466585       5.16349394977267        28.9326341321008        5.16349394977264        -0.0608897539517846     -0.060388311610789      0.0147261540091717      -0.00617769698093098    
0.98928425239023        97.2848975064717        -0.472936644157263      5.16231087718343        28.9313810185219        5.16231087718352        -0.060388311610789      -0.0605698531468678     0.017063992363965       0.0305848479444065      
0.999081652715551       97.2995744409891        -0.465320918720093      5.16112424071382        28.9302377066662        5.16112424071389        -0.0605698531468678     -0.0596711082323072     -0.00617769698093098    0.0273041007330698      
1.00887528936493        97.3160911653868        -0.45759203267046       5.15995530686081        28.9294164318313        5.15995530686079        -0.0596711082323072     -0.0588686452151776     0.0305848479444065      0.0199605167994477      
1.01866983958068        97.3323162814335        -0.44975343629223       5.15880181599003        28.9285939855124        5.15880181598997        -0.0588686452151776     -0.0582817622443722     0.0273041007330698      0.00371726027590355     
1.02847573565411        97.3450704242496        -0.441803353812032      5.15765902138277        28.9272847170502        5.15765902138273        -0.0582817622443722     -0.0581724206795963     0.0199605167994477      0.0550544984762351      
1.03828559277589        97.3567119509722        -0.433801343617675      5.15651800809446        28.9258142606235        5.15651800809442        -0.0581724206795963     -0.0565528453117785     0.00371726027590355     0.0203119447351626      
1.04808865044221        97.3656912245928        -0.425673754992516      5.15540901817375        28.9240373680204        5.15540901817376        -0.0565528453117785     -0.0559553904130169     0.0550544984762351      0.0333305993387398      
1.05789227567738        97.3729477635364        -0.417479038128292      5.15431187224532        28.9220371773589        5.15431187224541        -0.0559553904130169     -0.0549750651663936     0.0203119447351626      0.0293804469444104      
1.06769698937331        97.3832163885957        -0.409193591101173      5.15323387563018        28.9205373858421        5.15323387563017        -0.0549750651663936     -0.0541108195773995     0.0333305993387398      0.0497906693026934      
1.07750159340497        97.3954346329272        -0.400837449672704      5.15217268115779        28.9193734828764        5.15217268115771        -0.0541108195773995     -0.0526458233457102     0.0293804469444104      0.0293839461715872      
1.08731067661006        97.4080765953455        -0.392376180433612      5.15113985175925        28.9183513025179        5.15113985175926        -0.0526458233457102     -0.0517809588444969     0.0497906693026934      0.0492319443951503      
1.09712480409535        97.4199739518609        -0.383851342172915      5.15012357855634        28.9172643032907        5.15012357855643        -0.0517809588444969     -0.0503313855781763     0.0293839461715872      0.0336697701366151      
1.10694024244263        97.4306271104754        -0.375218905010749      5.14913546530593        28.9160710062054        5.149135465306          -0.0503313855781763     -0.0493396951821079     0.0492319443951503      0.0331278163589404      
1.11675953584085        97.4406124706414        -0.366514556521903      5.14816650018392        28.9148317442439        5.14816650018391        -0.0493396951821079     -0.0483637570146596     0.0336697701366151      0.0458909981060719      
1.12658281545171        97.4504811840882        -0.357755303999905      5.14721651926085        28.9136278872281        5.14721651926086        -0.0483637570146596     -0.0470116406392082     0.0331278163589404      0.0433731169385075      
1.13640179021892        97.4605571906674        -0.348925036738752      5.14629309945609        28.9125287992212        5.14629309945611        -0.0470116406392082     -0.0457337293351518     0.0458909981060719      0.0628952651401198      
1.14622529107619        97.4706018039943        -0.340032549284592      5.14539479370319        28.9114950340226        5.14539479370312        -0.0457337293351518     -0.0438807614842137     0.0433731169385075      0.0355942592788843      
1.15604348258385        97.4805217396389        -0.331032246962357      5.14453297869591        28.9105447564857        5.14453297869593        -0.0438807614842137     -0.0428321273036051     0.0628952651401198      0.0382354171104684      
1.16586345521496        97.4903964495532        -0.321956922018091      5.14369175910548        28.9096451266555        5.14369175910549        -0.0428321273036051     -0.0417056066209088     0.0355942592788843      0.069488085767044       
1.17568516016195        97.5001486300595        -0.31283383699503       5.14287250785762        28.9087885685756        5.1428725078576         -0.0417056066209088     -0.039657820682935      0.0382354171104684      0.0401209643007345      
1.18550912119906        97.5097937368171        -0.3036339140768        5.14209328089698        28.9080281581587        5.14209328089694        -0.039657820682935      -0.0384751626380215     0.069488085767044       0.0455240243384188      
1.19533701215737        97.5191888400696        -0.294387273113769      5.14133707175246        28.907294949853         5.14133707175242        -0.0384751626380215     -0.0371331043920726     0.0401209643007345      0.059639630089208       
1.20516622036427        97.5284323640099        -0.285089737114935      5.14060724680701        28.9066130317429        5.14060724680706        -0.0371331043920726     -0.0353749163815904     0.0455240243384188      0.0483364352942932      
1.21498850069654        97.5375414969506        -0.27573640165966       5.13991207144288        28.9060082266368        5.13991207144281        -0.0353749163815904     -0.0339498826633722     0.059639630089208       0.0372154727525111      
1.22481802553463        97.5461730503455        -0.266315488651893      5.13924475866391        28.9054106404756        5.139244758664          -0.0339498826633722     -0.0328525168646683     0.0483364352942932      0.0392170779415503      
1.23464833529972        97.5546334893329        -0.256825475174969      5.13859884817334        28.9048475542961        5.13859884817332        -0.0328525168646683     -0.0316959530026838     0.0372154727525111      0.0519766539864762      
1.24448001783083        97.5629168589517        -0.247303298351181      5.13797566089999        28.9043218287422        5.13797566090003        -0.0316959530026838     -0.0301630021605177     0.0392170779415503      0.0475178065798457      
1.25430917221371        97.5707913401351        -0.2377770688347        5.13738259387026        28.9038199638317        5.13738259387033        -0.0301630021605177     -0.028761363171403      0.0519766539864762      0.0415634304951929      
1.2641433189154         97.5788316319361        -0.228223531435236      5.13681695239421        28.9034195359231        5.13681695239421        -0.028761363171403      -0.0275351648054815     0.0475178065798457      0.0415479912738328      
1.27397929720831        97.5872950155409        -0.218651820539103      5.13627533002895        28.9031490761987        5.13627533002888        -0.0275351648054815     -0.0263092624891408     0.0415634304951929      0.0480383715091294      
1.28381360601931        97.5966248838829        -0.209053869672474      5.1357578102217         28.9030744759873        5.13575781022167        -0.0263092624891408     -0.0248917324572472     0.0415479912738328      0.0454270464536689      
1.29365027308576        97.6069157537612        -0.199421851517827      5.13526811160949        28.9032201765029        5.13526811160956        -0.0248917324572472     -0.0235512209536071     0.0480383715091294      0.0430802025435924      
1.30348891613824        97.6174570198661        -0.189759242561445      5.13480477389692        28.9034768474107        5.13480477389683        -0.0235512209536071     -0.0222800834607831     0.0454270464536689      0.0503717560764387      
1.31332219796986        97.6299027867495        -0.180083678387225      5.13436655478787        28.904085859254         5.1343665547878         -0.0222800834607831     -0.0207937661578899     0.0430802025435924      0.0497287743138233      
1.32315428635857        97.6447062623497        -0.170387580355952      5.13395752070116        28.9051256721089        5.13395752070114        -0.0207937661578899     -0.0193259281475292     0.0503717560764387      0.0480266228336331      
1.33299881934027        97.655570412837         -0.160666196602025      5.13357710546368        28.9056626658842        5.13357710546362        -0.0193259281475292     -0.0179078133684525     0.0497287743138233      0.043664350424629       
1.3428460445682         97.6619311234191        -0.150929043175478      5.13322451190201        28.905611298455         5.13322451190194        -0.0179078133684525     -0.0166186071064188     0.0480266228336331      0.0428756931595199      
1.35268580094977        97.6644531503425        -0.141188501955344      5.13289746611379        28.9050636885876        5.13289746611382        -0.0166186071064188     -0.0153531965200502     0.043664350424629       0.0452098204371515      
1.36251805207482        97.6641969106285        -0.1314548313383        5.13259546902101        28.9041754350782        5.13259546902096        -0.0153531965200502     -0.0140191988121314     0.0428756931595199      0.0443213013382239      
1.37235375661846        97.6665387848858        -0.121722138001611      5.13231970003828        28.903745462028         5.13231970003828        -0.0140191988121314     -0.0127113949266731     0.0452098204371515      0.0407520348187832      
1.38219171447996        97.6694892038751        -0.111976039662253      5.13206962411123        28.9034778399205        5.13206962411131        -0.0127113949266731     -0.0115088403213736     0.0443213013382239      0.0429761634812702      
1.39202682656013        97.6707954552584        -0.10222363202439       5.13184321946834        28.9030335604283        5.13184321946832        -0.0115088403213736     -0.0102405255739277     0.0407520348187832      0.0316616329682307      
1.40186312003212        97.6709879664446        -0.0924501149240955     5.13164173183864        28.9024946396938        5.13164173183871        -0.0102405255739277     -0.00930598603519617    0.0429761634812702      0.0366094706183712      
1.41170645395062        97.6703242456697        -0.082658154176269      5.13145858292336        28.9018806668167        5.13145858292343        -0.00930598603519617    -0.00822540335567704    0.0316616329682307      0.0345863083383291      
1.42154502071417        97.669140947728         -0.0728828810879149     5.13129673441257        28.9012497999065        5.13129673441262        -0.00822540335567704    -0.00720489412696365    0.0366094706183712      0.0377278111634338      
1.43137788435943        97.6659131202341        -0.0631128675546925     5.13115504864219        28.9003732152124        5.13115504864216        -0.00720489412696365    -0.00609233996100673    0.0345863083383291      0.0360759250125608      
1.44120401431148        97.661448586764         -0.0533392690741493     5.13103531435292        28.8993754704592        5.13103531435288        -0.00609233996100673    -0.00502920089887451    0.0377278111634338      0.034904362550945       
1.4510253936947         97.6418956416244        -0.0435835942405649     5.13093654088825        28.8962041990872        5.13093654088829        -0.00502920089887451    -0.00400143126342657    0.0360759250125608      0.0305431136106079      
1.46083648864765        97.5647429363028        -0.0338483440974705     5.13085802659938        28.884564632569         5.13085802659942        -0.00400143126342657    -0.00310313722377663    0.034904362550945       0.0340814174546302      
1.47063602198891        97.394371624073         -0.0241216505004857     5.13079722232408        28.859162941164         5.13079722232411        -0.00310313722377663    -0.00210257916608383    0.0305431136106079      0.0350202797373023      
1.48041476559908        97.1114596280568        -0.0144363018760576     5.1307561115131         28.8171018374104        5.13075611151305        -0.00210257916608383    -0.00107723379089535    0.0340814174546302      0.0368998029947333      
1.49016287051288        96.8146860679376        -0.00479899952210959    5.13073511678767        28.7729766050699        5.13073511678768        -0.00107723379089535    4.02261770934192e-12    0.0350202797373023      0.0368998029947333      
1.49986687512465        96.8146860679376        0.00479899952210959     5.13073511678767        28.7729766050699        5.13073511678776        4.02261770934192e-12    4.02261770934192e-12    0.0368998029947333      0.0368998029947333      
