x                       V                     vel                       p                      cs                  dd1[i]             dd2_left[i]            dd2_right[i]             dd3_left[i]            dd3_right[i]
-1.49992622418027       97.9449471800584        -0.00205963402710077    5.02948851224614        28.6534752596917        5.02948851224614        0.00183691757881582     0.00183691757881582     0.067804116966486       0.067804116966486       
-1.49010710520838       97.9449471800584        0.00205963402710077     5.02948851224614        28.6534752596917        5.02948851224614        0.00183691757881582     0.00183691757881582     0.067804116966486       0.067804116966486       
-1.48024778095611       98.2500253821667        0.00618715007573144     5.02952473000362        28.6981687099569        5.02952473000362        0.00183691757881582     0.00384539693094397     0.067804116966486       0.0629701879853283      
-1.47035236112054       98.5417069068906        0.0103598006293884      5.02960080183355        28.7409535933467        5.02960080183355        0.00384539693094397     0.00571588957653193     0.067804116966486       0.059012699622754       
-1.460437387141         98.7173827711272        0.0145631521838619      5.02971413102617        28.7668853342942        5.02971413102617        0.00571588957653193     0.0074721979450224      0.0629701879853283      0.0564217633651932      
-1.45050866746581       98.7963077415266        0.0187775679290833      5.02986250149501        28.7788071213079        5.02986250149501        0.0074721979450224      0.00915346952034603     0.059012699622754       0.0633331077990286      
-1.44056840992416       98.8153503701323        0.0229952620251309      5.03004443983198        28.7821010264867        5.03004443983199        0.00915346952034603     0.0110422147964369      0.0564217633651932      0.0640097938502301      
-1.43062477576838       98.8186020495061        0.0272096158103825      5.03026404642179        28.7832028854589        5.03026404642178        0.0110422147964369      0.0129523080473994      0.0633331077990286      0.0552482756263094      
-1.42067647877321       98.8205457619099        0.0314424516398327      5.0305217804455         28.7842233353273        5.0305217804455         0.0129523080473994      0.0146019782795695      0.0640097938502301      0.0581984890539639      
-1.41071931748556       98.8203151675773        0.0357070668559282      5.03081255330535        28.7850216277679        5.03081255330535        0.0146019782795695      0.0163405174467174      0.0552482756263094      0.0659928689377225      
-1.40075543488145       98.8191708568904        0.0400015160052378      5.03113805401711        28.7857861615914        5.03113805401712        0.0163405174467174      0.0183119195544708      0.0581984890539639      0.0578885227111968      
-1.39080065460832       98.8169466518753        0.0443065821889754      5.0315026889181         28.7865053103472        5.0315026889181         0.0183119195544708      0.0200408079625742      0.0659928689377225      0.0551746916933655      
-1.38084922850902       98.8135814729695        0.0486265736517396      5.03190163110483        28.787156331402         5.03190163110483        0.0200408079625742      0.0216883327532278      0.0578885227111968      0.0650958057863036      
-1.37089387664602       98.8084377493           0.0529705925570424      5.03233338184694        28.7876420156853        5.03233338184693        0.0216883327532278      0.0236319638948409      0.0551746916933655      0.0636801001476518      
-1.36094190485145       98.8037143386335        0.0573207609333393      5.03280376710369        28.7882992935009        5.03280376710369        0.0236319638948409      0.0255334330832596      0.0650958057863036      0.0573269123432733      
-1.3509919606781        98.8014620538481        0.0616771512227512      5.03331203679859        28.7894248005795        5.03331203679859        0.0255334330832596      0.0272456573976394      0.0636801001476518      0.0598514053305377      
-1.34103172870939       98.7962405959291        0.0660517193453292      5.03385468214331        28.7902158814985        5.03385468214331        0.0272456573976394      0.029033955322722       0.0573269123432733      0.0642955796340323      
-1.3310686076231        98.7871835554548        0.0704450902126902      5.03443315103771        28.7905502954595        5.03443315103771        0.029033955322722       0.0309549655745625      0.0598514053305377      0.0594009207822343      
-1.32110733191603       98.7733556610187        0.0748448570144495      5.03504965384955        28.7902978516077        5.03504965384954        0.0309549655745625      0.032728935881916       0.0642955796340323      0.0513962977527464      
-1.3111607642324        98.7554406256984        0.0792572389914399      5.03570103032402        28.7895488591761        5.03570103032402        0.032728935881916       0.0342632879865946      0.0594009207822343      0.0511864128647838      
-1.30121085799961       98.739940877713         0.0836838598771625      5.03638285045956        28.7892382929196        5.03638285045956        0.0342632879865946      0.0357913053877664      0.0513962977527464      0.0595079298885416      
-1.29125836445029       98.7263326206376        0.0881289996214022      5.03709523254352        28.7892902358359        5.03709523254353        0.0357913053877664      0.0375678487929405      0.0511864128647838      0.0472574080274704      
-1.28130570808515       98.7127982298282        0.0925901487310502      5.03784293393006        28.7894533076091        5.03784293393005        0.0375678487929405      0.0389786288007623      0.0595079298885416      0.0418500226723303      
-1.2713581270166        98.7002353131935        0.0970690695536525      5.03861862900985        28.7898374528442        5.03861862900985        0.0389786288007623      0.0402279122492412      0.0472574080274704      0.0408460666587007      
-1.26140490050185       98.6885582761694        0.101558295409416       5.03941921762345        28.7904213566619        5.03941921762345        0.0402279122492412      0.0414471815657727      0.0418500226723303      0.0460008312320935      
-1.2514562916667        98.6774563918664        0.106076775106082       5.04024401423671        28.791157754862         5.04024401423672        0.0414471815657727      0.04282007042835        0.0408460666587007      0.0386493784764598      
-1.24150684683091       98.666337361876         0.110624211899132       5.04109587470855        28.7919683895687        5.04109587470855        0.04282007042835        0.0439732821905415      0.0460008312320935      0.0302525942056514      
-1.2315664391848        98.6550587962621        0.115175982681605       5.0419704485891         28.7928200267177        5.04197044858911        0.0439732821905415      0.044875806533769       0.0386493784764598      0.0316639252310389      
-1.22161918728772       98.6435602080033        0.119740782834329       5.04286294001151        28.7936901086486        5.0428629400115         0.044875806533769       0.0458202294477894      0.0302525942056514      0.0355068736175201      
-1.21167803713374       98.6317352287716        0.124314212261771       5.04377396685654        28.7945648358843        5.04377396685653        0.0458202294477894      0.0468790857597366      0.0316639252310389      0.0365171165323572      
-1.20174232163878       98.6196122562788        0.128892831932329       5.04470578072256        28.7954547351333        5.04470578072255        0.0468790857597366      0.0479678641274378      0.0355068736175201      0.0410996138288818      
-1.19180097623262       98.6074821668817        0.133485297434749       5.04565924417466        28.7964046928349        5.04565924417466        0.0479678641274378      0.0491931901544993      0.0365171165323572      0.0451364825035936      
-1.18186512333064       98.5953338759962        0.138096619211638       5.04663696055097        28.7974204885457        5.04663696055096        0.0491931901544993      0.0505387083899803      0.0410996138288818      0.0397570578639216      
-1.17192810453194       98.5827169603848        0.142716033705202       5.04764123513881        28.7984428746086        5.04764123513881        0.0505387083899803      0.0517236694934466      0.0451364825035936      0.0373901005159806      
-1.1619952069848        98.5701201755537        0.147342980996271       5.04866891277815        28.7995341819714        5.04866891277816        0.0517236694934466      0.0528379138393355      0.0397570578639216      0.0332823755438809      
-1.15206079227767       98.557463567788         0.151967554106967       5.04971856749185        28.8006786304062        5.04971856749186        0.0528379138393355      0.0538295447466719      0.0373901005159806      0.0364475925711731      
-1.14213140052416       98.5447251555399        0.156588635858893       5.0507876663321         28.8018657496839        5.05078766633211        0.0538295447466719      0.054915458483726       0.0332823755438809      0.0416750662144163      
-1.13220296091725       98.5321038093137        0.161225891775128       5.05187839368957        28.8031307997079        5.05187839368956        0.054915458483726       0.0561571438961499      0.0364475925711731      0.0297645639128122      
-1.12226535858648       98.5194212190558        0.165890508512293       5.05299398500299        28.8044569128305        5.05299398500299        0.0561571438961499      0.057043967130749       0.0416750662144163      0.0186788859692315      
-1.11233794689191       98.5071448077096        0.17055106946165        5.05412696818516        28.805891096891         5.05412696818515        0.057043967130749       0.0576003931559913      0.0297645639128122      0.0230567360593587      
-1.10240721732847       98.4948576073779        0.175227260380372       5.05527071211907        28.8073534870559        5.05527071211909        0.0576003931559913      0.0582870424468041      0.0186788859692315      0.0187284797165956      
-1.09248302817674       98.481914612296         0.179911997191936       5.05642781386036        28.8087571237125        5.05642781386038        0.0582870424468041      0.0588446130728393      0.0230567360593587      0.0133260685300491      
-1.08255856925719       98.4677737464658        0.1846318166056         5.0575955152186         28.8100147776685        5.05759551521859        0.0588446130728393      0.0592411869116813      0.0187284797165956      0.0187130453099986      
-1.07264405499492       98.4530703249868        0.189374889449807       5.0587705599259         28.8112100201281        5.0587705599259         0.0592411869116813      0.0597979070028797      0.0133260685300491      0.0209554653403299      
-1.06272768541665       98.4391191565817        0.194140082350509       5.05995640546953        28.8125450549214        5.05995640546955        0.0597979070028797      0.0604211943417464      0.0187130453099986      0.0269935728358682      
-1.05281316460008       98.4271377976905        0.198924584832171       5.06115443596697        28.8142020852077        5.06115443596697        0.0604211943417464      0.0612239994705766      0.0209554653403299      0.0240593602672055      
-1.04290260705829       98.4182656989589        0.20370386945114        5.06236821140774        28.8163581927664        5.06236821140772        0.0612239994705766      0.0619395620954683      0.0269935728358682      0.0123689888223367      
-1.03298792768173       98.4075824474297        0.208481554486971       5.06359641154803        28.8182893706387        5.06359641154801        0.0619395620954683      0.0623074617442829      0.0240593602672055      0.00914116303536325     
-1.02306982578177       98.3944291574215        0.213280559353819       5.06483203668817        28.819879048675         5.06483203668819        0.0623074617442829      0.0625793359793129      0.0123689888223367      0.0183748195252627      
-1.01315852065551       98.3801809102635        0.218110863193949       5.06607269485028        28.8213216278018        5.06607269485026        0.0625793359793129      0.0631255984400822      0.00914116303536325     0.0173672293011646      
-1.0032485032931        98.3624459985589        0.222963780349538       5.06732347541706        28.8222810717664        5.06732347541708        0.0631255984400822      0.0636416607031325      0.0183748195252627      0.0313616529524738      
-0.993351527604104      98.3443921634306        0.227816050747945       5.06858383826487        28.8232197109537        5.06858383826485        0.0636416607031325      0.0645733886517689      0.0173672293011646      0.0291709301839273      
-0.983447389521081      98.3281961353147        0.23264732660772        5.06986275621169        28.824482055824         5.06986275621171        0.0645733886517689      0.0654400622042839      0.0313616529524738      0.0340716179224863      
-0.973541341007327      98.3127250884326        0.237460714821531       5.07115909910424        28.8258989564922        5.07115909910422        0.0654400622042839      0.0664524374070713      0.0291709301839273      0.0259958375856274      
-0.963638332222126      98.2973866280921        0.242263741224613       5.07247539296437        28.8273907613258        5.07247539296438        0.0664524374070713      0.0672247758880224      0.0340716179224863      0.0184186009591777      
-0.95373427852157       98.2823665596109        0.24708342256968        5.07380681688751        28.8289710022745        5.07380681688752        0.0672247758880224      0.0677718969769811      0.0259958375856274      0.00738954112637651     
-0.943834286881774      98.2674273453281        0.251932951061754       5.07514878728441        28.8305918172925        5.0751487872844         0.0677718969769811      0.0679913625375512      0.0184186009591777      0.0202355051556387      
-0.933935761244086      98.2525651926401        0.256834061664858       5.0764948436745         28.8322342924902        5.0764948436745         0.0679913625375512      0.0685922054455337      0.00738954112637651     0.0286624352737818      
-0.924037880925867      98.2376914858484        0.261752816344954       5.07785250633254        28.8339067744828        5.07785250633253        0.0685922054455337      0.0694430986220491      0.0202355051556387      0.043328461061778       
-0.914145667561786      98.2225291862839        0.266657263565805       5.07922668102641        28.835582501511         5.07922668102642        0.0694430986220491      0.0707291010062036      0.0286624352737818      0.0317625908873826      
-0.904250976428126      98.2070029766734        0.271532972224287       5.08062607527505        28.8372750705836        5.08062607527503        0.0707291010062036      0.0716716384311774      0.043328461061778       0.0142217703647231      
-0.894362035216738      98.191345968483         0.276410602149559       5.08204381181582        28.8389991202017        5.08204381181581        0.0716716384311774      0.0720935852909377      0.0317625908873826      -0.0100975435743404     
-0.884472612652844      98.1757135283602        0.281327857722294       5.08346962575888        28.8407483059595        5.0834696257589         0.0720935852909377      0.071794062684631       0.0142217703647231      -0.0183152706895468     
-0.874585868936857      98.1600599325937        0.286304014246554       5.0848892626036         28.8424754707293        5.08488926260359        0.071794062684631       0.0712508236758624      -0.0100975435743404     -0.00252902996031105    
-0.864701306854665      98.1447024007168        0.291348251144196       5.08629805939914        28.8442140171726        5.08629805939912        0.0712508236758624      0.0711758179536992      -0.0183152706895468     0.0263288375878262      
-0.854812458678334      98.1293099589469        0.296447658840803       5.08770536538604        28.8459418514911        5.08770536538605        0.0711758179536992      0.071956614496661       -0.00252902996031105    0.0504584126723163      
-0.844930219350082      98.1137526535518        0.301544763147204       5.08912786558338        28.8476871581919        5.08912786558339        0.071956614496661       0.0734528044845643      0.0263288375878262      0.0529095033843546      
-0.835045827314882      98.0981716576197        0.306611163218283       5.09057976305941        28.8495108980322        5.09057976305939        0.0734528044845643      0.0750214191037268      0.0504584126723163      0.0259701547414084      
-0.825164051763354      98.0826510019169        0.311641131151594       5.09206247202271        28.8514293788991        5.0920624720227         0.0750214191037268      0.0757912927567657      0.0529095033843546      -0.0195670645228747     
-0.815284377828542      98.0676508507444        0.316677842607924       5.0935602193918         28.8534655683552        5.09356021939182        0.0757912927567657      0.0752113151733119      0.0259701547414084      -0.0329180485902264     
-0.805402560958187      98.053336205228         0.321814240030942       5.09504637810511        28.8555683676932        5.0950463781051         0.0752113151733119      0.0742357865020316      -0.0195670645228747     -0.0192352308627513     
-0.795526317357185      98.0385048453788        0.327074817080773       5.09651285592175        28.8575380192599        5.09651285592175        0.0742357865020316      0.0736659634371901      -0.0329180485902264     0.0248351672994943      
-0.785651972414213      98.0217432667315        0.332434791098722       5.09796738272629        28.8591883107087        5.09796738272631        0.0736659634371901      0.0744012989266912      -0.0192352308627513     0.0670170549727867      
-0.775787113419011      98.0030458890649        0.337790996250725       5.09943556916556        28.8605907219881        5.09943556916558        0.0744012989266912      0.0763845421421577      0.0248351672994943      0.0771722672629767      
-0.765924487989505      97.9851951149783        0.343062312707954       5.10094214045071        28.8622247612769        5.10094214045072        0.0763845421421577      0.0786672006227211      0.0670170549727867      0.0384775245096227      
-0.756067577729769      97.970106325102         0.348223953011816       5.10249306418992        28.8643894797084        5.10249306418994        0.0786672006227211      0.079805012872265       0.0771722672629767      -0.0203193929329678     
-0.746214026756305      97.9590029695275        0.353352490639078       5.10406610557949        28.8672024621116        5.10406610557947        0.079805012872265       0.0792041032764711      0.0384775245096227      -0.0709271955188497     
-0.736355919150991      97.9457495721223        0.358571532622236       5.10562785014902        28.8696653605807        5.10562785014902        0.0792041032764711      0.077105822875583       -0.0203193929329678     -0.0569240841134297     
-0.726489734293438      97.9284188039932        0.36397995274641        5.10714897464244        28.8714109943605        5.10714897464244        0.077105822875583       0.0754214141465401      -0.0709271955188497     -0.00401821941449754    
-0.716624709118843      97.9133155089841        0.36953389600095        5.10863691050159        28.8733896416402        5.10863691050159        0.0754214141465401      0.0753025209822187      -0.0569240841134297     0.0817826347776568      
-0.706764355610412      97.8993090852151        0.37512586239452        5.11012209569868        28.8755208469617        5.11012209569872        0.0753025209822187      0.0777216988894413      -0.00401821941449754    0.104669075804815       
-0.69690425842574       97.8814292830507        0.380595508152622       5.11165460378896        28.8772130066872        5.111654603789          0.0777216988894413      0.0808168627013167      0.0817826347776568      0.0864369263299061      
-0.687049021646679      97.859542635229         0.385884016231464       5.11324756256632        28.8784829891692        5.11324756256627        0.0808168627013167      0.0833720826245267      0.104669075804815       0.0031882663783921      
-0.677198146814239      97.8379415267555        0.391020398216278       5.11489032636403        28.8799336525834        5.11489032636406        0.0833720826245267      0.0834663048324344      0.0864369263299061      -0.0650492382481122     
-0.667347126499282      97.8187651043087        0.396181596261727       5.1165345914611         28.8817443884023        5.11653459146105        0.0834663048324344      0.0815442667052113      0.0031882663783921      -0.109992990924738      
-0.657500547751555      97.8009422190257        0.401504856587796       5.11814072707019        28.8836454738962        5.11814072707022        0.0815442667052113      0.0782946751755083      -0.0650492382481122     -0.0966169691903796     
-0.647651751069474      97.7844835658715        0.407078408068299       5.11968272692845        28.8855653534717        5.11968272692842        0.0782946751755083      0.0754407404174056      -0.109992990924738      0.0147753408602862      
-0.637806274913415      97.7687123908676        0.412851522266504       5.1211682276412         28.8874258560566        5.12116822764116        0.0754407404174056      0.0758770889888919      -0.0966169691903796     0.131754854890847       
-0.62796410097011       97.7528642179505        0.418591952762391       5.12266187424676        28.8892964789071        5.12266187424676        0.0758770889888919      0.079767117880649       0.0147753408602862      0.164821297278093       
-0.618123763992871      97.73622740523          0.424072483136922       5.12423176474979        28.8912639920988        5.12423176474976        0.079767117880649       0.0846322062281326      0.131754854890847       0.114450909447804       
-0.608284765939494      97.7185742390858        0.429228511239148       5.12589699626051        28.893348316726         5.12589699626052        0.0846322062281326      0.0880098289654525      0.164821297278093       -0.0364650910308281     
-0.598450904747226      97.7000538800116        0.434155410502801       5.1276283145049         28.8954887656592        5.12762831450491        0.0880098289654525      0.0869337923663646      0.114450909447804       -0.181356118645002      
-0.588613877679914      97.6817743965158        0.439167057092609       5.12933849758833        28.8976033009887        5.12933849758828        0.0869337923663646      0.0815825311045169      -0.0364650910308281     -0.203102082174551      
-0.578777297918785      97.6648428916036        0.444550011733184       5.13094334673006        28.8996186781103        5.13094334673008        0.0815825311045169      0.0755904623508129      -0.181356118645002      -0.127284894818556      
-0.568944524193875      97.6495083771518        0.450341761516687       5.132429904278          28.9015356262414        5.13242990427802        0.0755904623508129      0.0718361483423525      -0.203102082174551      0.04987844253742        
-0.559114770061517      97.6347835961929        0.456374090048453       5.13384225215733        28.903332486825         5.13384225215732        0.0718361483423525      0.073307125168857       -0.127284894818556      0.246321724759909       
-0.549285682186823      97.6198874142723        0.462268770309861       5.13528346805308        28.9051839062279        5.13528346805309        0.073307125168857       0.080571106577398       0.04987844253742        0.310180665602144       
-0.539453671682128      97.6032453460717        0.467635320687821       5.13686752752905        28.9071773555659        5.13686752752903        0.080571106577398       0.0897176662304554      0.246321724759909       0.164055960943824       
-0.529625998135986      97.5850095336925        0.472368222939055       5.13863113430988        28.9094381425789        5.13863113430983        0.0897176662304554      0.0945544428565137      0.310180665602144       -0.124193263557219      
-0.51979876241151       97.5660310689509        0.47677470928361        5.14048937856648        28.9118530023826        5.14048937856646        0.0945544428565137      0.0908937266820501      0.164055960943824       -0.357410352486402      
-0.509975630986245      97.5480363569906        0.481401091090282       5.14227530481282        28.914208110418         5.14227530481281        0.0908937266820501      0.0803607756279247      -0.124193263557219      -0.405153568250998      
-0.500152110690017      97.5325236201754        0.486684928327482       5.14385399277951        28.9163466182913        5.14385399277947        0.0803607756279247      0.0684243782450851      -0.357410352486402      -0.219363972774404      
-0.490332269530773      97.5190342150523        0.492701947021059       5.14519771681369        28.9181232732798        5.14519771681366        0.0684243782450851      0.0619645756460987      -0.405153568250998      0.138487662508289       
-0.480519294015735      97.5043866960369        0.499081877656641       5.14641384554244        28.9193685296898        5.14641384554245        0.0619645756460987      0.0660407234306569      -0.219363972774404      0.487057094181773       
-0.470712699946934      97.4879718434797        0.50512711956244        5.14770935871937        28.9205735599316        5.14770935871934        0.0660407234306569      0.0803708670506795      0.138487662508289       0.499573230676135       
-0.460905096626894      97.4706680134668        0.510160591010519       5.14928560117592        28.9224338342731        5.14928560117591        0.0803708670506795      0.0950647953048644      0.487057094181773       0.211728930263449       
-0.451102673076116      97.4541922371492        0.514144812793649       5.1511494285206         28.9252227490509        5.15114942852055        0.0950647953048644      0.101291591503686       0.499573230676135       -0.260468309757776      
-0.44130339767086       97.4400899625456        0.517634576847139       5.15313517626607        28.9287041755106        5.15313517626607        0.101291591503686       0.0936310993492744      0.211728930263449       -0.661077042329193      
-0.431495831302655      97.4228638024475        0.521541374010812       5.154971245423          28.9312997043104        5.15497124542304        0.0936310993492744      0.0741846441949639      -0.260468309757776      -0.711501707886832      
-0.421691023398947      97.4056185542607        0.526619258368849       5.15642622151488        28.9328212023435        5.15642622151492        0.0741846441949639      0.0532507866223506      -0.661077042329193      -0.292507426089784      
-0.411882403316725      97.3944773744346        0.532963204250435       5.15747078304585        28.9340967109933        5.15747078304587        0.0532507866223506      0.0446435272701519      -0.711501707886832      0.208709180891269       
-0.402072672956757      97.3855110035445        0.539743718249036       5.1583466473822         28.9352214492055        5.1583466473822         0.0446435272701519      0.0507858771821904      -0.292507426089784      0.638642736526786       
-0.392262620488709      97.3737004223039        0.54597863750653        5.15934311760109        28.9362613085256        5.15934311760111        0.0507858771821904      0.0695790530813677      0.208709180891269       0.768803640519143       
-0.3824504351996        97.3579053191158        0.55083142120785        5.1607080395832         28.9377413509688        5.16070803958316        0.0695790530813677      0.0921938755684489      0.638642736526786       0.442066071291168       
-0.37265115437682       97.3376975278406        0.554025909751412       5.16251545293035        28.9398044119208        5.16251545293036        0.0921938755684489      0.105191264690835       0.768803640519143       -0.255191787153834      
-0.362852933556117      97.3150623067598        0.556187588160862       5.16457675251804        28.9422156621125        5.16457675251806        0.105191264690835       0.0976910788673382      0.442066071291168       -0.955132429459942      
-0.353057196658071      97.2947056846799        0.558640266100821       5.16649068076145        28.9445501550616        5.16649068076146        0.0976910788673382      0.0696253222169968      -0.255191787153834      -1.33830005031835       
-0.343263615471343      97.280976859808         0.562719954949694       5.1678544440146         28.946327590417         5.16785444401457        0.0696253222169968      0.0303075136430709      -0.955132429459942      -0.909904671078198      
-0.333472168120362      97.2761748828556        0.569152092589115       5.16844799423586        28.9472753743835        5.16844799423585        0.0303075136430709      0.00357583259586435     -1.33830005031835       0.00177341478538657     
-0.323680124395811      97.2777904329355        0.577092418950539       5.16851803062545        28.9477118794109        5.16851803062545        0.00357583259586435     0.00362793368251079     -0.909904671078198      0.923846626013064       
-0.313883585155966      97.2798764574606        0.58475953253281        5.16858909174995        28.9482212552232        5.16858909174996        0.00362793368251079     0.0307685169722968      0.00177341478538657     1.47595566317635        
-0.304094273244442      97.2769146380631        0.590338868782596       5.16919164732679        28.9494678887424        5.16919164732678        0.0307685169722968      0.0741245880610434      0.923846626013064       0.917848634561219       
-0.294302415201575      97.2661743955507        0.592755205011311       5.170643154173          28.9519336939392        5.170643154173          0.0741245880610434      0.101081926649878       1.47595566317635        -0.280600835009082      
-0.28451146578768       97.2523227798724        0.593072125796361       5.17262229284331        28.9554120687297        5.17262229284332        0.101081926649878       0.0928414770675127      0.917848634561219       -1.43682385780299       
-0.2747261219978        97.2447529148368        0.593582987002908       5.17443973495852        28.9593713530628        5.17443973495855        0.0928414770675127      0.0506448471171208      -0.280600835009082      -2.16908207752717       
-0.264936246701105      97.2537349594946        0.596496685318056       5.17543135317854        28.9634835935149        5.17543135317854        0.0506448471171208      -0.0130716352555361     -1.43682385780299       -1.82176094117005       
-0.255141652530562      97.2877446759914        0.603204536232437       5.17517531578483        28.9678308581424        5.17517531578481        -0.0130716352555361     -0.066608673875924      -2.16908207752717       -0.422093402088955      
-0.245346215239439      97.3495086755527        0.613029800448461       5.17387009972659        28.973370306758         5.17387009972661        -0.066608673875924      -0.0790200417203429     -1.82176094117005       0.924404052079917       
-0.235541110685738      97.4370355929979        0.62327277661437        5.17232057198851        28.9820514477276        5.17232057198853        -0.0790200417203429     -0.0518152524264055     -0.422093402088955      1.92330185548694        
-0.225728156224293      97.5509169598003        0.631318532867644       5.1713034762732         28.9961318106356        5.1713034762732         -0.0518152524264055     0.00485565152884591     0.924404052079917       2.14407860660771        
-0.215900624477177      97.6968916087824        0.635213962339337       5.1713989208734         29.0180863094709        5.17139892087341        0.00485565152884591     0.0681259153302358      1.92330185548694        0.607541792560009       
-0.20605585417244       97.8876023531747        0.634496592084261       5.17274025605447        29.0501618257374        5.17274025605451        0.0681259153302358      0.086087054161958       2.14407860660771        -1.28120853201278       
-0.19619480809651       98.1515368672918        0.63214399970736        5.17443853633156        29.0940742754225        5.17443853633152        0.086087054161958       0.0481150773323578      0.607541792560009       -2.99460069929037       
-0.186306718968501      98.5236902310544        0.631887314989114       5.17539047946618        29.1518601014205        5.17539047946616        0.0481150773323578      -0.0409679273837314     -1.28120853201278       -3.63586602907396       
-0.176374511537168      99.0398113999571        0.637215513789598       5.17457631128682        29.2258179795574        5.17457631128685        -0.0409679273837314     -0.149687021721247      -2.99460069929037       -1.7034728683693        
-0.166380402442403      99.7281621845574        0.649590920288331       5.17158381407926        29.3187240900625        5.17158381407929        -0.149687021721247      -0.200963689515062      -3.63586602907396       0.688600149205548       
-0.156317439080759      100.599386637114        0.665260379055043       5.16753678826066        29.4349857404344        5.16753678826063        -0.200963689515062      -0.180061081038234      -1.7034728683693        2.85698356371433        
-0.14616128541975       101.656763936886        0.679345367155718       5.16387674374908        29.5787930545539        5.1638767437491         -0.180061081038234      -0.0924198465962499     0.688600149205548       4.55905131426922        
-0.135883190140826      102.887835601427        0.68711110771116        5.16197598322738        29.7518777093932        5.16197598322734        -0.0924198465962499     0.049181333471768       2.85698356371433        2.15650104892107        
-0.125462366717427      104.267674330252        0.684355506179876       5.16300103177531        29.9536895375707        5.16300103177531        0.049181333471768       0.117081335976882       4.55905131426922        -1.98805143134226       
-0.114897653558444      105.800196567042        0.67591042612442        5.16547574847822        30.1802460104642        5.16547574847823        0.117081335976882       0.0535579184738281      2.15650104892107        -4.70205454311587       
-0.10417444131251       107.489441577611        0.671037363484456       5.16662509253913        30.423610514366         5.16662509253916        0.0535579184738281      -0.0990729096753083     -1.98805143134226       -5.98161300725934       
-0.0932659101757145     109.3127815672          0.675635163852503       5.16446366920528        30.6741446222379        5.16446366920532        -0.0990729096753083     -0.296444619157025      -4.70205454311587       -5.2322156005127        
-0.0821732008467335     111.226482177679        0.69051158697174        5.15788837024189        30.9217770858221        5.1578883702419         -0.296444619157025      -0.471959322539656      -5.98161300725934       -3.03242150972632       
-0.0709060893268307     113.160342053092        0.70490942201013        5.14724833723793        31.1572458794112        5.14724833723794        -0.471959322539656      -0.575369271763258      -5.2322156005127        -2.31116631213909       
-0.0594442502874822     115.01925552793         0.695910791579351       5.1340599917403         31.3718493261527        5.13405999174027        -0.575369271763258      -0.655445460690636      -3.03242150972632       -1.33110573176673       
-0.0477919747628666     116.708918249449        0.648927058114948       5.11879922352559        31.5544376201349        5.11879922352561        -0.655445460690636      -0.702226632441429      -2.31116631213909       0.804910054641551       
-0.0359922685706765     118.101746360339        0.554531456587955       5.10223542639605        31.6907692711659        5.10223542639607        -0.702226632441429      -0.673603774516961      -1.33110573176673       1.94986112066528        
-0.0240688811853653     119.073873415182        0.406043273968783       5.08618053331891        31.7708256369261        5.08618053331891        -0.673603774516961      -0.603657317712368      0.804910054641551       9.54339276495557        
-0.0120467068213476     119.597774973481        0.215078885810289       5.07168612597028        31.7952401057642        5.07168612597025        -0.603657317712368      -0.259466493830343      1.94986112066528        14.7590440584057        
7.52888069555678e-06    119.741324844859        -0.00425277672924684    5.06543477494917        31.7947026737587        5.06543477494919        -0.259466493830343      0.273812934069424       9.54339276495557        9.42086000743168        
0.0120630741600106      119.592504521365        -0.222819633320195      5.07203207242451        31.7956238748337        5.07203207242452        0.273812934069424       0.61359246184049        14.7590440584057        1.78297490580766        
0.0240861031919853      119.065302629671        -0.412359898806138      5.08676555050953        31.7715092411845        5.0867655505095         0.61359246184049        0.677550739387163       9.42086000743168        0.650793620224321       
0.0360081605070919      118.092144020979        -0.558688496468612      5.10291319536772        31.691585633885         5.1029131953677         0.677550739387163       0.700691025979325       1.78297490580766        -1.37242699890732       
0.0478057714367226      116.700139264229        -0.650788356726496      5.11943863182408        31.5552214720095        5.1194386318241         0.700691025979325       0.652463711059703       0.650793620224321       -2.46141715080147       
0.059457460734022       115.011616160984        -0.69627485931608       5.13462820467538        31.3725434152617        5.13462820467533        0.652463711059703       0.567191560452492       -1.37242699890732       -3.01037596497957       
0.0709171383971314      113.155261173504        -0.704457827436772      5.14762759340093        31.1576942010375        5.14762759340095        0.567191560452492       0.46454166277188        -2.46141715080147       -5.29149595154518       
0.082183830552536       111.223722561056        -0.689819673312968      5.15809976235359        30.9220271249655        5.15809976235365        0.46454166277188        0.287050496092616       -3.01037596497957       -6.11160253728614       
0.0932767954818072      109.312798418239        -0.675326212910037      5.16446640888255        30.6741551226203        5.1644664088826         0.287050496092616       0.085405084931578       -5.29149595154518       -4.43723870315072       
0.104183243496441       107.493063529539        -0.671645446144735      5.16632943882796        30.4232525814948        5.16632943882797        0.085405084931578       -0.0586126492993391     -6.11160253728614       -1.64205455531947       
0.114905462689352       105.805153277657        -0.676854614442139      5.16507179275865        30.1797728267055        5.16507179275857        -0.0586126492993391     -0.111075001305193      -4.43723870315072       2.19451091519857        
0.12546838702559        104.271041471541        -0.684853781435374      5.16272423591675        29.9533702307827        5.16272423591679        -0.111075001305193      -0.0419791547592727     -1.64205455531947       4.40751865211936        
0.135890079487724       102.889314358425        -0.687105497836499      5.16184925644331        29.7517263033312        5.16184925644335        -0.0419791547592727     0.0949272929629759      2.19451091519857        2.73835354487281        
0.146170149024416       101.657575743429        -0.679177788639701      5.16380188381003        29.5786967576182        5.16380188381001        0.0949272929629759      0.17893973488348        4.40751865211936        0.637883075641603       
0.156327747587715       100.600462698499        -0.665190994975191      5.16743955497543        29.4348662359526        5.16743955497539        0.17893973488348        0.198305725468976       2.73835354487281        -1.68447692444348       
0.166390540105597       99.7298466911191        -0.649735530161278      5.17143362010467        29.3185459537798        5.17143362010471        0.198305725468976       0.147592518951322       0.637883075641603       -3.55406856343574       
0.176389250737044       99.0418414543886        -0.637534111118563      5.17438488141449        29.2255768990405        5.17438488141452        0.147592518951322       0.0413074803098198      -1.68447692444348       -3.08691945290544       
0.18632105458399        98.5256709198202        -0.632208107153521      5.17520584372578        29.1516331132368        5.17520584372571        0.0413074803098198      -0.050525465370251      -3.55406856343574       -1.33851776986036       
0.19620758102155        98.154134887069         -0.63264853964755       5.17420625798823        29.0938062990531        5.1742062579882         -0.050525465370251      -0.0901962267300793     -3.08691945290544       0.869073612400246       
0.206070325713708       97.8910903948576        -0.635299206126627      5.17242680691058        29.0497991994227        5.1724268069105         -0.0901962267300793     -0.0645022383030119     -1.33851776986036       2.30778490912521        
0.215915638478806       97.6995185764101        -0.635801698757337      5.17115674716575        29.0177969724687        5.17115674716573        -0.0645022383030119     0.00359965285565705     0.869073612400246       1.8388796614673         
0.2257425991776         97.551687792166         -0.631369053275345      5.17122750052632        28.9960333676179        5.17122750052628        0.00359965285565705     0.0577817639504269      2.30778490912521        0.705804011183335       
0.235554578278588       97.4364611123392        -0.622952101701379      5.1723616758464         28.982081167725         5.17236167584631        0.0577817639504269      0.0785533150505201      1.8388796614673         -0.498872273141208      
0.245360865890377       97.3490273936447        -0.612759641850263      5.17390211895285        28.9733883391287        5.17390211895293        0.0785533150505201      0.0638841240023583      0.705804011183335       -1.84805140305052       
0.255156632328372       97.2878850065736        -0.603125719879579      5.17515396475663        28.9677919942867        5.17515396475669        0.0638841240023583      0.00957894096518769     -0.498872273141208      -2.03804254052908       
0.264949951214049       97.2546277965527        -0.596656642925722      5.17534155947576        28.9633652823368        5.17534155947577        0.00957894096518769     -0.0502837673667535     -1.84805140305052       -1.47022236472261       
0.274735701345797       97.2455864896375        -0.593738078972407      5.17435709852767        28.9592642273344        5.17435709852768        -0.0502837673667535     -0.0934592704353224     -2.03804254052908       -0.212853431323285      
0.284527095012215       97.2532998020062        -0.593289591514068      5.17252743575791        28.9552920161372        5.17252743575799        -0.0934592704353224     -0.099710315937719      -1.47022236472261       0.970368024832394       
0.294312785077106       97.2668265719907        -0.592910615922415      5.17057518075554        28.9518404534147        5.17057518075552        -0.099710315937719      -0.0712087275774881     -0.212853431323285      1.44856476868612        
0.304108547368515       97.2769118351096        -0.590316169297109      5.16918067211597        28.9494367389413        5.16918067211604        -0.0712087275774881     -0.0286570171168191     0.970368024832394       0.849797522939399       
0.313898122717516       97.2794171136732        -0.584609203352172      5.16861944286441        28.9482379050449        5.16861944286441        -0.0286570171168191     -0.00369160273447508    1.44856476868612        -0.0617156261481634     
0.323691923578407       97.2773456182729        -0.576963408156134      5.16854714132964        28.9477272168145        5.16854714132967        -0.00369160273447508    -0.00550478160492902    0.849797522939399       -0.907917897594063      
0.333485556557526       97.2762346483228        -0.56916562389609       5.16843931428986        28.9472599596369        5.16843931428991        -0.00550478160492902    -0.0321797078469869     -0.0617156261481634     -1.32082338668326       
0.343280263637457       97.2814225166583        -0.562861786036962      5.16780902284585        28.9462666860762        5.16780902284589        -0.0321797078469869     -0.0709865682643513     -0.907917897594063      -0.910425871844013      
0.353070440010293       97.2954686404759        -0.558871863620005      5.16641863452012        28.9444618260132        5.16641863452013        -0.0709865682643513     -0.0977380995490631     -1.32082338668326       -0.19906996533596       
0.362868659292322       97.3158201316848        -0.556417182857201      5.16450383820796        28.9421240463458        5.16450383820804        -0.0977380995490631     -0.103588917257012      -0.910425871844013      0.420437027134884       
0.372664232691884       97.3380947168345        -0.554155350620058      5.16247385148107        28.9397468524014        5.16247385148113        -0.103588917257012      -0.0912274064311469     -0.19906996533596       0.77158947269045        
0.382467992297615       97.3580482989103        -0.550898495511014      5.1606853674845         28.9376990349681        5.16068536748451        -0.0912274064311469     -0.0685330233727515     0.420437027134884       0.637111333469535       
0.392274257194238       97.3736311442763        -0.545985334605189      5.15934124002472        28.9362457497404        5.15934124002474        -0.0685330233727515     -0.0497879532296081     0.77158947269045        0.169452135692296       
0.402083654730332       97.385317753269         -0.539681696255284      5.15836455188079        28.9352429565317        5.15836455188085        -0.0497879532296081     -0.0448017532592146     0.637111333469535       -0.341738931446288      
0.411892509013364       97.3943741027635        -0.532903953540013      5.15748564958598        28.9341230725191        5.15748564958589        -0.0448017532592146     -0.0548574367465914     0.169452135692296       -0.677311667221948      
0.421700577029146       97.4058488534778        -0.526659484761061      5.15640957053697        28.9328086911252        5.15640957053692        -0.0548574367465914     -0.0747855975051771     -0.341738931446288      -0.668427089191797      
0.431507425195759       97.4231478276734        -0.521612132519818      5.154942727534          28.9312618513761        5.15494272753407        -0.0747855975051771     -0.0944488464567005     -0.677311667221948      -0.229199449233854      
0.441313615206635       97.4406100281985        -0.517757174506306      5.15309061065552        28.928656283832         5.15309061065554        -0.0944488464567005     -0.101189767203523      -0.668427089191797      0.255144814380883       
0.451113857620823       97.4545963696669        -0.51426902463702       5.1511068661639         28.9251632233661        5.15110686616389        -0.101189767203523      -0.0936866857304869     -0.229199449233854      0.505967395309524       
0.460915583916919       97.4708416347365        -0.510208335113443      5.14927023871048        28.9224164496391        5.14927023871048        -0.0936866857304869     -0.078805815695269      0.255144814380883       0.451593736065422       
0.470719753701293       97.4877803080132        -0.505081212775773      5.14772487677422        28.9205887409258        5.14772487677431        -0.078805815695269      -0.0655197597549845     0.505967395309524       0.110996622636855       
0.480529177477704       97.5039750872718        -0.498997887607183      5.14643954783575        28.919379703477         5.14643954783574        -0.0655197597549845     -0.0622528813321466     0.451593736065422       -0.231639082410858      
0.490341009089149       97.5187356174176        -0.492637002481254      5.14521780790441        28.9181354603836        5.14521780790432        -0.0622528813321466     -0.0690738793544989     0.110996622636855       -0.418354656623586      
0.500158793865565       97.5323868383436        -0.486663366428118      5.14386147076319        28.9163473606576        5.14386147076315        -0.0690738793544989     -0.0813992591465275     -0.231639082410858      -0.36116177019935       
0.509983463529031       97.5481233636022        -0.481445352990315      5.14226223992103        28.9141842742684        5.142262239921          -0.0813992591465275     -0.0920439426226555     -0.418354656623586      -0.0801671600131676     
0.519809838135921       97.5663849717474        -0.476890735593393      5.14045337182952        28.9118041811425        5.14045337182948        -0.0920439426226555     -0.0944073904046995     -0.36116177019935       0.171115527380603       
0.529636865373924       97.5852721766805        -0.472467282652937      5.13859770266072        28.9093830045025        5.13859770266073        -0.0944073904046995     -0.0893619829308755     -0.0801671600131676     0.296079924270582       
0.539468383391596       97.6034654309198        -0.467684897582787      5.13684096352903        28.9071352036119        5.13684096352899        -0.0893619829308755     -0.0806313803818038     0.171115527380603       0.258189365803049       
0.549295691423611       97.620039147857         -0.462301475322534      5.1352559082852         28.9051288067552        5.13525590828525        -0.0806313803818038     -0.073017870731847      0.296079924270582       0.0653769660723323      
0.559125645848251       97.6349609838455        -0.456384740460907      5.13382047400523        28.9032974381116        5.13382047400528        -0.073017870731847      -0.0710898026395297     0.258189365803049       -0.136953852951868      
0.568955770477668       97.6495073743267        -0.450325800552067      5.13242264095942        28.9015150273744        5.13242264095944        -0.0710898026395297     -0.0751297032472484     0.0653769660723323      -0.234921859365662      
0.578791405210838       97.6648477776234        -0.444519607408115      5.13094497325736        28.8996239816525        5.13094497325732        -0.0751297032472484     -0.0820607807431422     -0.136953852951868      -0.176051874980406      
0.588626455643875       97.6818426051686        -0.439173283270443      5.1293307656916         28.8975916102633        5.12933076569156        -0.0820607807431422     -0.0872558095997413     -0.234921859365662      0.000653955610639026    
0.598462475049664       97.7002302625613        -0.434183611952171      5.12761416737107        28.895474987436         5.1276141673711         -0.0872558095997413     -0.0872365114379633     -0.176051874980406      0.106158020853668       
0.608301724537932       97.7186333612204        -0.429205461841312      5.12589784478314        28.8933594487682        5.12589784478309        -0.0872365114379633     -0.0841034137515085     0.000653955610639026    0.147285565966561       
0.61813592745864        97.7361243519237        -0.424028570170812      5.12424303499387        28.8912805323002        5.12424303499395        -0.0841034137515085     -0.0797555402277678     0.106158020853668       0.118132080949524       
0.627980058586159       97.7527663515946        -0.418550456579736      5.12267318290073        28.8893139050778        5.12267318290064        -0.0797555402277678     -0.0762675973996363     0.147285565966561       0.0390837136934133      
0.637824190108867       97.768661337832         -0.412843893785375      5.12117173158563        28.8874281963127        5.1211717315856         -0.0762675973996363     -0.0751134310488367     0.118132080949524       -0.0948909613865109     
0.647665038734503       97.7843991744465        -0.407069173269334      5.11969301177314        28.8855819026797        5.11969301177305        -0.0751134310488367     -0.0779159785168227     0.0390837136934133      -0.127595275180068      
0.657512190049578       97.8008335245483        -0.401483978020123      5.11815869745882        28.8836801303201        5.1181586974589         -0.0779159785168227     -0.0816854617928191     -0.0948909613865109     -0.0771123115168943     
0.667360855652798       97.81861142978          -0.396168238499942      5.1165496164777         28.8817641080383        5.11654961647763        -0.0816854617928191     -0.0839641909196276     -0.127595275180068      0.0118923908907756      
0.67721337098029        97.837959809744         -0.391029400664416      5.11489528062064        28.8799503374576        5.11489528062058        -0.0839641909196276     -0.0836127121210865     -0.0771123115168943     0.0903147438137311      
0.687065422313609       97.8595714154874        -0.385898764224713      5.11324774722332        28.8784877571663        5.11324774722335        -0.0836127121210865     -0.0809428988724884     0.0118923908907756      0.112074127610139       
0.696917486454867       97.8815445161782        -0.380622870489451      5.11165244943893        28.8772239195814        5.11165244943901        -0.0809428988724884     -0.0776290449659349     0.0903147438137311      0.0714293013165868      
0.706779163292313       97.8993051978012        -0.37514555972614       5.11012188773801        28.8755196861063        5.11012188773807        -0.0776290449659349     -0.0755164024038321     0.112074127610139       0.00587784104197907     
0.716636452695954       97.9134998266254        -0.369561476154437      5.10863271763754        28.8734049692994        5.10863271763754        -0.0755164024038321     -0.075342509062933      0.0714293013165868      -0.0539368789824222     
0.726499843356521       97.9285253445326        -0.364000202463241      5.10714658085502        28.8714199333731        5.10714658085498        -0.075342509062933      -0.0769383226702555     0.00587784104197907     -0.0803064441097636     
0.736365926364211       97.9458108279201        -0.358582321942614      5.10562886873387        28.8696772679853        5.10562886873395        -0.0769383226702555     -0.0793140255173211     -0.0539368789824222     -0.0251520089581492     
0.746223065519336       97.9590555671614        -0.353359847615235      5.10406493656186        28.8672069061956        5.10406493656185        -0.0793140255173211     -0.0800578758449601     -0.0803064441097636     0.0499713234770024      
0.756079163563829       97.9702621826916        -0.348231958636523      5.10248678925207        28.8643946910014        5.10248678925216        -0.0800578758449601     -0.0785801496927923     -0.0251520089581492     0.0848837966687497      
0.7659349890059         97.9852622355245        -0.34307215357141       5.10093759224156        28.8622217793097        5.10093759224152        -0.0785801496927923     -0.0760694465480901     0.0499713234770024      0.0597034619025271      
0.775796969257068       98.0031184548296        -0.337793738177433      5.0994373385595         28.8606064138134        5.09943733855957        -0.0760694465480901     -0.0743027525300372     0.0848837966687497      0.0217421625433646      
0.785661500315668       98.0217027186143        -0.332431467445106      5.09797117838034        28.8591930851407        5.09797117838032        -0.0743027525300372     -0.0736590220030815     0.0597034619025271      -0.02226139284598       
0.795534949620242       98.0384561956538        -0.327067241080366      5.09651683851681        28.857542134404         5.09651683851684        -0.0736590220030815     -0.074318472541039      0.0217421625433646      -0.0307309851816555     
0.80541195799947        98.0533166853123        -0.321812048748052      5.09504874634828        28.855572201708         5.09504874634833        -0.074318472541039      -0.0752291439829286     -0.02226139284598       -0.0193361980685265     
0.815292628159054       98.067597428157         -0.31667979646944       5.0935623367905         28.8534637065637        5.09356233679051        -0.0752291439829286     -0.0758022335167717     -0.0307309851816555     0.0223753985589851      
0.825171133677628       98.0826061056091        -0.311642910368843      5.09206453535573        28.851428621059         5.09206453535567        -0.0758022335167717     -0.0751389952094888     -0.0193361980685265     0.0523998778669851      
0.835052114804148       98.0980673279368        -0.306613521311058      5.09057965208083        28.8494952424952        5.09057965208075        -0.0751389952094888     -0.0735854984127747     0.0223753985589851      0.0543899372673484      
0.844935286409896       98.1138007458485        -0.301548808000553      5.0891250719916         28.8476863105774        5.08912507199152        -0.0735854984127747     -0.0719726907670106     0.0523998778669851      0.0284649348724622      
0.854822384494955       98.1292513022561        -0.296441554348775      5.08770212813129        28.8459240529871        5.08770212813131        -0.0719726907670106     -0.0711285663843001     0.0543899372673484      -0.00116633634111732    
0.864706232839758       98.1447061843726        -0.291334022308566      5.08629593411368        28.8442085469613        5.08629593411372        -0.0711285663843001     -0.0711631544029232     0.0284649348724622      -0.0176334432062163     
0.874590939255026       98.160079896131         -0.286283220811305      5.08488905304215        28.8424778093463        5.08488905304209        -0.0711631544029232     -0.0716861094111309     -0.00116633634111732    -0.014572361222288      
0.884477270820616       98.1757035527854        -0.281321651920762      5.08347162355396        28.8407525078961        5.08347162355395        -0.0716861094111309     -0.072118377002559      -0.0176334432062163     0.00891304060817345     
0.894365344590591       98.1913382311056        -0.276429898836952      5.08204526590963        28.8390021097218        5.08204526590967        -0.072118377002559      -0.0718539101669564     -0.014572361222288      0.0386187716049011      
0.904258876131958       98.2069763529424        -0.271560911198741      5.08062365815783        28.8372643020249        5.0806236581579         -0.0718539101669564     -0.0707077347317854     0.00891304060817345     0.0445028289917548      
0.914153130797928       98.2225410296103        -0.266671901780807      5.07922446323079        28.8355779445661        5.07922446323083        -0.0707077347317854     -0.069386776732984      0.0386187716049011      0.0265791598394754      
0.924047946187212       98.2376331321879        -0.261754929877         5.07785139125208        28.8338950448251        5.07785139125209        -0.069386776732984      -0.068597701151314      0.0445028289917548      0.0197102284759579      
0.93394139934779        98.2525402054441        -0.256846103174703      5.07649362187336        28.8322271565978        5.07649362187328        -0.068597701151314      -0.068012405541886      0.0265791598394754      0.0109675119889694      
0.943846117299906       98.2674099392229        -0.251954996438681      5.07514691607003        28.8305839489721        5.0751469160701         -0.068012405541886      -0.0676866579755748     0.0197102284759579      0.0132526535643351      
0.953744997719738       98.2823437244196        -0.247113266589168      5.07380658144748        28.8289669842979        5.07380658144744        -0.0676866579755748     -0.0672929833443559     0.0109675119889694      0.0194338467084412      
0.963646620024114       98.2974436583896        -0.242290331078775      5.07247394184532        28.8273950004502        5.07247394184536        -0.0672929833443559     -0.0667156760158411     0.0132526535643351      0.0411051096423295      
0.973551584348531       98.3127798755164        -0.237470578356042      5.07115256912954        28.8258884293266        5.07115256912955        -0.0667156760158411     -0.0654944698020095     0.0194338467084412      0.0336874489079586      
0.983452094449755       98.3283395676047        -0.232637252004514      5.06985538174933        28.8244821154777        5.0698553817494         -0.0654944698020095     -0.06449365171952       0.0411051096423295      0.0304629401270435      
0.993358229360462       98.3444624648981        -0.227790492594648      5.06857800800965        28.8232134357914        5.06857800800968        -0.06449365171952       -0.0635886668924122     0.0336874489079586      0.0185746013441679      
1.0032578362592         98.3624826033376        -0.222941689357354      5.06731867208252        28.8222727743749        5.06731867208258        -0.0635886668924122     -0.0630367654469369     0.0304629401270435      0.0133444511211355      
1.01316130429909        98.3802518050358        -0.21810752239737       5.06606992491211        28.8213241332054        5.06606992491206        -0.0630367654469369     -0.0626400895868962     0.0185746013441679      0.0132263323339805      
1.02307440746419        98.3945092567119        -0.213297381711932      5.0648281248773         28.8198796497861        5.06482812487722        -0.0626400895868962     -0.0622467475302485     0.0133444511211355      0.0159225415460143      
1.03299346421925        98.4075950845792        -0.2084992257175        5.06359370782963        28.8182835272136        5.06359370782965        -0.0622467475302485     -0.0617731654511252     0.0132263323339805      0.0134449630755228      
1.04290430529156        98.4182468256623        -0.203705316567707      5.06236894426416        28.816357515572         5.06236894426425        -0.0617731654511252     -0.0613733217835395     0.0159225415460143      0.0273016901008502      
1.05281714595052        98.4272207956763        -0.198917370283681      5.06115225854639        28.8142080356341        5.06115225854646        -0.0613733217835395     -0.060561430573654      0.0134449630755228      0.0289104854754489      
1.06272930746493        98.4392502468161        -0.194134228241307      5.05995157229475        28.8125504789693        5.05995157229482        -0.060561430573654      -0.0597015750705056     0.0273016901008502      0.0131638406386666      
1.07264398952322        98.4532705900339        -0.189363020193366      5.05876772029874        28.8112312365248        5.0587677202987         -0.0597015750705056     -0.0593099509839789     0.0289104854754489      0.0141377761172294      
1.08256145093644        98.4679317980417        -0.184612100584405      5.0575912145943         28.810025650256         5.05759121459425        -0.0593099509839789     -0.0588892048131609     0.0131638406386666      0.0190661452874566      
1.09248497627486        98.4819882620889        -0.179883358351159      5.0564225966396         28.8087530335956        5.05642259663952        -0.0588892048131609     -0.0583215745429852     0.0141377761172294      0.0219707384057569      
1.10240916293476        98.4949408945915        -0.17519266505183       5.05526484695091        28.8073489555164        5.0552648469509         -0.0583215745429852     -0.0576672348713481     0.0190661452874566      0.0261912591111935      
1.11233954247097        98.5072899627444        -0.170519008060201      5.05411966395495        28.8058915051423        5.05411966395498        -0.0576672348713481     -0.0568870289231977     0.0219707384057569      0.0365177411225635      
1.1222715347355         98.5195529870443        -0.165865476416784      5.05298980177085        28.8044642523388        5.05298980177082        -0.0568870289231977     -0.0557990632744709     0.0261912591111935      0.0341674880174467      
1.13220018681471        98.5321252112199        -0.161222541681263      5.05188154247553        28.8031429041881        5.05188154247547        -0.0557990632744709     -0.0547810928836463     0.0365177411225635      0.0293357711861879      
1.1421341126219         98.5447220766339        -0.156591914771751      5.05079341374301        28.8018816869025        5.05079341374296        -0.0547810928836463     -0.0539070784080432     0.0341674880174467      0.0296495046195946      
1.15206404282133        98.5574195953365        -0.151975983588676      5.04972270148698        28.8006839944977        5.04972270148693        -0.0539070784080432     -0.0530236798732635     0.0293357711861879      0.039552679155374       
1.16199462260405        98.5701738853812        -0.14736884070379       5.04866950343727        28.7995437129258        5.04866950343722        -0.0530236798732635     -0.0518450924273832     0.0296495046195946      0.0436125924352752      
1.17192910647827        98.5827941531511        -0.142749418945795      5.04763946267023        28.7984490933031        5.04763946267023        -0.0518450924273832     -0.0505451870526771     0.039552679155374       0.0455000478183706      
1.18186488272632        98.5953647644357        -0.138126350795799      5.04663496789646        28.7974193141419        5.04663496789637        -0.0505451870526771     -0.0491886830254019     0.0436125924352752      0.045497766484006       
1.19180525278698        98.6075702894784        -0.133507934215376      5.04565718965101        28.7964116973257        5.04565718965106        -0.0491886830254019     -0.0478321092490353     0.0455000478183706      0.0315999532703387      
1.20174496428015        98.6196548061086        -0.128900808721176      5.04470637347698        28.7954626388278        5.04470637347695        -0.0478321092490353     -0.0468898796748943     0.045497766484006       0.0268847764983471      
1.21168156872606        98.6318338598249        -0.124301123628232      5.04377432482162        28.7945802548632        5.04377432482167        -0.0468898796748943     -0.0460881379897735     0.0315999532703387      0.0336706664900446      
1.22162343814798        98.6436495881407        -0.119722158625953      5.04285794319991        28.793688888128         5.0428579432            -0.0460881379897735     -0.0450837836485829     0.0268847764983471      0.0389769859501206      
1.23156957975628        98.6552377846682        -0.115158596499134      5.0419612480961         28.792819875564         5.04196124809603        -0.0450837836485829     -0.0439209339271084     0.0336706664900446      0.044119731177597       
1.24151447986809        98.6665634340183        -0.11060449589494       5.04108764933041        28.7919778853157        5.04108764933046        -0.0439209339271084     -0.0426045367770095     0.0389769859501206      0.0466953627831081      
1.25145905668459        98.6775222255309        -0.10606724643986       5.04024018523267        28.7911564228876        5.04024018523267        -0.0426045367770095     -0.0412110801549672     0.044119731177597       0.0376440176802452      
1.26140781302987        98.6886461889537        -0.101550512638766      5.03942022088684        28.7904370459058        5.03942022088684        -0.0412110801549672     -0.0400875260641088     0.0466953627831081      0.0387143080178001      
1.2713591161126         98.7002681443475        -0.0970622775302111     5.03862247310525        28.7898532233616        5.03862247310526        -0.0400875260641088     -0.0389318743928745     0.0376440176802452      0.0441035718479527      
1.28130805359061        98.7128500302604        -0.0925874099363232     5.03784770021851        28.78947448018          5.03784770021855        -0.0389318743928745     -0.0376152219029831     0.0387143080178001      0.0539910508045672      
1.29126034408106        98.7263751321515        -0.0881257316753684     5.03709902462348        28.789307270894         5.03709902462344        -0.0376152219029831     -0.0360033776203031     0.0441035718479527      0.0510682724329473      
1.30121388017259        98.7400645814688        -0.0836773266505957     5.03638243853353        28.7892551494991        5.0363824385336         -0.0360033776203031     -0.0344789208448132     0.0539910508045672      0.0559384051407837      
1.3111611210568         98.7556199698852        -0.0792513187228491     5.03569636197615        28.7895616560079        5.03569636197608        -0.0344789208448132     -0.0328089703714802     0.0510682724329473      0.0649953528130335      
1.32110997274549        98.7735632174759        -0.0748290637122307     5.03504336531255        28.7903101218226        5.03504336531252        -0.0328089703714802     -0.0308678257913327     0.0559384051407837      0.065998628356145       
1.33107101179674        98.7873483312461        -0.0704192646273657     5.03442854453449        28.7905611349072        5.03442854453448        -0.0308678257913327     -0.0288958889897869     0.0649953528130335      0.058138967743049       
1.34103578551141        98.7964205170893        -0.0660275968767319     5.03385283711962        28.7902368207584        5.03385283711956        -0.0288958889897869     -0.0271589148398574     0.065998628356145       0.0577828458291399      
1.35099221084057        98.8015387664959        -0.0616564226884257     5.03331201240249        28.789435907327         5.03331201240256        -0.0271589148398574     -0.0254332791097712     0.058138967743049       0.0624546073822348      
1.36094126733403        98.8037993808939        -0.0572974528208097     5.03280579977985        28.7883174964095        5.03280579977983        -0.0254332791097712     -0.0235685040926346     0.0577828458291399      0.0606354234880505      
1.37089383533273        98.8085195624945        -0.0529529700907198     5.03233666058061        28.7876633117972        5.03233666058063        -0.0235685040926346     -0.0217579976075577     0.0624546073822348      0.0586784234662142      
1.38085033234105        98.8136651847386        -0.0486138632814482     5.03190350065629        28.7871738729758        5.03190350065633        -0.0217579976075577     -0.0200058584201474     0.0606354234880505      0.0545728575649438      
1.39080092731928        98.8170217817875        -0.0442885580460505     5.03150527419316        28.7865236489555        5.03150527419311        -0.0200058584201474     -0.018376146741952      0.0586784234662142      0.0590550455606329      
1.40075422520257        98.8192583434616        -0.03998986251841       5.03113941432552        28.7858027954235        5.03113941432557        -0.018376146741952      -0.0166122438883749     0.0545728575649438      0.0658293115910272      
1.41071603162665        98.8204113769718        -0.0357169542871757     5.03080855083481        28.7850241894486        5.03080855083478        -0.0166122438883749     -0.0146459429707725     0.0590550455606329      0.0606111020868976      
1.42067281139617        98.8207088021855        -0.0314569157971015     5.03051691884667        28.7842331714724        5.03051691884674        -0.0146459429707725     -0.0128361928615987     0.0658293115910272      0.0619244276301058      
1.43062171466852        98.8187542747127        -0.0272153082295527     5.03026149016197        28.783217741532         5.030261490162          -0.0128361928615987     -0.0109883469508584     0.0606111020868976      0.0668782527759312      
1.44056532825639        98.8154351492261        -0.0229954187363811     5.03004295944004        28.7821091379225        5.03004295944009        -0.0109883469508584     -0.00899393802864102    0.0619244276301058      0.0565349908339333      
1.45050419269787        98.7963489153777        -0.0187847868842972     5.02986420286927        28.7788179854455        5.02986420286919        -0.00899393802864102    -0.007309311266198      0.0668782527759312      0.0566110280438911      
1.46043330666337        98.7174922767781        -0.0145948442030825     5.02971906399658        28.7669153964077        5.02971906399662        -0.007309311266198      -0.00562443276959327    0.0565349908339333      0.0604988458102842      
1.47034963386737        98.5417195787918        -0.0104118981417997     5.02960754058855        28.7409746951414        5.0296075405886         -0.00562443276959327    -0.00382718582993518    0.0566110280438911      0.0665707058368936      
1.48024463181678        98.2498767726449        -0.00623855706478856    5.02953182198597        28.6981672392221        5.02953182198594        -0.00382718582993518    -0.00185501442277758    0.0604988458102842      0.0627995155730873      
1.49010712299304        97.9448267081811        -0.00208201454265804    5.0294952419336         28.6534768076758        5.02949524193363        -0.00185501442277758    -5.19536545722962e-12   0.0665707058368936      0.0627995155730873      
1.49992624555599        97.9448267081811        0.00208201454265804     5.0294952419336         28.6534768076758        5.02949524193352        -5.19536545722962e-12   -5.19536545722962e-12   0.0627995155730873      0.0627995155730873      
