x                       V                     vel                       p                      cs                  dd1[i]             dd2_left[i]            dd2_right[i]             dd3_left[i]            dd3_right[i]
-1.49996142824953       98.5921561903933        0.00914335736716728     4.97176376493216        28.5825386571921        4.97176376493216        0.0082091617156001      0.0082091617156001      -1.19885276924302       -1.19885276924302       
-1.49007389117708       98.5921561903933        -0.00914335736716728    4.97176376493216        28.5825386571921        4.97176376493216        0.0082091617156001      0.0082091617156001      -1.19885276924302       -1.19885276924302       
-1.48014648402607       98.9029313868245        -0.0197573120729227     4.9719267443798         28.6280203547653        4.9719267443798         0.0082091617156001      -0.0275502682876065     -1.19885276924302       -3.08169727607611       
-1.47018211422981       99.2100911248054        -0.0123059142757943     4.97137792735216        28.6708579452044        4.97137792735216        -0.0275502682876065     -0.119737268016787      -1.19885276924302       -2.05335880103806       
-1.46019712244732       99.4207114615934        0.0165343931282041      4.96898695720277        28.6943728086326        4.96898695720277        -0.119737268016787      -0.181295741376984      -3.08169727607611       1.69282290339831        
-1.45019453405276       99.5469968253689        0.0577437833004097      4.96536018605016        28.7021106853819        4.96536018605016        -0.181295741376984      -0.130466001660108      -2.05335880103806       4.03885022516364        
-1.44017525590417       99.6003124019644        0.0929208253552667      4.96274658362587        28.7022388819211        4.96274658362587        -0.130466001660108      -0.00906559268579828    1.69282290339831        6.36034668631676        
-1.43015075297833       99.6086139001165        0.108108425520596       4.96256484362783        28.7029094188265        4.96256484362783        -0.00906559268579828    0.182229856031595       4.03885022516364        6.05564534913597        
-1.42012458218954       99.5694507647688        0.0956624304353921      4.96621934871961        28.7078308982462        4.96621934871961        0.182229856031595       0.364407951072036       6.36034668631676        10.0402685163074        
-1.41009268522363       99.4843854800987        0.06146159704888        4.97352888868876        28.7166753286518        4.97352888868876        0.364407951072036       0.666327094893552       6.05564534913597        12.7052114172156        
-1.40006530372473       99.3268782525586        0.00559715495773386     4.98688327623574        28.7324308067379        4.98688327623574        0.666327094893552       1.04776482540125        10.0402685163074        13.3369840148345        
-1.39006838416924       99.079126490049         -0.0685356668088652     5.00783072311411        28.756781624983         5.00783072311411        1.04776482540125        1.44706282427856        12.7052114172156        8.22253212246686        
-1.38010458835076       98.7387365020452        -0.160826881076763      5.03666634692981        28.7898729671338        5.03666634692981        1.44706282427856        1.69240711331694        13.3369840148345        -5.30882120018223       
-1.37017509551255       98.3436644109187        -0.263004090908493      5.0702736393356         28.8279172926276        5.07027363933559        1.69240711331694        1.53456444155888        8.22253212246686        -8.34470989500796       
-1.36028250103042       97.9910679429519        -0.351906836619149      5.10063577381248        28.862222906535         5.10063577381248        1.53456444155888        1.28727708221985        -5.30882120018223       -12.2253386407609       
-1.35042617016685       97.7021491201673        -0.42601465989001       5.12602471841361        28.8912798675803        5.12602471841361        1.28727708221985        0.925931210769014       -8.34470989500796       -11.0677636114633       
-1.34058545945603       97.4950567426411        -0.484295162068195      5.14424951046094        28.9119034863005        5.14424951046094        0.925931210769014       0.599362291620885       -12.2253386407609       -11.640754374743        
-1.33075788560175       97.3590166031655        -0.527548108427278      5.15603165103135        28.9247924544328        5.15603165103135        0.599362291620885       0.256332429179448       -11.0677636114633       -5.43564443377651       
-1.32093815565285       97.2954828679384        -0.551696978681427      5.16106444795209        28.9294618447483        5.1610644479521         0.256332429179448       0.0963338732292357      -11.640754374743        -1.29483054438933       
-1.31113745463683       97.2639175223183        -0.564561036651775      5.16295369149           28.9300622772873        5.16295369149           0.0963338732292357      0.0582479195985633      -5.43564443377651       0.263206964040975       
-1.30133575721062       97.2436396512754        -0.570225109086789      5.1640955625172         28.9302450734571        5.1640955625172         0.0582479195985633      0.0659883093689341      -1.29483054438933       0.359461687206901       
-1.29153258061097       97.2239945191442        -0.571186806187432      5.16538938199525        28.9309462042623        5.16538938199525        0.0659883093689341      0.0765598840571179      0.263206964040975       -0.0665238613293103     
-1.28172703445173       97.2024671721286        -0.569606183874507      5.16689049352468        28.931946114368         5.16689049352468        0.0765598840571179      0.0746035408308397      0.359461687206901       -0.825097822532526      
-1.2719272541868        97.1826154494749        -0.56726105311352       5.16835300504657        28.9330855191935        5.16835300504657        0.0746035408308397      0.0503422633366268      -0.0665238613293103     -1.28583407608973       
-1.26212479765301       97.169305022349         -0.566009752111594      5.16933978687463        28.9338658125441        5.16933978687463        0.0503422633366268      0.0125367142686843      -0.825097822532526      -1.17941351669444       
-1.25232657229823       97.1653196428535        -0.56691045825314       5.16958551221849        28.9339601136731        5.16958551221848        0.0125367142686843      -0.0221374764163051     -1.28583407608973       -0.385953017431519      
-1.2425245631638        97.1691913319758        -0.56980582711864       5.16915163586537        28.9333223213131        5.16915163586538        -0.0221374764163051     -0.0334838366131599     -1.17941351669444       0.371698074610912       
-1.232728449672         97.1754663717703        -0.573129573021422      5.1684954137239         28.932419885801         5.1684954137239         -0.0334838366131599     -0.0225568565808977     -0.385953017431519      0.809571776102079       
-1.22292633269267       97.1793672480874        -0.575360603306984      5.16805333540989        28.9317631977814        5.16805333540988        -0.0225568565808977     0.00123960689484848     0.371698074610912       0.667538547919261       
-1.21312987872407       97.1779179040576        -0.575629538748809      5.1680776252274         28.9316154401532        5.16807762522739        0.00123960689484848     0.02086064233101        0.809571776102079       0.225637762654493       
-1.20333535474936       97.1721865607465        -0.574228262196658      5.16848636503861        28.9319063002598        5.1684863650386         0.02086064233101        0.0274922844433606      0.667538547919261       -0.296837981226059      
-1.19353320321728       97.1651753097175        -0.572010539531569      5.16902508097466        28.9323702270551        5.16902508097466        0.0274922844433606      0.0187684641018542      0.225637762654493       -0.752997415528024      
-1.1837416939874        97.160463479688         -0.569944711026634      5.16939277070832        28.932697693975         5.16939277070833        0.0187684641018542      -0.00335961604755452    -0.296837981226059      -0.811067178693427      
-1.17394520993754       97.1604795283308        -0.56888722681832       5.16932695639738        28.9325159040336        5.16932695639738        -0.00335961604755452    -0.027194016757319      -0.752997415528024      -0.491418086025177      
-1.16415002505855       97.1660656366136        -0.568957694196891      5.16879415836878        28.9318565038093        5.16879415836879        -0.027194016757319      -0.0416359720524925     -0.811067178693427      -0.00656544808754236    
-1.15435193363774       97.1749132501236        -0.569537787322341      5.16797840590651        28.9308904481144        5.16797840590652        -0.0416359720524925     -0.0418289167582144     -0.491418086025177      0.309495863096592       
-1.14455831673753       97.1838222898725        -0.569673159090655      5.16715892481187        28.9299226491778        5.16715892481188        -0.0418289167582144     -0.0327317832925795     -0.00656544808754236    0.44135988586367        
-1.13476112621839       97.1911367840674        -0.568750018565632      5.16651746242494        28.9292154919502        5.16651746242494        -0.0327317832925795     -0.0197555729135599     0.309495863096592       0.23216449312208        
-1.12495404693177       97.1957979888848        -0.566533783054058      5.1661301521104         28.9288248018249        5.16613015211041        -0.0197555729135599     -0.0129283001194199     0.44135988586367        -0.0826152136293993     
-1.11515516241265       97.1996426550857        -0.563453580687665      5.16587669388774        28.9286872799915        5.16587669388774        -0.0129283001194199     -0.0153577751384367     0.23216449312208        -0.464495585414037      
-1.1053501810888        97.2041302555881        -0.560115874239441      5.16557561803267        28.9285120374443        5.16557561803267        -0.0153577751384367     -0.0290164225434371     -0.0826152136293993     -0.527308587771025      
-1.09555076373013       97.2112449190996        -0.557275225576184      5.16500679749029        28.927977829996         5.16500679749027        -0.0290164225434371     -0.0445195017806846     -0.464495585414037      -0.396878336088858      
-1.08574777944692       97.2206744477957        -0.555065738253226      5.16413429571293        28.9269372491053        5.16413429571293        -0.0445195017806846     -0.056185109977682      -0.527308587771025      -0.0596354667927446     
-1.075956779858         97.2320363001936        -0.553261242819434      5.16303350520846        28.9255441088998        5.16303350520845        -0.056185109977682      -0.0579379007525626     -0.396878336088858      0.153290980610027       
-1.06615734221842       97.2446758284784        -0.551218452219409      5.16189822601794        28.9242435697321        5.16189822601795        -0.0579379007525626     -0.053432233747738      -0.0596354667927446     0.278749063027756       
-1.05635769949055       97.2583795785179        -0.548548725057581      5.1608510779367         28.9233473479521        5.16085107793671        -0.053432233747738      -0.0452374910560635     0.153290980610027       0.160507388886994       
-1.04656105275784       97.2736176872896        -0.545031716569677      5.15996448017034        28.9231283498196        5.15996448017034        -0.0452374910560635     -0.0405176776868982     0.278749063027756       -0.0657519324343284     
-1.036756511564         97.2861492347761        -0.540910351521192      5.15917003230042        28.9227645546423        5.15917003230043        -0.0405176776868982     -0.0424517290654137     0.160507388886994       -0.235637270281373      
-1.02694736385669       97.2968726532728        -0.536645148657969      5.15833739378159        28.9220243789337        5.15833739378161        -0.0424517290654137     -0.0493840411023533     -0.0657519324343284     -0.327770850787974      
-1.01714265722255       97.3080029483485        -0.532590192007467      5.15736884549954        28.9209630667096        5.15736884549952        -0.0493840411023533     -0.0590251406615388     -0.235637270281373      -0.240794586084994      
-1.00733606527548       97.3180352949164        -0.528939450261053      5.15621152666822        28.9192085916481        5.15621152666823        -0.0590251406615388     -0.0661066370595684     -0.327770850787974      -0.0685022860751373     
-0.997539518758054      97.3293677755783        -0.525553031971664      5.15491562374869        28.9172577825051        5.15491562374869        -0.0661066370595684     -0.0681214391686776     -0.240794586084994      0.096607671639831       
-0.987732764653863      97.3433006771023        -0.522102312505598      5.15357972018256        28.9155800064356        5.15357972018257        -0.0681214391686776     -0.065279120407707      -0.0685022860751373     0.160894813842176       
-0.977921582059122      97.3574896923398        -0.518288809483983      5.15229896976824        28.9140938483024        5.15229896976822        -0.065279120407707      -0.0605436503589716     0.096607671639831       0.113037049795558       
-0.968111495727761      97.3710606033531        -0.514006106255731      5.15111091457513        28.9127749457366        5.15111091457512        -0.0605436503589716     -0.0572160112631544     0.160894813842176       -0.0134464464620168     
-0.958296615052955      97.3843625221061        -0.509354008195629      5.14998788745969        28.9115976560973        5.14998788745971        -0.0572160112631544     -0.0576119305503162     0.113037049795558       -0.116703878779449      
-0.948480768720256      97.397771916471         -0.504596205371486      5.14885686882201        28.9104129723784        5.14885686882202        -0.0576119305503162     -0.0610487569818046     -0.0134464464620168     -0.212625038733609      
-0.938663994108442      97.4120498280714        -0.499947399323558      5.14765825244489        28.9091664293826        5.14765825244491        -0.0610487569818046     -0.0673108087920076     -0.116703878779449      -0.118159750131778      
-0.928845878371498      97.4278997950511        -0.495597000905502      5.14633661554724        28.9078065607181        5.14633661554723        -0.0673108087920076     -0.0707910385949389     -0.212625038733609      -0.0257726945147957     
-0.919029206335718      97.4444213928825        -0.491373696753283      5.14494655188103        28.9063528151787        5.14494655188105        -0.0707910385949389     -0.071550193024326      -0.118159750131778      0.0834146474357264      
-0.909208360107579      97.4611068344778        -0.487116094729067      5.14354142264735        28.9048796370727        5.14354142264734        -0.071550193024326      -0.0690929178745521     -0.0257726945147957     0.106176691264661       
-0.899389982656192      97.47730236605          -0.482631902363926      5.14218445170315        28.903467745257         5.14218445170314        -0.0690929178745521     -0.0659647185881228     0.0834146474357264      0.0676688335847207      
-0.889567987963424      97.4930065743292        -0.477871449983986      5.14088873367106        28.9021538733041        5.14088873367105        -0.0659647185881228     -0.0639707841535523     0.106176691264661       -0.0327630167074573     
-0.879745171452876      97.5081240691017        -0.472914269865032      5.13963197121509        28.9008613458366        5.1396319712151         -0.0639707841535523     -0.0649364133063071     0.0676688335847207      -0.0948621016187178     
-0.869921035822729      97.5236614898398        -0.467960908136376      5.13835592265857        28.8995756490087        5.13835592265855        -0.0649364133063071     -0.0677330231888759     -0.0327630167074573     -0.100271150711908      
-0.860090644143803      97.5396448811724        -0.463138504738657      5.13702447322565        28.8981989884122        5.13702447322567        -0.0677330231888759     -0.0706898920071641     -0.0948621016187178     -0.0474335143588787     
-0.85026093135547       97.5563497565538        -0.458470261714966      5.13563460634364        28.896763540759         5.13563460634365        -0.0706898920071641     -0.0720889284301351     -0.100271150711908      0.00739844052369485     
-0.84042781735314       97.5736974070104        -0.453856040987836      5.13421700425457        28.8953438116208        5.13421700425458        -0.0720889284301351     -0.0718706810395797     -0.0474335143588787     0.049064011701641       
-0.830594498579093      97.5914131346666        -0.449196981987277      5.13280347370214        28.8939885426339        5.13280347370215        -0.0718706810395797     -0.0704230277404793     0.00739844052369485     0.0565035072113194      
-0.820758862402816      97.6095138905444        -0.444415935975847      5.13141809895811        28.8927680169405        5.13141809895811        -0.0704230277404793     -0.0687555019012779     0.049064011701641       0.0278232668093011      
-0.810919085969956      97.6278069786831        -0.439496557843907      5.13006516791487        28.891665811016         5.13006516791487        -0.0687555019012779     -0.067934270496333      0.0565035072113194      -0.01954845606939       
-0.801079430502717      97.6451751911321        -0.434501751348524      5.12872833772551        28.890470662052         5.12872833772549        -0.067934270496333      -0.0685112317626179     0.0278232668093011      -0.0494069988013197     
-0.791241940413213      97.6606104273656        -0.429533866265964      5.12738039978455        28.8889569367567        5.12738039978457        -0.0685112317626179     -0.069969176932499      -0.01954845606939       -0.0449218971947664     
-0.781407175786128      97.6745887433121        -0.424650906277383      5.12600408461922        28.8871465321436        5.1260040846192         -0.069969176932499      -0.0712945357101025     -0.0494069988013197     -0.0228746691477849     
-0.771573581856712      97.6901821606132        -0.419843388393568      5.12460189955625        28.8855007765798        5.12460189955627        -0.0712945357101025     -0.0719693213188198     -0.0449218971947664     0.0365161906690827      
-0.761740540462518      97.7091561809341        -0.415076437694111      5.12318661768453        28.8843164298381        5.12318661768453        -0.0719693213188198     -0.0708920682297516     -0.0228746691477849     0.0269345525016306      
-0.751910073563277      97.7321373336222        -0.41023547662346       5.12179235646222        28.8837818961917        5.12179235646223        -0.0708920682297516     -0.0700971402195463     0.0365161906690827      0.0355350596586494      
-0.742069289392447      97.7526296428911        -0.405324365741853      5.12041273512878        28.882919107891         5.12041273512878        -0.0700971402195463     -0.0690476520813515     0.0269345525016306      0.0155496517198206      
-0.732218197146798      97.7684239420179        -0.400341766131812      5.11905261700419        28.8814157790311        5.11905261700416        -0.0690476520813515     -0.0685881374907805     0.0355350596586494      0.00110457135310912     
-0.722364659668163      97.7859377178392        -0.395349548726098      5.11770105337876        28.8801891863672        5.11770105337874        -0.0685881374907805     -0.068555487057891      0.0155496517198206      -0.0132701390289164     
-0.712511824477067      97.8045567222828        -0.390376439264159      5.11635002664188        28.8791258637258        5.11635002664188        -0.068555487057891      -0.068947780180118      0.00110457135310912     -0.0127642967844459     
-0.70265692283799       97.8198917154381        -0.385430256016979      5.11499114107944        28.877554130784         5.11499114107942        -0.068947780180118      -0.0693251309469996     -0.0132701390289164     0.00773510958388856     
-0.69280174223005       97.8320596065675        -0.380509850801385      5.11362480370613        28.8754926827174        5.11362480370615        -0.0693251309469996     -0.0690964511278084     -0.0127642967844459     0.0402937751427188      
-0.682948763687943      97.844979359526         -0.375589267261813      5.1122629931728         28.8735538468296        5.11226299317276        -0.0690964511278084     -0.0679051489367646     0.00773510958388856     0.0394587997599871      
-0.673092231987359      97.8601443022466        -0.370607879846256      5.11092449199312        28.8720109074611        5.11092449199314        -0.0679051489367646     -0.0667383722774726     0.0402937751427188      0.0358578750275563      
-0.663235602731616      97.8758441222008        -0.365569177674475      5.10960876255167        28.8706099337758        5.10960876255166        -0.0667383722774726     -0.0656778389502658     0.0394587997599871      0.0154190688838261      
-0.653375919416516      97.8919005457298        -0.360477811117488      5.10831363219863        28.8693184898081        5.10831363219862        -0.0656778389502658     -0.0652217205805917     0.0358578750275563      -0.00189430260061014    
-0.643513030779692      97.9079273527495        -0.355374219249902      5.10702724523972        28.8680461328047        5.10702724523976        -0.0652217205805917     -0.0652777650116379     0.0154190688838261      0.00678378062167423     
-0.633651909848763      97.9239756153373        -0.350308500306264      5.1057396739731         28.8667723438905        5.10573967397306        -0.0652777650116379     -0.0650770465733711     -0.00189430260061014    0.00420834609083696     
-0.623788040631547      97.9401220436706        -0.345272097538316      5.10445596506576        28.8655226924522        5.1044559650658         -0.0650770465733711     -0.064952527487457      0.00678378062167423     0.0237360664525339      
-0.613924928069758      97.9562928403431        -0.340265788758879      5.10317470443455        28.8642823042315        5.10317470443453        -0.064952527487457      -0.0642501282428772     0.00420834609083696     0.028053213068987       
-0.604062804588479      97.9722941086999        -0.33524727595677       5.10190714095489        28.8630544389914        5.10190714095489        -0.0642501282428772     -0.063419769522221      0.0237360664525339      0.0299077583528104      
-0.594193013930923      97.988063470085         -0.3302093563471        5.10065543778303        28.8618360693528        5.10065543778302        -0.063419769522221      -0.0625342466439665     0.028053213068987       0.0135394076439977      
-0.584321122992055      98.0037179680409        -0.325159449015143      5.09942085479338        28.8606480423176        5.09942085479342        -0.0625342466439665     -0.0621332852050521     0.0299077583528104      0.00454461965075493     
-0.574449675531014      98.019423710821         -0.320116622570959      5.09819412257478        28.8594886146849        5.0981941225748         -0.0621332852050521     -0.0619986895420998     0.0135394076439977      0.00143383361851177     
-0.564577342222925      98.0348961714258        -0.315084589902234      5.0969699698258         28.8583009947094        5.09696996982581        -0.0619986895420998     -0.0619562156713123     0.00454461965075493     0.0166311122151708      
-0.55470382327639       98.0505097658243        -0.310083801917056      5.09574629098839        28.8571343422708        5.09574629098839        -0.0619562156713123     -0.0614634130639898     0.00143383361851177     0.0194239713488437      
-0.544821787744959      98.0659312020036        -0.305088099872793      5.09453186971028        28.8559644857414        5.09453186971028        -0.0614634130639898     -0.0608876984579072     0.0166311122151708      0.0263267796455557      
-0.53494249388565       98.0817311782848        -0.300081539477432      5.0933286307672         28.8548808570742        5.09332863076722        -0.0608876984579072     -0.0601072506276037     0.0194239713488437      0.0294433613641026      
-0.525059897387421      98.0977195319782        -0.295053988136344      5.09214067272058        28.853867087155         5.09214067272061        -0.0601072506276037     -0.0592343333143028     0.0263267796455557      0.0232054357087688      
-0.515176439304834      98.1136254283072        -0.290015908560013      5.09096982356531        28.8528885421692        5.09096982356533        -0.0592343333143028     -0.0585462602228616     0.0294433613641026      0.0175343782552259      
-0.505293164486092      98.1294108059399        -0.284971775240839      5.08981246069779        28.8519293947853        5.0898124606978         -0.0585462602228616     -0.0580263496923365     0.0232054357087688      0.0290104571309785      
-0.495406475476756      98.144394383177         -0.279916225541434      5.08866542144621        28.8508805760024        5.08866542144623        -0.0580263496923365     -0.0571663038534695     0.0175343782552259      0.0228876933567393      
-0.485528011676566      98.1566205074462        -0.274850780760324      5.08753575348218        28.8494747575704        5.08753575348216        -0.0571663038534695     -0.0564879143907778     0.0290104571309785      0.0278124972162928      
-0.475649466176184      98.1677884942947        -0.269781030034796      5.08641970219399        28.8479512131622        5.08641970219403        -0.0564879143907778     -0.055663613756131      0.0228876933567393      0.0387674161931404      
-0.465770328315303      98.1811132358477        -0.264700748827235      5.08531982960108        28.8467895969542        5.08531982960112        -0.055663613756131      -0.0545146242099416     0.0278124972162928      0.0295452475839733      
-0.455888601649729      98.1982891422307        -0.259574380933479      5.08424266529423        28.8462571609047        5.08424266529419        -0.0545146242099416     -0.0536387935307923     0.0387674161931404      0.0298908244840269      
-0.446012831574969      98.2190697836982        -0.254423277370513      5.08318258705113        28.8463014741016        5.08318258705109        -0.0536387935307923     -0.052752357246119      0.0295452475839733      0.0306868172764195      
-0.436119547797726      98.2347889675753        -0.249241642836662      5.08213930100776        28.8456490577672        5.08213930100776        -0.052752357246119      -0.0518418197893423     0.0298908244840269      0.0297864845580271      
-0.426227784044811      98.2459274767858        -0.244068468018585      5.08111348541092        28.8443728477786        5.08111348541088        -0.0518418197893423     -0.0509575637397869     0.0306868172764195      0.0185528848596233      
-0.416329765545767      98.2583660064676        -0.23888297695628       5.08010483333105        28.8433354539273        5.08010483333106        -0.0509575637397869     -0.0504066218106747     0.0297864845580271      0.0192941035370467      
-0.406429642314775      98.2709658861072        -0.233688661823563      5.07910673865858        28.8423509515265        5.07910673865854        -0.0504066218106747     -0.0498334464861788     0.0185528848596233      0.0181456765265264      
-0.396526178904936      98.2820109612606        -0.228484997415825      5.07811962735864        28.8411687488173        5.07811962735866        -0.0498334464861788     -0.0492943003460448     0.0192941035370467      0.0291687144211833      
-0.386616811891         98.2930902549064        -0.223265720768333      5.0771430921931         28.8400209257324        5.07714309219306        -0.0492943003460448     -0.04842767029629       0.0181456765265264      0.0226662272427335      
-0.37671839766579       98.3043983233911        -0.218010728825863      5.07618400498752        28.8389555517394        5.07618400498753        -0.04842767029629       -0.0477543142821009     0.0291687144211833      0.0296748050017853      
-0.366815534934423      98.3159952352094        -0.212735641718973      5.07523829916406        28.8379698903536        5.07523829916405        -0.0477543142821009     -0.046872801739148      0.0226662272427335      0.0325893768289765      
-0.356912538065256      98.327972296671         -0.207446806605108      5.07430997777559        28.8370887030181        5.07430997777562        -0.046872801739148      -0.0459046622330374     0.0296748050017853      0.0327321747849985      
-0.347011157724228      98.340187250768         -0.202132662699496      5.07340086891906        28.8362963250516        5.07340086891906        -0.0459046622330374     -0.0449322111734944     0.0325893768289765      0.0309027190431832      
-0.337108352121524      98.3524139706063        -0.196787680299519      5.07251089015316        28.8355593824347        5.07251089015313        -0.0449322111734944     -0.044013948948851      0.0327321747849985      0.0347143941680441      
-0.327201056158775      98.3649636613776        -0.191407255614335      5.07163886306814        28.8349201625774        5.07163886306811        -0.044013948948851      -0.0429822531512324     0.0309027190431832      0.0379039726065056      
-0.31729342090337       98.3778228993567        -0.185989370051443      5.07078719171177        28.8343835350133        5.07078719171172        -0.0429822531512324     -0.0418556591632352     0.0347143941680441      0.0396207810032071      
-0.307387010580573      98.3913962202055        -0.18053807368916       5.06995782793666        28.8340143311173        5.06995782793662        -0.0418556591632352     -0.0406778886179876     0.0379039726065056      0.036220000785267       
-0.297477758495659      98.4065162309278        -0.175053162079996      5.06915163049433        28.8339369552406        5.06915163049435        -0.0406778886179876     -0.0396010724046006     0.0396207810032071      0.0343478935044658      
-0.287564556573401      98.4241965425349        -0.169532210124982      5.06836665617424        28.8342942783104        5.06836665617426        -0.0396010724046006     -0.0385797639298511     0.036220000785267       0.0385042376711808      
-0.277656118420145      98.4460868673307        -0.163997813238335      5.06760188905093        28.8353248573851        5.0676018890509         -0.0385797639298511     -0.0374345486936439     0.0343478935044658      0.0345030122581815      
-0.267740172647866      98.4750424036946        -0.158429599948462      5.06685949619628        28.8374526077198        5.06685949619628        -0.0374345486936439     -0.0364079428576735     0.0385042376711808      0.0411682400307146      
-0.257816989333         98.5149230302784        -0.152826534636514      5.06613709339664        28.8412351162015        5.06613709339664        -0.0364079428576735     -0.0351824249928035     0.0345030122581815      0.0388701493662109      
-0.247895499633866      98.5706384680544        -0.147187070624677      5.06543875876389        28.847401170417         5.06543875876386        -0.0351824249928035     -0.0340246891440219     0.0411682400307146      0.0455177738748489      
-0.237963737435446      98.6494730578366        -0.141526910441912      5.06476294792326        28.8570094308554        5.06476294792322        -0.0340246891440219     -0.0326678417525125     0.0388701493662109      0.0393470847297259      
-0.228024018836471      98.760784549245         -0.135840620480347      5.06411342788221        28.8714338399283        5.06411342788221        -0.0326678417525125     -0.0314935043724784     0.0455177738748489      0.040116367178454       
-0.218070115540383      98.9170314244319        -0.130124021672176      5.06348639660936        28.892474308794         5.06348639660937        -0.0314935043724784     -0.0302943859368312     0.0393470847297259      0.0355512689199845      
-0.208097920104446      99.1324172125348        -0.124378030019424      5.06288219957025        28.9221872877817        5.06288219957024        -0.0302943859368312     -0.0292296402933813     0.040116367178454       0.0439643771198098      
-0.1981078309668        99.4260261582412        -0.118618222590938      5.06229800041082        28.9633151132503        5.06229800041086        -0.0292296402933813     -0.027909438540346      0.0355512689199845      0.0469783501773978      
-0.188087139425429      99.8205754662698        -0.112817422575096      5.06173847883229        29.0191215068272        5.06173847883229        -0.027909438540346      -0.0264933465675778     0.0439643771198098      0.0468759335585944      
-0.178023102181398      100.340338474502        -0.106953642582559      5.06120495287198        29.0930409221862        5.06120495287199        -0.0264933465675778     -0.0250731187251152     0.0469783501773978      0.0461816513798395      
-0.167895645731124      101.008717819283        -0.101022229991702      5.06069709118129        29.18831171468          5.06069709118129        -0.0250731187251152     -0.0236649800891716     0.0468759335585944      0.0511717030792506      
-0.157704143524614      101.849070963304        -0.0950274360927771     5.06021443079676        29.3080801899339        5.0602144307968         -0.0236649800891716     -0.0220920688336472     0.0461816513798395      0.0455188522478651      
-0.147423495950393      102.88154341858         -0.0889440533403598     5.05975981066761        29.4549344663105        5.05975981066758        -0.0220920688336472     -0.0206785138322183     0.0511717030792506      0.048648044102271       
-0.137019429940398      104.109963104769        -0.0827580662396334     5.05932932120775        29.6290001227912        5.05932932120774        -0.0206785138322183     -0.0191491230647118     0.0455188522478651      0.0517401058129787      
-0.126471807292471      105.523942441768        -0.0764679607095095     5.05892536067594        29.828335202655         5.05892536067594        -0.0191491230647118     -0.0175001192064324     0.048648044102271       0.053498732494596       
-0.115780097063923      107.110521018228        -0.070076410118273      5.05855094461067        30.0506247099374        5.05855094461071        -0.0175001192064324     -0.0157696005752717     0.0517401058129787      0.0517168303180661      
-0.104921024191214      108.839779815011        -0.0635705546005341     5.05820831467401        30.2912055231541        5.05820831467404        -0.0157696005752717     -0.0140700658919511     0.053498732494596       0.0481629972822753      
-0.0938763950587525     110.662721400276        -0.0569246623486845     5.05789755022899        30.5428853546432        5.05789755022899        -0.0140700658919511     -0.012461677196202      0.0517168303180661      0.0528047229244532      
-0.0826508825999801     112.517965644959        -0.0501585841569214     5.05761787472815        30.7969932048025        5.05761787472813        -0.012461677196202      -0.0106703192121581     0.0481629972822753      0.0473498716965766      
-0.0712608448671175     114.33573797777         -0.0432863124074704     5.05737470744446        31.0440190000631        5.05737470744442        -0.0106703192121581     -0.00903912553471561    0.0528047229244532      0.0490724990678042      
-0.059688174283987      116.037905990547        -0.036290186657723      5.0571655237633         31.2736016906987        5.05716552376331        -0.00903912553471561    -0.00732387049428318    0.0473498716965766      0.0462807496388844      
-0.0479395005249074     117.533535300648        -0.0291572277920485     5.05699361688991        31.4739664322194        5.05699361688988        -0.00732387049428318    -0.00568571472467704    0.0490724990678042      0.0455002808204935      
-0.0360652495917013     118.702272556008        -0.0219423485068988     5.05685866429757        31.6296436761113        5.05685866429758        -0.00568571472467704    -0.00405923893509581    0.0462807496388844      0.0429075326090465      
-0.024091667772453      119.444665878956        -0.0146688315289223     5.05676150626072        31.7280945048412        5.05676150626071        -0.00405923893509581    -0.00251496139920894    0.0455002808204935      0.045758033827797       
-0.0120430069823116     119.753269214994        -0.0073479645295625     5.05670097891227        31.7688650953363        5.05670097891226        -0.00251496139920894    -0.000861692823121298   0.0429075326090465      0.0471984676857751      
1.99086636567619e-05    119.802379894714        -1.3074757272814e-05    5.05668019526732        31.7753133149906        5.05668019526732        -0.000861692823121298   0.00084581295021513     0.045758033827797       0.0462066361763116      
0.0120845207909553      119.752751488497        0.00733522345206815     5.05670059742262        31.7687952241106        5.05670059742262        0.00084581295021513     0.00251539397674423     0.0471984676857751      0.0427770591169274      
0.0241350929326344      119.444187039046        0.014675119471055       5.05676114085134        31.7280297612807        5.05676114085134        0.00251539397674423     0.00405499177342161     0.0462066361763116      0.0462502070178648      
0.03610766338303        118.702047699982        0.0219599507840878      5.05685819144446        31.6296122395055        5.05685819144444        0.00405499177342161     0.00570813738819724     0.0427770591169274      0.0457105216876154      
0.0479791710550113      117.533530112162        0.0291770456911984      5.05699365671936        31.4739658614607        5.05699365671938        0.00570813738819724     0.00732591645899686     0.0462502070178648      0.0455322298680302      
0.0597275006243225      116.037919596066        0.0363052926864115      5.05716559445648        31.2736037427075        5.05716559445641        0.00732591645899686     0.00891736175110079     0.0457105216876154      0.0449607570934626      
0.0712989182299356      114.335723478748        0.0433036388731967      5.05737196131492        31.0440086033273        5.05737196131489        0.00891736175110079     0.0104663458744261      0.0455322298680302      0.0550133387546545      
0.0826920389236657      112.518061278993        0.0501875169368359      5.05761051068991        30.7969838719933        5.0576105106899         0.0104663458744261      0.0123328215212968      0.0449607570934626      0.0536437842311917      
0.0939184601580979      110.66290441147         0.0569582927181302      5.05788732609143        30.5428797401086        5.05788732609145        0.0123328215212968      0.0141242345524893      0.0550133387546545      0.0548660671773639      
0.104963343921722       108.839860794644        0.0636186264246492      5.05819925747948        30.2911896722364        5.05819925747956        0.0141242345524893      0.0159269747126117      0.0536437842311917      0.0480161265599321      
0.115816824950128       107.11059394166         0.0701355538269139      5.05854521451296        30.0506179195266        5.05854521451295        0.0159269747126117      0.0174798322792796      0.0548660671773639      0.0489158968827294      
0.126507885222972       105.524040255136        0.0765244325060101      5.05891912825396        29.8283306532942        5.05891912825391        0.0174798322792796      0.0190386610774046      0.0480161265599321      0.0563042047091779      
0.137054586704124       104.110041345947        0.0827969610285715      5.05932075374181        29.6289861693598        5.05932075374185        0.0190386610774046      0.0208088334707146      0.0489158968827294      0.052225815712203       
0.147460641625479       102.881545795154        0.0889605492148774      5.05975400518875        29.4549179084761        5.05975400518873        0.0208088334707146      0.0224308161615239      0.0563042047091779      0.0452270716769984      
0.157742938871897       101.849013258825        0.0950211022634805      5.06021564770894        29.308075411509         5.06021564770887        0.0224308161615239      0.023821172291387       0.052225815712203       0.0463628833055382      
0.167933744913469       101.008622589488        0.101007412697093       5.06070154014563        29.1883107855014        5.06070154014555        0.023821172291387       0.0252350257414852      0.0452270716769984      0.0444316000994967      
0.178064841869795       100.340098055437        0.10693853729794        5.06121277204049        29.0930285413869        5.06121277204047        0.0252350257414852      0.0265813114928617      0.0463628833055382      0.0356801567072969      
0.188129485936399       99.8203797019446        0.112810606085751       5.06174809930843        29.0191206284341        5.06174809930842        0.0265813114928617      0.0276568624237687      0.0444316000994967      0.0435709687518768      
0.198147570032808       99.4259461070742        0.118631538670029       5.0623025187775         28.9633163792201        5.06230251877743        0.0276568624237687      0.0289652045072465      0.0356801567072969      0.0480319633536505      
0.208139481273206       99.1323881480053        0.124410655166362       5.06288143114326        28.9221808530933        5.06288143114322        0.0289652045072465      0.0304037082897055      0.0435709687518768      0.0429348059912819      
0.218110526769449       98.9169246216129        0.130160922850208       5.06348779929844        28.8924627127809        5.06348779929838        0.0304037082897055      0.0316870142411469      0.0480319633536505      0.0353850279972962      
0.22806430068445        98.7606638232614        0.135882704836377       5.06411862954153        28.8714310213767        5.0641186295415         0.0316870142411469      0.0327430144656285      0.0429348059912819      0.0404555296074915      
0.238002033271725       98.6493107656107        0.141567182342085       5.06476958447017        28.8570046001143        5.06476958447013        0.0327430144656285      0.0339489509331229      0.0353850279972962      0.0356481106232836      
0.247934247991476       98.5705166162256        0.147218778458008       5.06544391883323        28.8473980331534        5.06544391883315        0.0339489509331229      0.0350107507506074      0.0404555296074915      0.043058658817704       
0.257858460093061       98.5148251128958        0.152847780081864       5.0661389036279         28.841225935818         5.06613890362788        0.0350107507506074      0.0362924676668255      0.0356481106232836      0.0360136342915456      
0.267779043213728       98.4749585596994        0.158443094024193       5.06685889356771        28.8374386163752        5.06685889356771        0.0362924676668255      0.0373639084377259      0.043058658817704       0.0398177045034894      
0.277690765168581       98.4460189720119        0.164014095563778       5.06759976675657        28.8353088758869        5.06759976675656        0.0373639084377259      0.0385480315495839      0.0360136342915456      0.0349238906517733      
0.287603894994804       98.4241407822135        0.169553881920783       5.068363883401          28.8342782233041        5.06836388340108        0.0385480315495839      0.0395863892422133      0.0398177045034894      0.0402954965025249      
0.297510824621846       98.4064493991565        0.175067404734527       5.06914846942905        28.8339181738475        5.06914846942903        0.0395863892422133      0.0407843378816549      0.0349238906517733      0.0389812622739611      
0.307423016733357       98.3912936293536        0.180551343843476       5.06995677687941        28.8339963099716        5.06995677687943        0.0407843378816549      0.041943040381584       0.0402954965025249      0.0361720962386816      
0.317329833223845       98.3777200676663        0.185994810653242       5.07078787994264        28.8343704218742        5.07078787994262        0.041943040381584       0.0430181102393591      0.0389812622739611      0.0395213002200648      
0.327234090053053       98.3648419456322        0.191401535911308       5.07164013184214        28.8349059293818        5.07164013184206        0.0430181102393591      0.044192636161556       0.0361720962386816      0.0294789598163613      
0.337141695207267       98.3523093934434        0.196787532328493       5.07251573252136        28.8355578157724        5.07251573252131        0.044192636161556       0.0450686503863707      0.0395213002200648      0.0265639738391659      
0.347048770195619       98.3400234749208        0.202153044592274       5.0734085722813         28.8362942052779        5.07340857228137        0.0450686503863707      0.0458578969918634      0.0294789598163613      0.0300449532729484      
0.356948337309746       98.3278083431145        0.207484075642143       5.07431673403756        28.8370838590608        5.07431673403757        0.0458578969918634      0.0467503680348964      0.0265639738391659      0.0276654383748736      
0.366849777626951       98.3158704509875        0.212771798494151       5.07524244757461        28.8379633753581        5.07524244757457        0.0467503680348964      0.0475720989679065      0.0300449532729484      0.0255800384685933      
0.376749736272377       98.3043197384252        0.218030860474613       5.07618446709183        28.8389453374028        5.0761844670918         0.0475720989679065      0.0483319508804024      0.0276654383748736      0.0271536100632554      
0.386652244698241       98.2929704441143        0.223279112740091       5.07714164165737        28.8399992291958        5.07714164165734        0.0483319508804024      0.0491386068910903      0.0255800384685933      0.0222366048213785      
0.396555625499681       98.2819378933229        0.228506116810443       5.07811487615551        28.8411445355842        5.07811487615546        0.0491386068910903      0.0497992087169166      0.0271536100632554      0.0250089156567262      
0.406458162141425       98.2710342766125        0.233708229073393       5.07910114500824        28.8423451056338        5.07910114500819        0.0497992087169166      0.0505420752145252      0.0222366048213785      0.0235955512197542      
0.416359528298582       98.2584753650928        0.238893941134366       5.0801019340946         28.843343274298         5.08010193409464        0.0505420752145252      0.0512427919175997      0.0250089156567262      0.0282447892155652      
0.426256475207096       98.2459293821423        0.244081181769529       5.08111628682254        28.8443810789791        5.08111628682257        0.0512427919175997      0.052081273481272       0.0235955512197542      0.0191251049605814      
0.436151280097528       98.2346318624054        0.249257973874055       5.0821468232769         28.8456473393387        5.08214682327689        0.052081273481272       0.0526487437961638      0.0282447892155652      0.0344090306495558      
0.446038888378907       98.2190070669558        0.254433764886648       5.08318798439135        28.8463075788912        5.08318798439128        0.0526487437961638      0.0536691323656573      0.0191251049605814      0.0328807624131532      
0.455920090348221       98.1981381115142        0.259583365381202       5.08424867251328        28.8462520193046        5.0842486725133         0.0536691323656573      0.0546437455027449      0.0344090306495558      0.0362083671186289      
0.465797011963928       98.1810251619075        0.264711672180159       5.0853282376462         28.8468005059169        5.08532823764618        0.0546437455027449      0.0557167780957408      0.0328807624131532      0.0282296589524418      
0.47567481943999        98.167648388201         0.269799699016738       5.08642897122967        28.8479569120366        5.08642897122974        0.0557167780957408      0.0565533651268666      0.0362083671186289      0.019335398920234       
0.485554028567923       98.1563437043978        0.274860189980519       5.08754633418135        28.8494640790765        5.08754633418138        0.0565533651268666      0.0571264445929761      0.0282296589524418      0.0199541184877026      
0.495433150831251       98.1441982888717        0.279917480485283       5.08867517365825        28.8508793993983        5.08867517365826        0.0571264445929761      0.0577179865081608      0.019335398920234       0.0239108375548905      
0.505316429997302       98.1293338573595        0.284985100995798       5.08981602381106        28.8519281814663        5.08981602381108        0.0577179865081608      0.0584269792579129      0.0199541184877026      0.0300993400939609      
0.515202625748855       98.1135775005306        0.290047475682473       5.09097114402129        28.8528852367748        5.09097114402127        0.0584269792579129      0.0593195638474488      0.0239108375548905      0.0239506966949548      
0.525087599653999       98.0976353855382        0.295085361596063       5.09214388502172        28.853863813002         5.0921438850217         0.0593195638474488      0.0600297714237958      0.0300993400939609      0.0266484664861567      
0.534971227606505       98.081624065799         0.300100914431295       5.09333051233867        28.8548704310054        5.09333051233868        0.0600297714237958      0.0608197936633395      0.0239506966949548      0.0207134506145756      
0.544853624993284       98.0658580808977        0.305095483069241       5.09453241891149        28.8559552831389        5.09453241891154        0.0608197936633395      0.0614336776155676      0.0266484664861567      0.0168702984864573      
0.554728735659012       98.050340949838         0.310077150309056       5.09574597726982        28.8571086119484        5.09574597726982        0.0614336776155676      0.061933513500404       0.0207134506145756      0.00347935009261101     
0.564604035248149       98.0347967494072        0.315077630375716       5.0969691273054         28.8582839762805        5.09696912730536        0.061933513500404       0.062036580174322       0.0168702984864573      0.00540150722273136     
0.574477135221499       98.0193292224979        0.320117268056403       5.09819417527502        28.8594748539223        5.09819417527498        0.062036580174322       0.0621965696277547      0.00347935009261101     0.012285349238371       
0.584350010332905       98.0037198746547        0.325172683614768       5.09942225957545        28.8606522982997        5.09942225957553        0.0621965696277547      0.0625604004589543      0.00540150722273136     0.0324113618256664      
0.594221579235614       97.9880119827616        0.330229395890271       5.10065732886802        28.8618338370093        5.10065732886798        0.0625604004589543      0.063520129940366       0.012285349238371       0.0292819574096563      
0.604089625991734       97.972222070572         0.335264170137109       5.10191113203852        28.8630551170062        5.10191113203852        0.063520129940366       0.0643869614126869      0.0324113618256664      0.0210819579839022      
0.613959312622394       97.9562996166723        0.340288952136399       5.10318168723571        28.8643030504571        5.10318168723566        0.0643869614126869      0.0650109138020562      0.0292819574096563      0.00083114150204428     
0.623818118973271       97.9400113383784        0.345294482911614       5.1044641993821         28.8655296609361        5.10446419938218        0.0650109138020562      0.0650355102672376      0.0210819579839022      0.00683182775627855     
0.6336861071154         97.9239333310656        0.350335564428779       5.10574730764394        28.8667876910182        5.10574730764398        0.0650355102672376      0.065237661791411       0.00083114150204428     0.0025373119199058      
0.643550021937274       97.9078013755176        0.355399740662607       5.10703420351013        28.8680472268575        5.10703420351005        0.065237661791411       0.0653127258462964      0.00683182775627855     0.0140352372695382      
0.653406748302457       97.8918374406354        0.360488426205387       5.10832204864556        28.8693329671362        5.10832204864559        0.0653127258462964      0.0657278282735747      0.0025373119199058      0.034201474187588       
0.663265650446777       97.8758248667624        0.365574894746021       5.10961789987356        28.8706329079712        5.10961789987349        0.0657278282735747      0.0667392636468728      0.0140352372695382      0.0447822453027691      
0.673121944207306       97.8600193348583        0.370615417095829       5.11093366744168        28.8720183890626        5.11093366744169        0.0667392636468728      0.0680634909234513      0.034201474187588       0.032611038646261       
0.682980544006485       97.8448778704534        0.375595943002476       5.11227538708765        28.8735738721331        5.11227538708764        0.0680634909234513      0.0690276233583511      0.0447822453027691      0.00839909184237559     
0.692832581949503       97.8319189810374        0.380525396893388       5.11363572529519        28.8755027654821        5.11363572529527        0.0690276233583511      0.0692759117420047      0.032611038646261       -0.00743720968680696    
0.702684220170677       97.819869835214         0.38544451773814        5.11500087766139        28.8775783858874        5.11500087766142        0.0692759117420047      0.069056078965689       0.00839909184237559     -0.0169064062773242     
0.712540941854313       97.8043751449985        0.39038876265508        5.11636174259097        28.879132121363         5.116361742591          0.069056078965689       0.0685563857168795      -0.00743720968680696    -0.00211804659814641    
0.722389187809578       97.7858880226021        0.395369100042173       5.11771245859816        28.8802140287647        5.11771245859818        0.0685563857168795      0.068493788376702       -0.0169064062773242     0.0220539821755418      
0.732240502125168       97.7683637405321        0.400372970257844       5.11906190919061        28.881433100063         5.11906190919054        0.068493788376702       0.0691454314837992      -0.00211804659814641    0.0315768191862837      
0.742093217976216       97.752553244476         0.405352276644315       5.12042392615131        28.8829393839857        5.12042392615126        0.0691454314837992      0.070078024626219       0.0220539821755418      0.0296367181814012      
0.751932189983482       97.7319848566721        0.410259820178322       5.12180320824185        28.8837899633095        5.1218032082419         0.070078024626219       0.070952752356043       0.0315768191862837      0.0226309479720196      
0.761765713055195       97.709051106542         0.415088851346946       5.12319878898411        28.8843352096433        5.12319878898417        0.070952752356043       0.0716204006668069      0.0296367181814012      -0.0124434189752836     
0.771598006553551       97.6900867422085        0.419863574931277       5.12460722667264        28.8855016831801        5.12460722667256        0.0716204006668069      0.0712533419836726      0.0226309479720196      -0.0342115975752558     
0.781430525056941       97.6746176082195        0.424667830499734       5.12600844569688        28.8871630887593        5.12600844569679        0.0712533419836726      0.0702440536912562      -0.0124434189752836     -0.0622406912291169     
0.7912638135857         97.6604939977183        0.429538535843767       5.12739007201056        28.8889669640951        5.12739007201054        0.0702440536912562      0.0684074701587479      -0.0342115975752558     -0.0225360341964041     
0.801102604753863       97.6450831724865        0.434517953320587       5.12873597933696        28.8904785720163        5.12873597933703        0.0684074701587479      0.0677423407869079      -0.0622406912291169     0.0288949008874182      
0.810941451788627       97.6277669584229        0.439520037935896       5.13006901300037        28.8916707167143        5.13006901300043        0.0677423407869079      0.0685951310501616      -0.0225360341964041     0.0576226300975411      
0.820780963049079       97.6094701168455        0.44444689922626        5.1314186017534         28.8927629538631        5.13141860175344        0.0685951310501616      0.0702954777155736      0.0288949008874182      0.0558065423462171      
0.830612497229568       97.5913929900643        0.449230197585328       5.13280125298772        28.8939793100056        5.13280125298779        0.0702954777155736      0.0719419278881494      0.0576226300975411      0.0143805206207513      
0.840448187416629       97.5735830390895        0.453884420296472       5.13421615601125        28.8953244902815        5.1342161560112         0.0719419278881494      0.0723661521124458      0.0558065423462171      -0.0581722796409958     
0.850279860214501       97.556283507817         0.458477531355801       5.13563933111679        28.8967670215985        5.13563933111677        0.0723661521124458      0.0706503137845591      0.0143805206207513      -0.10836948852614       
0.860113442348608       97.5394901632629        0.463142662453773       5.13702846644722        28.8981873010353        5.13702846644729        0.0706503137845591      0.067454792885213       -0.0581722796409958     -0.084291108122723      
0.869938856120384       97.5235870937589        0.467961504687159       5.13835426661948        28.8995599689468        5.13835426661944        0.067454792885213       0.0649700664171722      -0.10836948852614       -0.0275496635036213     
0.87976374131819        97.5081190715162        0.472901575256386       5.13963082584789        28.9008573849292        5.13963082584786        0.0649700664171722      0.0641581809332304      -0.084291108122723      0.0720388892066064      
0.889585399491184       97.49295652867          0.477846652232259       5.14089119650351        28.9021533782329        5.14089119650342        0.0641581809332304      0.0662809975762708      -0.0275496635036213     0.0962754628234323      
0.899406673965267       97.4771947029943        0.482595819472311       5.14219324537489        28.9034764973532        5.14219324537482        0.0662809975762708      0.0691180240759832      0.0720388892066064      0.0804489155990021      
0.909231219850581       97.4608974368137        0.487095758916523       5.14355116143782        28.9048759498548        5.14355116143776        0.0691180240759832      0.0714885918871267      0.0962754628234323      -0.0241800514848607     
0.919053529607394       97.4442796078311        0.491362530581634       5.14495547164354        28.9063568426472        5.14495547164355        0.0714885918871267      0.070776246160563       0.0804489155990021      -0.138183600615799      
0.9288720370725         97.4276786430851        0.495581909752101       5.14634527863654        28.9077980826789        5.14634527863645        0.070776246160563       0.0667061293221103      -0.0241800514848607     -0.174369186247676      
0.938685973353503       97.4120067712078        0.499966670294764       5.14765498707052        28.9091508712021        5.14765498707045        0.0667061293221103      0.0615706424974394      -0.138183600615799      -0.128330323782609      
0.948507602047849       97.3976130408948        0.504591548874643       5.14886396238157        28.9104093078441        5.14886396238165        0.0615706424974394      0.0577913674819354      -0.174369186247676      -0.0284352222061045     
0.958321569508382       97.3841984073427        0.509339463318853       5.14999851120173        28.911603115139         5.14999851120179        0.0577913674819354      0.0569541097150184      -0.128330323782609      0.118603976340684       
0.968135614614184       97.3710575189351        0.514009794833145       5.15111632626053        28.9127896754775        5.15111632626055        0.0569541097150184      0.0604452665518276      -0.0284352222061045     0.1686234475451         
0.977946740403398       97.3574341408174        0.518302182758972       5.15230234732272        28.9140950764228        5.15230234732272        0.0604452665518276      0.0654076361555607      0.118603976340684       0.0939302477975746      
0.987753253945165       97.3432861171349        0.522100609332016       5.15358539129829        28.9155937536086        5.15358539129823        0.0654076361555607      0.0681710309444059      0.1686234475451         -0.0826821180068782     
0.9975613391081         97.3292980108752        0.525540734179921       5.15492228165596        28.9172660929473        5.15492228165595        0.0681710309444059      0.0657392925813807      0.0939302477975746      -0.243794272557491      
1.00736031110224        97.3180254864678        0.528942226752661       5.15621099486571        28.9192056429618        5.15621099486566        0.0657392925813807      0.0585700534136314      -0.0826821180068782     -0.310976031295717      
1.017161068611          97.3081954984362        0.53260515625091        5.15735916666791        28.9209645426339        5.15735916666799        0.0585700534136314      0.0494236159643114      -0.243794272557491      -0.242548521458423      
1.02696736852926        97.2970060291648        0.536645118079879       5.15832847096434        28.9220191878043        5.15832847096431        0.0494236159643114      0.0422883401572578      -0.310976031295717      -0.0509864619852447     
1.03677834867563        97.2863077585961        0.540912588111628       5.1591579315043         28.922754199751         5.15915793150435        0.0422883401572578      0.0407886008804961      -0.242548521458423      0.166375725793231       
1.04657889418078        97.2737050853023        0.545007175875173       5.15995762549413        28.9231221319257        5.15995762549407        0.0407886008804961      0.0456804969740509      -0.0509864619852447     0.27565759704052        
1.05637846414235        97.2584756907967        0.548490416332385       5.16085282347178        28.9233665305237        5.16085282347184        0.0456804969740509      0.0537828087552831      0.166375725793231       0.16241033090367        
1.06617265956318        97.2446626500349        0.551124257297498       5.16190656899493        28.9242649844069        5.16190656899498        0.0537828087552831      0.0585559087358607      0.27565759704052        -0.0872678736124003     
1.07596991602645        97.2319811064018        0.553112689442415       5.1630538114361         28.9255927811598        5.16305381143605        0.0585559087358607      0.0559910844654481      0.16241033090367        -0.407940439030197      
1.085765722644          97.2205674149333        0.55492107925017        5.1641509298617         28.92696791397          5.16415092986178        0.0559910844654481      0.0439999759369734      -0.0872678736124003     -0.566455733743959      
1.09556589299386        97.2111676741755        0.557152439174037       5.16501322957175        28.9279843490473        5.16501322957176        0.0439999759369734      0.0273465442853251      -0.407940439030197      -0.423119935911378      
1.1053652084746         97.2044677652505        0.560088839403843       5.16554925913409        28.9284884513897        5.1655492591341         0.0273465442853251      0.0149050322504563      -0.566455733743959      -0.0833481280329425     
1.11516913470036        97.2001092044257        0.563439242612742       5.16584146450978        28.928658065521         5.16584146450974        0.0149050322504563      0.0124542562543797      -0.423119935911378      0.260104444279866       
1.1249709226058         97.1964210085448        0.566530910190948       5.1660855987044         28.9287927740355        5.16608559870434        0.0124542562543797      0.0201017864740869      -0.0833481280329425     0.469816098962386       
1.13476836217562        97.1916214118781        0.56868933443757        5.16647957180343        28.9291815351132        5.16647957180336        0.0201017864740869      0.0339131487509558      0.260104444279866       0.287975825273427       
1.14456951464045        97.1840706975867        0.569500529952013       5.16714419375752        28.9299183842251        5.16714419375754        0.0339131487509558      0.042377443804187       0.469816098962386       -0.0379422171672633     
1.15436530217851        97.1749397599364        0.569301442867367       5.16797449859739        28.9308834575928        5.16797449859739        0.042377443804187       0.04126239766056        0.287975825273427       -0.516919064109793      
1.16415874375565        97.1662571943989        0.568720672528252       5.16878280986301        28.9318532614469        5.16878280986293        0.04126239766056        0.0260724481334437      -0.0379422171672633     -0.805008878212384      
1.1739551470562         97.1608841131584        0.568696630073982       5.1692935934367         28.9324827768259        5.16929359343662        0.0260724481334437      0.00241400460225542     -0.516919064109793      -0.746316724652428      
1.18375076404722        97.1610578697746        0.569786343714862       5.16934089374288        28.9326410168384        5.16934089374281        0.00241400460225542     -0.0195228788213668     -0.805008878212384      -0.274385785646962      
1.19355137532542        97.1660422025662        0.571869444756213       5.16895829372734        28.9323123776749        5.16895829372735        -0.0195228788213668     -0.0275884310665698     -0.746316724652428      0.24660250105359        
1.20334957652633        97.1730170441297        0.574051486903114       5.1684176481948         28.9318376020609        5.16841764819471        -0.0275884310665698     -0.0203400001727903     -0.274385785646962      0.688817366777056       
1.21314620392973        97.1787069830126        0.575367898660235       5.16801911089976        28.9315691146291        5.16801911089969        -0.0203400001727903     -9.34239159312391e-05   0.24660250105359        0.814427450380576       
1.22294228888873        97.1798145643057        0.574980285379353       5.16801728018061        28.9317288616114        5.16801728018064        -9.34239159312391e-05   0.0238480275943521      0.688817366777056       0.3576026011171         
1.23274514899949        97.1756631927634        0.572650008822628       5.16848470890328        28.932419223924         5.16848470890333        0.0238480275943521      0.0343611828640101      0.814427450380576       -0.442980614641176      
1.24254396289228        97.1692204190315        0.569281898591907       5.16915817150462        28.9333449428098        5.16915817150463        0.0343611828640101      0.0213386340623423      0.3576026011171         -1.21575340516982       
1.25234250978883        97.1654377847138        0.566456094528373       5.16957633878639        28.9339520321622        5.16957633878643        0.0213386340623423      -0.0143990162642413     -0.442980614641176      -1.25220444987752       
1.26214004631112        97.169912556883         0.565674792157809       5.16929416420438        28.9338285839876        5.16929416420443        -0.0143990162642413     -0.0512104800916122     -1.21575340516982       -0.785245600527006      
1.2719400180462         97.1833628190087        0.566966669737244       5.16829047538938        28.9330217463194        5.16829047538938        -0.0512104800916122     -0.0742987940075611     -1.25220444987752       -0.148041583645454      
1.28174110886406        97.2031874283154        0.569295797587039       5.16683392839886        28.9318949360141        5.16683392839885        -0.0742987940075611     -0.0786526092840531     -0.785245600527006      0.577962467031226       
1.29154677871551        97.2251739891429        0.571089506587013       5.16529163911026        28.9308479630642        5.16529163911018        -0.0786526092840531     -0.0616540127301677     -0.148041583645454      0.38438705536744        
1.30135210085955        97.2438858039916        0.570038171110659       5.16408273548339        28.9302457591737        5.16408273548339        -0.0616540127301677     -0.0503497955360891     0.577962467031226       -1.32047459830909       
1.31115151894095        97.2624507704501        0.56427105105893        5.16309573210722        28.9302420910253        5.16309573210721        -0.0503497955360891     -0.0891897419162436     0.38438705536744        -5.28206966883878       
1.32095321502422        97.2924299971794        0.551802475684559       5.16134660922872        28.9297987569209        5.16134660922875        -0.0891897419162436     -0.244668143193333      -1.32047459830909       -11.5581207796126       
1.33077291716122        97.3533456341656        0.528519573717281       5.15654265501293        28.925383298261         5.15654265501288        -0.244668143193333      -0.585250697929213      -5.28206966883878       -11.1274785082322       
1.34060096033176        97.4862200751353        0.486621848018263       5.14503882108731        28.9128110822761        5.14503882108732        -0.585250697929213      -0.913530407275145      -11.5581207796126       -11.9433209161248       
1.35043767149276        97.6903255855617        0.4297464760994         5.12706251295594        28.8924559411909        5.12706251295588        -0.913530407275145      -1.26646255646593       -11.1274785082322       -8.32887292719392       
1.36029189244104        97.9743576538944        0.357153063547375       5.10209013794878        28.8638760378725        5.10209013794875        -1.26646255646593       -1.51323719621424       -11.9433209161248       -6.09412412453773       
1.37018315995452        98.3218375170076        0.269627480179154       5.07215323761768        28.8300603101002        5.07215323761775        -1.51323719621424       -1.6944076977345        -8.32887292719392       7.68715380202408        
1.38011310298179        98.7171116421027        0.167161814788669       5.03850912171502        28.7919857911333        5.03850912171494        -1.6944076977345        -1.46507403125542       -6.09412412453773       13.5610189196505        
1.39007389825323        99.0615424041263        0.0733986195629064      5.00932080355782        28.7585072977694        5.00932080355785        -1.46507403125542       -1.05916737209684       7.68715380202408        12.8327924646244        
1.40006788447852        99.311826355291         -0.00205523488600586    4.98815175367861        28.7339074032513        4.9881517536786         -1.05916737209684       -0.674009940370805      13.5610189196505        9.87467875680248        
1.41009211901646        99.4710239775049        -0.0595254646926499     4.97464719507523        28.7179749292133        4.97464719507514        -0.674009940370805      -0.377135805043454      12.8327924646244        5.7489540677221         
1.42012194691049        99.5591622501857        -0.0948179537192741     4.96708370964832        28.7088457029981        4.96708370964824        -0.377135805043454      -0.204204414787806      9.87467875680248        6.16266613857543        
1.43014819900935        99.6036503555404        -0.107759571327913      4.9629887035928         28.7034199922574        4.96298870359273        -0.204204414787806      -0.0188638094049907     5.7489540677221         4.40576337850241        
1.44017279663082        99.602046626079         -0.0932850582182596     4.96261054639254        28.7020953656947        4.96261054639255        -0.0188638094049907     0.113561857577238       6.16266613857543        2.72682913451138        
1.45019075694163        99.5527580499699        -0.0587176770547604     4.96488541147352        28.7015689499793        4.96488541147348        0.113561857577238       0.195439808044315       4.40576337850241        -1.95923834455843       
1.46019413214775        99.423139012988         -0.016632918771214      4.96879528647867        28.6941696892896        4.9687952864786         0.195439808044315       0.136700829874974       2.72682913451138        -3.29015704322508       
1.47018046159346        99.2083937473519        0.0129047135388009      4.97152518141967        28.67103729443          4.9715251814196         0.136700829874974       0.0382700211492113      -1.95923834455843       -1.16609254399004       
1.48014412564545        98.8985672115206        0.0201978197276142      4.97228759289981        28.6284275590252        4.97228759289985        0.0382700211492113      0.00348497740165507     -3.29015704322508       -0.117172184574033      
1.49007426526929        98.5850737907587        0.00945330798219551     4.97235678864115        28.5832165475409        4.97235678864123        0.00348497740165507     -3.09587722462587e-12   -1.16609254399004       -0.117172184574033      
1.49996119145717        98.5850737907587        -0.00945330798219551    4.97235678864115        28.5832165475409        4.97235678864117        -3.09587722462587e-12   -3.09587722462587e-12   -0.117172184574033      -0.117172184574033      
