x                       V                     vel                       p                      cs                  dd1[i]             dd2_left[i]            dd2_right[i]             dd3_left[i]            dd3_right[i]
-1.49993270725212       98.0172207409297        -0.000746924317596918   5.01069938860657        28.6104534520599        5.01069938860657        0.00253115049755477     0.00253115049755477     0.0506204213428147      0.0506204213428147      
-1.49010383963484       98.0172207409297        0.000746924317596918    5.01069938860657        28.6104534520599        5.01069938860657        0.00253115049755477     0.00253115049755477     0.0506204213428147      0.0506204213428147      
-1.48022850565816       98.3454587700552        0.00224918812919643     5.01074937051954        28.6584613923332        5.01074937051955        0.00253115049755477     0.00403301835151642     0.0506204213428147      0.00120541292235436     
-1.47031460690364       98.6651999980961        0.00380743575364029     5.01082929328008        28.7052397765576        5.01082929328008        0.00403301835151642     0.00406888805283685     0.0506204213428147      -0.0360731632542565     
-1.46038352224117       98.8588341144421        0.00543364220888048     5.01091011186851        28.7336252357057        5.01091011186851        0.00406888805283685     0.0029931904403367      0.00120541292235436     -0.0351473702817865     
-1.45043444311576       98.9440468566667        0.00713436279842111     5.01096966855861        28.7461770699804        5.01096966855861        0.0029931904403367      0.0019435738264101      -0.0360731632542565     0.00110377782088177     
-1.44046889763462       98.964808786523         0.00888226579823864     5.01100839081221        28.7493039690933        5.01100839081221        0.0019435738264101      0.00197656538575983     -0.0351473702817865     0.0628650629062506      
-1.43050262291834       98.9708279416618        0.0106337821994215      5.0110477884286         28.7502912586989        5.0110477884286         0.00197656538575983     0.00385667846526212     0.00110377782088177     0.108028952888683       
-1.42053599422996       98.9763004015493        0.0123454054826582      5.01112469526949        28.7513067293939        5.01112469526949        0.00385667846526212     0.00708996806783881     0.0628650629062506      0.101500572365855       
-1.41055310335944       98.9777893675148        0.013990374304529       5.01126623507653        28.7519290332534        5.01126623507653        0.00708996806783881     0.0101301174353062      0.108028952888683       0.0477798256924602      
-1.40055873113494       98.9768320421301        0.0155974318680859      5.01146860728756        28.7523705291671        5.01146860728756        0.0101301174353062      0.0115614620576696      0.101500572365855       -0.0157211029684241     
-1.39057580278299       98.975829512574         0.0172286358529617      5.01169947188262        28.7528871737927        5.01169947188261        0.0115614620576696      0.0110906654007142      0.0477798256924602      -0.0612206144066688     
-1.38059911129406       98.9754447300858        0.0189526727382508      5.01192082099412        28.7534662319134        5.01192082099411        0.0110906654007142      0.00925765415188782     -0.0157211029684241     -0.0474412350773831     
-1.37061913203169       98.9737205592075        0.0208088857931538      5.01210561551915        28.7537458604274        5.01210561551915        0.00925765415188782     0.00783713323135907     -0.0612206144066688     0.00913114970729183     
-1.36063324400228       98.9720380470877        0.0227702405475278      5.01226207927644        28.7539502565045        5.01226207927644        0.00783713323135907     0.00811058716542216     -0.0474412350773831     0.0834431959004577      
-1.35065617517938       98.9731644538951        0.0247476508912745      5.01242400259125        28.754578334621         5.01242400259125        0.00811058716542216     0.0106100749266487      0.00913114970729183     0.131518090020836       
-1.34066732480541       98.9720134474551        0.0266304004902098      5.01263591639071        28.7550189626152        5.01263591639071        0.0106100749266487      0.014550903672591       0.0834431959004577      0.118321698073242       
-1.33067632567572       98.9669354799898        0.0283497671496994      5.01292666087469        28.7551151801062        5.01292666087469        0.014550903672591       0.018096756844174       0.131518090020836       0.0555012700776577      
-1.32068477877269       98.9563136541929        0.0299480416131495      5.01328819748943        28.7546088859284        5.01328819748943        0.018096756844174       0.0197595018165526      0.118321698073242       -0.0272494845760941     
-1.31070291519639       98.9412255566948        0.0315246441326538      5.01368274356898        28.7535480477676        5.01368274356898        0.0197595018165526      0.018943462316168       0.0555012700776577      -0.0840492314103151     
-1.30072336870728       98.9293368748735        0.0332186342425976      5.01406086009456        28.7529046631064        5.01406086009456        0.018943462316168       0.0164268482936919      -0.0272494845760941     -0.083628524675955      
-1.2907437955012        98.9204349028562        0.0351359582546201      5.01438876359147        28.7525511119293        5.01438876359146        0.0164268482936919      0.0139226388407311      -0.0840492314103151     -0.0175510782032079     
-1.28075961445366       98.9126048834727        0.0372752781433181      5.01466672742623        28.7522100203389        5.01466672742622        0.0139226388407311      0.0133970124179625      -0.083628524675955      0.0882773483649378      
-1.27077778673531       98.9059676635019        0.039507453395636       5.0149342189615         28.7520121526359        5.0149342189615         0.0133970124179625      0.0160408217697174      -0.0175510782032079     0.170177826972544       
-1.26079261025661       98.8999859402444        0.0416584371896896      5.01525448831153        28.7520607487753        5.01525448831154        0.0160408217697174      0.0211370327241419      0.0882773483649378      0.173263610537195       
-1.25081300256857       98.8938111789993        0.0435929652829496      5.0156764444492         28.752372633469         5.0156764444492         0.0211370327241419      0.0263250248885832      0.170177826972544       0.105120566086488       
-1.24083162592391       98.8867261013026        0.0452958663371478      5.01620190185281        28.7528486570564        5.01620190185282        0.0263250248885832      0.0294724299144425      0.173263610537195       -0.0126708676326632     
-1.23085323424517       98.8787925946419        0.0468841818707157      5.01679018376124        28.7533811365714        5.01679018376125        0.0294724299144425      0.0290930705957632      0.105120566086488       -0.120559556742599      
-1.22087056585708       98.8708801851997        0.048589988277733       5.01737086999191        28.7538946385726        5.01737086999192        0.0290930705957632      0.0254842480547364      -0.0126708676326632     -0.170360016754721      
-1.21089508201983       98.8636185614354        0.0506212589045831      5.0178793676417         28.7542956729896        5.01787936764169        0.0254842480547364      0.0203855711119136      -0.120559556742599      -0.0992982731931043     
-1.20092189809837       98.8576555511072        0.0530602688577088      5.01828605488341        28.7545936698408        5.01828605488341        0.0203855711119136      0.0174141993654804      -0.170360016754721      0.0410761259485848      
-1.19094423070343       98.8527129213634        0.0557656547966284      5.01863345712381        28.7548700917082        5.01863345712381        0.0174141993654804      0.0186432322477189      -0.0992982731931043     0.186283465788158       
-1.18097401699454       98.8478452715258        0.0584537375714013      5.01900530442878        28.7552273435962        5.01900530442879        0.0186432322477189      0.0242165364172199      0.0410761259485848      0.244472036065676       
-1.17100124953183       98.841394859235         0.0608436891666305      5.01948829027781        28.7556726024233        5.0194882902778         0.0242165364172199      0.0315304023836544      0.186283465788158       0.195707996053038       
-1.16102806932099       98.8335013164668        0.0628150018198338      5.02011717970767        28.7563256197501        5.02011717970767        0.0315304023836544      0.0373851884285884      0.244472036065676       0.0443790363443333      
-1.15105621058142       98.8244809903474        0.0644584546487021      5.02086275075455        28.7571485451034        5.02086275075454        0.0373851884285884      0.0387126542080586      0.195707996053038       -0.145283625615422      
-1.14108720274518       98.8149925560994        0.0660773996407973      5.02163466100787        28.757978360997         5.02163466100786        0.0387126542080586      0.0343670857562731      0.0443790363443333      -0.258963700680549      
-1.13111811410947       98.8068869964654        0.06806623438228        5.02231995779107        28.7587609993185        5.02231995779106        0.0343670857562731      0.026620820400965       -0.145283625615422      -0.245331621550387      
-1.12114430447336       98.8009245762776        0.0706665095020371      5.02285087024273        28.7594132412544        5.02285087024273        0.026620820400965       0.0192822273978008      -0.258963700680549      -0.074610004848149      
-1.11117400336586       98.7974726230293        0.0738499286840878      5.02323538683433        28.7600116078383        5.02323538683432        0.0192822273978008      0.0170505800259973      -0.245331621550387      0.180664628614173       
-1.10120540962212       98.7946246485041        0.0772795307698225      5.02357535455256        28.7605702755959        5.02357535455256        0.0170505800259973      0.0224535756121705      -0.074610004848149      0.404718525435434       
-1.09123534358633       98.7899577676546        0.0804360842308657      5.02402300631548        28.7611723398529        5.02402300631549        0.0224535756121705      0.0345533677408552      0.180664628614173       0.412786537563687       
-1.08127053026824       98.781325910042         0.0828536280489353      5.02471156780159        28.7618865567776        5.02471156780158        0.0345533677408552      0.0468897361458232      0.404718525435434       0.192336252135971       
-1.07131526632589       98.769135434885         0.0845014803343193      5.02564552452225        28.7627845041488        5.02564552452226        0.0468897361458232      0.0526364986415278      0.412786537563687       -0.11460894618847       
-1.06135431082736       98.7565883767903        0.0858278987705712      5.02669397457002        28.7639574161456        5.02669397457004        0.0526364986415278      0.0492125488190983      0.192336252135971       -0.326759060492392      
-1.05139410771772       98.7470160727947        0.0874478873145596      5.02767413874937        28.7653674577566        5.02767413874935        0.0492125488190983      0.0394511871487885      -0.11460894618847       -0.428147709925575      
-1.04144155703593       98.7432348610346        0.0897965366386378      5.0284597180404         28.7670638904899        5.02845971804041        0.0394511871487885      0.0266611966259661      -0.326759060492392      -0.330643327691729      
-1.0314814799259        98.7407586988956        0.0930950322638629      5.02899071493424        28.7682220132535        5.02899071493425        0.0266611966259661      0.0167831979447871      -0.428147709925575      -0.0382037645394924     
-1.02152124699773       98.7382694537866        0.0971423094349784      5.02932501567145        28.7688155406752        5.02932501567147        0.0167831979447871      0.0156418221412244      -0.330643327691729      0.366447541675365       
-1.01156424072898       98.7347819753805        0.101340545212868       5.02963653583139        28.7691984241457        5.02963653583139        0.0156418221412244      0.0265862909350819      -0.0382037645394924     0.630607212221113       
-1.00160678920837       98.7252675502258        0.104871700415846       5.03016580986832        28.7693258350292        5.03016580986831        0.0265862909350819      0.045413367943562       0.366447541675365       0.587953311630514       
-0.991663138069124      98.7111835716747        0.107176044100866       5.03106945617887        28.7698575089369        5.03106945617886        0.045413367943562       0.0629633261731337      0.630607212221113       0.232104662596868       
-0.981711402355962      98.6952057528161        0.108343704598955       5.03232234366713        28.771110774604         5.03232234366714        0.0629633261731337      0.0698915344158073      0.587953311630514       -0.224538730078345      
-0.971761151928948      98.6786146785041        0.10910963790722        5.0337133115013         28.7726680569047        5.0337133115013         0.0698915344158073      0.0631885969851387      0.232104662596868       -0.601235823669825      
-0.961809774344786      98.6640049758867        0.110414467436846       5.03497083025098        28.7741315261158        5.03497083025098        0.0631885969851387      0.0452414328861474      -0.224538730078345      -0.725269163858253      
-0.951860701411101      98.6540108729093        0.113009939355431       5.03587111861378        28.7752464249597        5.03587111861379        0.0452414328861474      0.0235923195422548      -0.601235823669825      -0.500756747748793      
-0.94191093888154       98.6490588759562        0.117147949270896       5.03634059488941        28.7758654623573        5.03634059488942        0.0235923195422548      0.00864488883668298     -0.725269163858253      -0.0310202545412599     
-0.931960459485272      98.6477491982252        0.122375569549589       5.03651263047956        28.7761659133979        5.03651263047955        0.00864488883668298     0.00771902799062423     -0.500756747748793      0.590247132298352       
-0.922010648173152      98.646738213648         0.127732368494866       5.03666621487377        28.7764572051581        5.03666621487375        0.00771902799062423     0.0253339138068973      -0.0310202545412599     1.03850523154361        
-0.912067036686128      98.6415505077569        0.131951049611882       5.03717018477543        28.7771401520284        5.03717018477542        0.0253339138068973      0.0563203469925922      0.590247132298352       0.958343790395275       
-0.902117885110497      98.6291775396802        0.134119129685318       5.03829044269944        28.7785348992809        5.03829044269942        0.0563203469925922      0.0849096875617101      1.03850523154361        0.297378232895682       
-0.892178158341198      98.6102347699033        0.134384887988815       5.03997892688579        28.7805925702134        5.03997892688579        0.0849096875617101      0.0937795184931266      0.958343790395275       -0.465870355092074      
-0.882235466802464      98.5894153136029        0.134103374369908       5.04184348191126        28.7828768826285        5.04184348191127        0.0937795184931266      0.0798865727436464      0.297378232895682       -1.01682502213367       
-0.872295923227241      98.5715400984378        0.134827049103164       5.04343164900405        28.7847999536657        5.04343164900405        0.0798865727436464      0.0495631963867781      -0.465870355092074      -1.15212901700074       
-0.862357150468482      98.5610384401147        0.13767105658106        5.04441699058918        28.7860781431299        5.0444169905892         0.0495631963867781      0.0152054275855201      -1.01682502213367       -0.870635285994868      
-0.852413221024245      98.5582956903144        0.142897136512824       5.04471930420303        28.7865401666091        5.04471930420304        0.0152054275855201      -0.0107585641489794     -1.15212901700074       -0.124018261094431      
-0.842475944403394      98.5616616878304        0.149912071151272       5.0445054181252         28.7864214634749        5.0445054181252         -0.0107585641489794     -0.0144568244586094     -0.870635285994868      0.780686443752891       
-0.832533344685482      98.5662389209791        0.157216746557008       5.04421802100392        28.786269835571         5.04421802100391        -0.0144568244586094     0.0088225996451834      -0.124018261094431      1.43013733247517        
-0.822596450056792      98.5658334862663        0.162974865207625       5.04439340753385        28.7867110731729        5.04439340753384        0.0088225996451834      0.0514682439106691      0.780686443752891       1.50517585546224        
-0.812654369425233      98.5562456165622        0.165871931696322       5.04541657141199        28.7882300848209        5.045416571412          0.0514682439106691      0.0963486382590332      1.43013733247517        0.632877230328591       
-0.802716389437068      98.5367136289499        0.16574846580673        5.04733177888279        28.7908401546415        5.04733177888277        0.0963486382590332      0.115215620740316       1.50517585546224        -0.645295039942277      
-0.792778653411604      98.5118630584141        0.164388293214313       5.04962127584943        28.7937377341941        5.04962127584941        0.115215620740316       0.095985906701664       0.632877230328591       -1.42043873394047       
-0.782849283220023      98.489551405837         0.164379828096503       5.05152774993281        28.7959112261046        5.05152774993282        0.095985906701664       0.053679204735345       -0.645295039942277      -1.99099816835277       
-0.77292171786211       98.4752545772337        0.167284366060396       5.05259331954049        28.7968578557042        5.05259331954047        0.053679204735345       -0.00559419491938186    -1.42043873394047       -1.72308214175317       
-0.763004825542796      98.4761176964069        0.174231271087936       5.0524823182525         28.7966677305797        5.0524823182525         -0.00559419491938186    -0.0568741291046079     -1.99099816835277       -0.45460290897057       
-0.753081720647708      98.4921486262231        0.18468423472881        5.0513540289687         28.7957957517197        5.05135402896871        -0.0568741291046079     -0.0704025845923613     -1.72308214175317       0.696666555650268       
-0.743168108526682      98.5156716413436        0.196072573376677       5.04995732321967        28.7952524286298        5.04995732321966        -0.0704025845923613     -0.0496633119470666     -0.45460290897057       1.93568865600248        
-0.733240753751246      98.5320268155106        0.206088973247607       5.04897145993731        28.7948314598671        5.04897145993732        -0.0496633119470666     0.00799540672452985     0.696666555650268       2.70474841782906        
-0.723307201194737      98.5303448359076        0.212219264766618       5.04913030230711        28.79503862959          5.04913030230713        0.00799540672452985     0.0886014721470209      1.93568865600248        1.56383821139908        
-0.713368255321323      98.5116395766143        0.212904528263423       5.05089092282282        28.7973247058911        5.05089092282278        0.0886014721470209      0.135207130812681       2.70474841782906        -0.507047594485866      
-0.703437233207568      98.4833319356891        0.210451018787536       5.05357692715455        28.8008418273813        5.0535769271546         0.135207130812681       0.120100841056078       1.56383821139908        -2.05935093613332       
-0.693506526974605      98.4551189651101        0.20905348644237        5.05596184912672        28.8035103572125        5.05596184912667        0.120100841056078       0.058774021528066       -0.507047594485866      -3.17340496414985       
-0.68358363648067       98.4379906914272        0.211843683706186       5.05712844407349        28.8043272994139        5.05712844407349        0.058774021528066       -0.0357053099762889     -2.05935093613332       -2.97507442644686       
-0.673662484626212      98.4434793429696        0.221066578544067       5.05641985690875        28.803112208376         5.05641985690873        -0.0357053099762889     -0.124275204046292      -3.17340496414985       -1.35796275786468       
-0.663736822470588      98.4721297500969        0.23632095290269        5.05395316473709        28.8002758027565        5.05395316473709        -0.124275204046292      -0.164712011110736      -2.97507442644686       0.252235644397278       
-0.653812044617334      98.5108722452562        0.25434289060046        5.05068294853421        28.7966196712492        5.05068294853417        -0.164712011110736      -0.157198099553713      -1.35796275786468       2.86633472949595        
-0.643878971859095      98.5485348693704        0.271895137833329       5.04756036021651        28.7932190559991        5.04756036021649        -0.157198099553713      -0.0717852093561968     0.252235644397278       4.83388119107246        
-0.633941828203313      98.5663076818285        0.283679498323616       5.04613400824986        28.7917464232632        5.04613400824987        -0.0717852093561968     0.0722704240348087      2.86633472949595        3.69169672977005        
-0.624009749483216      98.5507108279716        0.285690713778882       5.04756974171773        28.7935636905207        5.04756974171774        0.0722704240348087      0.1822585668431         4.83388119107246        -0.462582391194289      
-0.614078795315978      98.5096077716735        0.280256916480598       5.05118917341323        28.7978779384136        5.05118917341321        0.1822585668431         0.168482491471066       3.69169672977005        -3.33204396968758       
-0.604155234294057      98.4719471242011        0.275789657189376       5.05453343077856        28.8019023889376        5.05453343077855        0.168482491471066       0.0692805346337446      -0.462582391194289      -4.31200928644992       
-0.594234736058192      98.4572196357943        0.278075293554958       5.05590829228984        28.8036650790721        5.05590829228984        0.0692805346337446      -0.0591005861995947     -3.33204396968758       -5.22085384194506       
-0.584309602398117      98.4722970845933        0.28909017998504        5.05473509284989        28.8025281224592        5.05473509284991        -0.0591005861995947     -0.214592588037684      -4.31200928644992       -3.54834747931725       
-0.574378581039107      98.5234643666274        0.310685469587583       5.05047327283975        28.7978622913586        5.05047327283974        -0.214592588037684      -0.320322914225703      -5.22085384194506       0.829253504050267       
-0.564445652923877      98.5994850179149        0.339508387324214       5.04410878215459        28.7908124319427        5.04410878215462        -0.320322914225703      -0.295601449832244      -3.54834747931725       6.73238188967141        
-0.554504563590146      98.6695785834391        0.366708125699699       5.03823230379744        28.7842624310914        5.03823230379744        -0.295601449832244      -0.0947971573200325     0.829253504050267       9.14908649707739        
-0.544560201259847      98.693205238783         0.380257540834075       5.03634682383383        28.7823212736084        5.03634682383383        -0.0947971573200325     0.178158146877477       6.73238188967141        9.38607816361542        
-0.534610764126594      98.6528688583228        0.375200581421308       5.03989064476297        28.7865614143732        5.039890644763          0.178158146877477       0.45810116038469        9.14908649707739        10.8127602089639        
-0.524671133744971      98.5478967379631        0.351110156854114       5.04899698331812        28.7972230531094        5.04899698331811        0.45810116038469        0.780264475285763       9.38607816361542        9.48909700914104        
-0.514742942366376      98.3688423613183        0.305274707580445       5.06448538944296        28.8151454654005        5.06448538944298        0.780264475285763       1.06248884197771        10.8127602089639        10.4551123241164        
-0.504838554896284      98.1261435139053        0.240658319350865       5.0855312231906         28.8393124817279        5.08553122319062        1.06248884197771        1.37268860907571        9.48909700914104        6.4697241371537         
-0.494959418125515      97.8148841491541        0.155716757934624       5.11264646824409        28.8701957615715        5.11264646824406        1.37268860907571        1.56404319246923        10.4551123241164        -5.85298485207069       
-0.485115311361602      97.4635517062671        0.058795106082778       5.14343492238097        28.9049429309619        5.14343492238099        1.56404319246923        1.39153695582989        6.4697241371537         -9.80602401276055       
-0.475312324210222      97.1526972357871        -0.0258656530446511     5.17072516859532        28.9352696201368        5.17072516859529        1.39153695582989        1.10351222424516        -5.85298485207069       -9.88524822785945       
-0.46553923394829       96.9080862509456        -0.091041566682339      5.19229737242421        28.9590400855946        5.19229737242418        1.10351222424516        0.813952683236284       -9.80602401276055       -9.68682798086244       
-0.455791048001288      96.7309966833815        -0.136970341156095      5.20817274403504        28.9767648421321        5.20817274403503        0.813952683236284       0.530771377777086       -9.88524822785945       -7.33734002070078       
-0.446052415613617      96.6205619036123        -0.164307494347271      5.21850845956126        28.9889409850712        5.2185084595613         0.530771377777086       0.316523201937953       -9.68682798086244       -3.88901069507298       
-0.4363318494292        96.5604613126154        -0.177710176737191      5.22466682912296        28.9970182152359        5.22466682912298        0.316523201937953       0.203023752524895       -7.33734002070078       -1.99998159554653       
-0.426599019317588      96.5202311419669        -0.183676604066176      5.22861666826975        29.001933538247         5.22861666826974        0.203023752524895       0.144662540138256       -3.88901069507298       -0.942742297716225      
-0.416875127104721      96.4882381100123        -0.185881325180447      5.23143095886927        29.0049293516196        5.23143095886928        0.144662540138256       0.117153237855853       -1.99998159554653       -0.446581623979325      
-0.407147388493408      96.4637677560407        -0.18625865199383       5.23370979153514        29.0075669964799        5.23370979153511        0.117153237855853       0.104123498647337       -0.942742297716225      -0.218798092961558      
-0.397423306218454      96.442371886438         -0.185789094996003      5.23573507662975        29.0099612018353        5.23573507662976        0.104123498647337       0.0977391412299504      -0.446581623979325      -0.147507920135179      
-0.387697614236279      96.4210043417867        -0.184851830216205      5.23763642627808        29.0120137356596        5.2376364262781         0.0977391412299504      0.0934354107148035      -0.218798092961558      -0.0625756273067356     
-0.377966463854731      96.4006537935738        -0.183680589120072      5.23945387397867        29.0139845296717        5.23945387397872        0.0934354107148035      0.0916103762961297      -0.147507920135179      -0.0814451203936909     
-0.368251696143022      96.3810893589526        -0.182337238087276      5.24123449006557        29.0159694461008        5.24123449006554        0.0916103762961297      0.0892363072374525      -0.0625756273067356     -0.0786275645248544     
-0.358538704995373      96.3625888021366        -0.180848552612703      5.24296802588373        29.0179821254851        5.2429680258837         0.0892363072374525      0.0869453095193728      -0.0814451203936909     -0.0847997537605877     
-0.348826753185657      96.345136065061         -0.179156579453283      5.24465680427373        29.020026803982         5.24465680427368        0.0869453095193728      0.0844747304998703      -0.0786275645248544     -0.0704578203888122     
-0.339116736041759      96.3286652466996        -0.177304199869001      5.24629745556675        29.0220844467881        5.24629745556673        0.0844747304998703      0.0824221787181939      -0.0847997537605877     -0.111489603517769      
-0.329405122796911      96.3128240746098        -0.175283512664862      5.2478981482169         29.0241247674725        5.24789814821692        0.0824221787181939      0.0791746441600348      -0.0704578203888122     -0.093508706401383      
-0.319697057571957      96.2983650071636        -0.173078987439209      5.24943554334914        29.0261967894238        5.24943554334918        0.0791746441600348      0.0764514280240117      -0.111489603517769      -0.114604898753934      
-0.309989258687014      96.2849658296186        -0.170643385874861      5.25091967620887        29.0282799352012        5.25091967620885        0.0764514280240117      0.0731145404420332      -0.093508706401383      -0.112066595490251      
-0.300287411209917      96.2730981952033        -0.168008686985221      5.25233872093722        29.0304128296303        5.25233872093721        0.0731145404420332      0.0698519299676853      -0.114604898753934      -0.108299574846927      
-0.29058187303916       96.2636594869803        -0.165149524158479      5.25369442931851        29.0327358795941        5.25369442931853        0.0698519299676853      0.06669941666334        -0.112066595490251      -0.115627306823109      
-0.28087816338905       96.2577562579477        -0.162080694372633      5.25498876490857        29.035421691181         5.25498876490856        0.06669941666334        0.0633339195159115      -0.108299574846927      -0.116168951771604      
-0.27118011906174       96.2569712408422        -0.158776797090281      5.2562175568055         29.0386978071514        5.25621755680549        0.0633339195159115      0.0599526117315237      -0.115627306823109      -0.105876602057871      
-0.261476321873825      96.263967737774         -0.15524148765008       5.25738099326412        29.0429668571917        5.2573809932641         0.0599526117315237      0.0568704897377179      -0.116168951771604      -0.114455668039734      
-0.251770091502408      96.2824417298271        -0.151506948463709      5.25848482616947        29.0488025818289        5.25848482616945        0.0568704897377179      0.0535377718747354      -0.105876602057871      -0.130852048993227      
-0.242067168854736      96.3174311933476        -0.147529128896353      5.2595241531311         29.0569514267227        5.2595241531311         0.0535377718747354      0.0497260576428217      -0.114455668039734      -0.104281107003096      
-0.23235331190408       96.3761929528212        -0.143327238594587      5.26049010059624        29.068482616099         5.26049010059622        0.0497260576428217      0.0466860940576739      -0.130852048993227      -0.118041616980274      
-0.222633192494938      96.4675641024444        -0.138895648990892      5.26139782924056        29.084767845063         5.26139782924056        0.0466860940576739      0.0432414208195616      -0.104281107003096      -0.094534425196212      
-0.212900820562433      96.6035636346988        -0.134268810662424      5.26223951769667        29.1075903648526        5.26223951769669        0.0432414208195616      0.0404792719110299      -0.118041616980274      -0.123705965084025      
-0.203155952103705      96.7980048181804        -0.129394255971754      5.26302854773573        29.1390534827387        5.26302854773576        0.0404792719110299      0.0368583946319009      -0.094534425196212      -0.0887403046696795     
-0.19339366218256       97.07004410884          -0.124350109822137      5.26374844413706        29.1819662819986        5.26374844413709        0.0368583946319009      0.0342544557321889      -0.123705965084025      -0.106927120792591      
-0.183600291360793      97.4417156731342        -0.11909319906584       5.26441948149122        29.2396439302184        5.26441948149126        0.0342544557321889      0.0311053417755237      -0.0887403046696795     -0.0926430499277208     
-0.173769756949264      97.9363806828597        -0.113638939131927      5.26503142312281        29.3154715057361        5.2650314231228         0.0311053417755237      0.0283635321005413      -0.106927120792591      -0.097874625894196      
-0.163877795197431      98.5763793649826        -0.107973194631849      5.26559255204385        29.4126687271461        5.26559255204384        0.0283635321005413      0.0254488053484925      -0.0926430499277208     -0.069871033776111      
-0.153925324772944      99.3849064451149        -0.102114072675044      5.26609946578668        29.5344658192729        5.26609946578665        0.0254488053484925      0.0233512591168923      -0.097874625894196      -0.0898678262599457     
-0.143884306821967      100.382318098858        -0.0960435396505128     5.26656878029449        29.6836201350463        5.26656878029451        0.0233512591168923      0.0206259194160313      -0.069871033776111      -0.071133174605567      
-0.133722735882105      101.571863617288        -0.0897809232239183     5.26698809172321        29.8601684558318        5.26698809172318        0.0206259194160313      0.0184425936556528      -0.0898678262599457     -0.0742136017977874     
-0.123428206011148      102.941941363178        -0.0833121248561562     5.26736786531599        30.0619658352999        5.26736786531601        0.0184425936556528      0.0161339183294187      -0.071133174605567      -0.0596695298201669     
-0.11299443498521       104.480477901662        -0.0766319350074694     5.26770474910942        30.2867492927135        5.26770474910939        0.0161339183294187      0.0142499743380733      -0.0742136017977874     -0.0640572311714234     
-0.102395567437632      106.159887214066        -0.0697271422165134     5.26800697417604        30.5300678627218        5.26800697417602        0.0142499743380733      0.0121951061855112      -0.0596695298201669     -0.0548364716224236     
-0.0916094439606649     107.932602860201        -0.0626142624322323     5.26826992883238        30.7846846659451        5.2682699288324         0.0121951061855112      0.0104077989378047      -0.0640572311714234     -0.0538380395837265     
-0.0806559390654574     109.736270328927        -0.055307208746266      5.26849786907963        31.041512699091         5.26849786907959        0.0104077989378047      0.00862573531594112     -0.0548364716224236     -0.0473402460830767     
-0.0695472562990081     111.502196588266        -0.0478281606644282     5.26868962470565        31.2908523985442        5.26868962470561        0.00862573531594112     0.00703462864945582     -0.0538380395837265     -0.0402211595856129     
-0.0582568445296463     113.157008401789        -0.0401661611635351     5.26884845907378        31.5226672240565        5.26884845907377        0.00703462864945582     0.00566280074871685     -0.0473402460830767     -0.0442052350397981     
-0.046788496433615      114.612512669242        -0.0323264130965196     5.26897818009155        31.7251432468451        5.26897818009157        0.00566280074871685     0.00413583227422871     -0.0402211595856129     -0.0279459468275701     
-0.0352004597158442     115.744347247554        -0.0243644327246406     5.26907397972656        31.8816961171172        5.26907397972654        0.00413583227422871     0.00316095264670454     -0.0442052350397981     -0.0405331217386581     
-0.0235182274457004     116.448089461313        -0.0162935136747793     5.26914780782353        31.9786959112447        5.2691478078235         0.00316095264670454     0.00173737513440724     -0.0279459468275701     -0.0276184506246219     
-0.0117581675205403     116.722051569418        -0.00814150906309693    5.26918861217136        32.0164151886407        5.26918861217134        0.00173737513440724     0.000763636305571646    -0.0405331217386581     -0.042113359333631      
1.18895183983782e-05    116.756488465761        3.28963277954546e-05    5.2692065848688         32.021192405706         5.2692065848688         0.000763636305571646    -0.000723063594857452   -0.0276184506246219     -0.026910332429696      
0.0117830695828569      116.72173155671         0.00819987818465214     5.26918956592135        32.0163741970389        5.26918956592135        -0.000723063594857452   -0.00167191514503765    -0.042113359333631      -0.0409942615960056     
0.0235452045608229      116.447838890679        0.0163461916264009      5.26915029408943        31.9786690502929        5.26915029408945        -0.00167191514503765    -0.0031117605551537     -0.026910332429696      -0.029664434111688      
0.0352280141886343      115.744181354889        0.0244114859947283      5.26907761444363        31.8816842659217        5.26907761444361        -0.0031117605551537     -0.00414656371212574    -0.0409942615960056     -0.0461235801807228     
0.0468131381142733      114.612474788442        0.0323628769748183      5.2689815752257         31.7251482253254        5.26898157522572        -0.00414656371212574    -0.00573969534654545    -0.029664434111688      -0.0419018045827229     
0.0582823969234429      113.156903989081        0.0402002946320783      5.26885009868941        31.5226575854643        5.26885009868949        -0.00573969534654545    -0.00716893931742354    -0.0461235801807228     -0.0488424877470221     
0.0695718267340227      111.502144857085        0.0478718324803803      5.26868820845292        31.290840934309         5.26868820845292        -0.00716893931742354    -0.00881083677092463    -0.0419018045827229     -0.0444874971936185     
0.0806880567243155      109.73636122526         0.0553718941694358      5.26849228339665        31.0415091000021        5.26849228339664        -0.00881083677092463    -0.0102835854668599     -0.0488424877470221     -0.0591165329517392     
0.0916398216782695      107.932636608159        0.0626761468060888      5.26826705284666        30.7846810759734        5.26826705284665        -0.0102835854668599     -0.0122102136299921     -0.0444874971936185     -0.0600374856728855     
0.102423956970595       106.15981344812         0.0697862096979501      5.26800384524678        30.5300481890486        5.26800384524671        -0.0122102136299921     -0.0141356180381515     -0.0591165329517392     -0.0668790913182294     
0.113016615101704       104.480437651329        0.076674485559858       5.26770414064007        30.2867417096379        5.26770414064001        -0.0141356180381515     -0.01624674087142       -0.0600374856728855     -0.0785031080764209     
0.123451338008538       102.941993627107        0.083356538881549       5.26736494339359        30.0619651285604        5.26736494339352        -0.01624674087142       -0.0186887086319389     -0.0668790913182294     -0.0692349767060064     
0.133744962080344       101.571893172959        0.0898224840168224      5.26698008779918        29.8601501118699        5.26698008779919        -0.0186887086319389     -0.020813956256677      -0.0785031080764209     -0.0774280419576868     
0.143908885882681       100.382384866474        0.096071517160447       5.26655689881088        29.683596523378         5.26655689881088        -0.020813956256677      -0.023162353330082      -0.0692349767060064     -0.0793159460239549     
0.153951378624229       99.3849141380798        0.102119584173008       5.26609130574603        29.5344440798891        5.26609130574609        -0.023162353330082      -0.0255438419717259     -0.0774280419576868     -0.0969445704418241     
0.163905039272835       98.5764305252666        0.107974277712188       5.2655824178343         29.4126480556327        5.26558241783432        -0.0255438419717259     -0.0284314565840138     -0.0793159460239549     -0.0882198315169299     
0.173799498646649       97.9363651395051        0.113628756986603       5.26501981141979        29.3154368526759        5.26501981141981        -0.0284314565840138     -0.031042813276792      -0.0969445704418241     -0.10897465478818       
0.183633253501964       97.4417563781877        0.119073445952713       5.26440899740725        29.2396209220895        5.26440899740733        -0.031042813276792      -0.034252491821051      -0.0882198315169299     -0.0946093146857137     
0.193424290669685       97.0701085020444        0.124326635563534       5.26373801391529        29.1819470488489        5.26373801391525        -0.034252491821051      -0.0370285908945105     -0.10897465478818       -0.115123299166126      
0.203187128863654       96.7981366890058        0.129359503814014       5.2630148317993         29.139035361658         5.26301483179923        -0.0370285908945105     -0.0403980113037403     -0.0946093146857137     -0.0978556943171013     
0.21293115721323        96.6035954264625        0.134202940252961       5.2622274345597         29.1075617360345        5.26222743455967        -0.0403980113037403     -0.0432569673810564     -0.115123299166126      -0.124098535670935      
0.222662242578187       96.4676175143363        0.138820252645086       5.26138554112773        29.0847419327549        5.26138554112779        -0.0432569673810564     -0.0468779906087847     -0.0978556943171013     -0.111351101891218      
0.23238126100029        96.3762979322462        0.143248488239831       5.26047418344979        29.0684544701252        5.26047418344971        -0.0468779906087847     -0.0501238761530981     -0.124098535670935      -0.120832982165285      
0.242094252390378       96.3176247586317        0.147434708748015       5.25950052934054        29.0569153674545        5.25950052934053        -0.0501238761530981     -0.0536437779139029     -0.111351101891218      -0.112675224638049      
0.251799164000504       96.2826158643953        0.151406772857732       5.25845907287744        29.048757717342         5.25845907287744        -0.0536437779139029     -0.056924622874205      -0.120832982165285      -0.11536379096482       
0.261504951833491       96.2641827049337        0.155155049598631       5.25735423639454        29.042925379423         5.2573542363945         -0.056924622874205      -0.0602828254003452     -0.112675224638049      -0.119426784936985      
0.271205989457877       96.2572317722323        0.158681618071262       5.25618448880811        29.038645760917         5.25618448880809        -0.0602828254003452     -0.0637585502956039     -0.11536379096482       -0.109897753370402      
0.280906778049237       96.2581444888117        0.161979143368141       5.25494757406285        29.0353664481           5.25494757406289        -0.0637585502956039     -0.0669569455338881     -0.119426784936985      -0.11641664508655       
0.290604127779022       96.2640131182256        0.165030485294217       5.2536484446552         29.0326621467051        5.25364844465527        -0.0669569455338881     -0.0703457992702348     -0.109897753370402      -0.113572471162892      
0.300313558239952       96.2735645519313        0.16786938531209        5.25228298824032        29.0303291206904        5.25228298824028        -0.0703457992702348     -0.0736523881485421     -0.11641664508655       -0.113048384994753      
0.310018611378042       96.2855393458544        0.170477021082701       5.25085332455578        29.0281829831179        5.25085332455572        -0.0736523881485421     -0.0769439803508724     -0.113572471162892      -0.0896201874661938     
0.319720998016327       96.2990766246979        0.172864620707084       5.24935988610978        29.0260948660311        5.24935988610981        -0.0769439803508724     -0.0795536851185118     -0.113048384994753      -0.103574856060068      
0.329430022383905       96.3136702454699        0.175047967643476       5.24781528062542        29.0240231086622        5.24781528062539        -0.0795536851185118     -0.0825703990385604     -0.0896201874661938     -0.0754285029886575     
0.339141364120883       96.3295140619632        0.177065023326145       5.24621174500889        29.0219752389711        5.24621174500886        -0.0825703990385604     -0.0847677023824804     -0.103574856060068      -0.0941754893478568     
0.34885010358742        96.3460447575037        0.178875854750227       5.24456549189638        29.0199110271984        5.24456549189635        -0.0847677023824804     -0.0875113189565051     -0.0754285029886575     -0.0665923827664962     
0.358562800765366       96.3636718009045        0.180532388154315       5.24286576120302        29.0178621860389        5.24286576120307        -0.0875113189565051     -0.0894516431376864     -0.0941754893478568     -0.0800565996959648     
0.368274629123398       96.3822043283817        0.182000337012437       5.24112801893631        29.0158425586301        5.24112801893637        -0.0894516431376864     -0.0917850449846763     -0.0665923827664962     -0.0447322536802841     
0.377991497054027       96.4017187679159        0.183331749727213       5.23934420972167        29.0138411519369        5.23934420972176        -0.0917850449846763     -0.0930894849165984     -0.0800565996959648     -0.141866133094878      
0.38771521082905        96.4220087378135        0.184509735038303       5.23753392533511        29.0118809545692        5.23753392533509        -0.0930894849165984     -0.0972283244224684     -0.0447322536802841     -0.220465862628946      
0.397444338988898       96.4433960350933        0.185469730354653       5.23564244847463        29.0098586161206        5.23564244847469        -0.0972283244224684     -0.103661650075673      -0.141866133094878      -0.455619751699203      
0.407170307946501       96.4647735248202        0.185948750491007       5.23362579640947        29.0074854466997        5.23362579640938        -0.103661650075673      -0.116957255308123      -0.220465862628946      -0.924879597249213      
0.41689759542045        96.4891790860412        0.185580804017099       5.23135053170082        29.0048478222503        5.23135053170091        -0.116957255308123      -0.143945710678991      -0.455619751699203      -1.92206250814664       
0.42662467981871        96.5208874354137        0.183429571984091       5.22855022932355        29.001847876039         5.22855022932355        -0.143945710678991      -0.20003112434513       -0.924879597249213      -3.79276102287199       
0.43635098070405        96.5605898566669        0.177645984119362       5.2246590995945         28.9970160665095        5.22465909959444        -0.20003112434513       -0.310705623733026      -1.92206250814664       -7.23564487089518       
0.446076537325194       96.6192974024626        0.164663124244775       5.21861470565076        28.9890463875046        5.21861470565073        -0.310705623733026      -0.521943312546395      -3.79276102287199       -10.2768684125617       
0.455806651623256       96.7279201398833        0.13793142021578        5.20845345640193        28.9770849115626        5.20845345640195        -0.521943312546395      -0.822331666140803      -7.23564487089518       -9.02520334423398       
0.465557084207915       96.9066927998291        0.0914766953836066      5.19241656983049        28.9591642783796        5.19241656983043        -0.822331666140803      -1.0866693960293        -10.2768684125617       -9.62696431093452       
0.475329556101661       97.147550121438         0.0273884483787584      5.17117374163698        28.935758162187         5.17117374163706        -1.0866693960293        -1.3694005345875        -9.02520334423398       -6.49421411819935       
0.48513131133364        97.4533502302304        -0.0557809455544842     5.14432360706702        28.9059270213205        5.14432360706708        -1.3694005345875        -1.56075295526037       -9.62696431093452       6.01192350937566        
0.494969764623966       97.8037671465797        -0.152433339255651      5.11361119112127        28.8712786408502        5.11361119112135        -1.56075295526037       -1.38298258566817       -6.49421411819935       10.2853908329977        
0.504846999389609       98.1172313448462        -0.238052936677012      5.08629793730744        28.8401765887916        5.0862979373074         -1.38298258566817       -1.07786013273793       6.01192350937566        10.7715587073092        
0.514753133312448       98.3634011081708        -0.303698033581545      5.06494792978273        28.8156642820422        5.0649479297828         -1.07786013273793       -0.757488434114764      10.2853908329977        9.27686418554317        
0.524679174269598       98.5370334801986        -0.347991320777861      5.04991126399961        28.798242865748         5.04991126399961        -0.757488434114764      -0.481087915974356      10.7715587073092        9.83045855238939        
0.53462233235709        98.6474101187925        -0.373638643607613      5.0403479486832         28.7870709183586        5.04034794868314        -0.481087915974356      -0.187901363579605      9.27686418554317        9.39175779768372        
0.544567013383386       98.6898500057813        -0.379361994279111      5.03661064670088        28.7825858596372        5.03661064670093        -0.187901363579605      0.0922954097347179      9.83045855238939        6.51560652325004        
0.554513895702298       98.6669672688015        -0.365990973752622      5.03844644000639        28.7844932206481        5.0384464400064         0.0922954097347179      0.286647565393671       9.39175779768372        1.10813066359917        
0.564456264940027       98.598893996224         -0.339400119842909      5.04414583380521        28.7908318847295        5.04414583380516        0.286647565393671       0.319686894090859       6.51560652325004        -3.39460570601449       
0.574390506387901       98.5231866928723        -0.310609780436122      5.05049825116083        28.7978929232431        5.05049825116076        0.319686894090859       0.218533759783432       1.10813066359917        -5.12269691866346       
0.584321148028622       98.4710134525272        -0.288737330951378      5.05483830825876        28.8026344585844        5.05483830825879        0.218533759783432       0.0659537745802861      -3.39460570601449       -4.53565261403356       
0.594245409407714       98.454448602461         -0.277254089966977      5.056147665314          28.8039415833178        5.056147665314          0.0659537745802861      -0.0691003407290727     -5.12269691866346       -3.43552008095175       
0.604171540529552       98.469197020581         -0.27495409514272       5.05477611588129        28.8021916194365        5.05477611588137        -0.0691003407290727     -0.171401381236384      -4.53565261403356       -0.452150511390514      
0.614092344536863       98.507449899009         -0.279620221272306      5.05137341151579        28.7980877043389        5.05137341151583        -0.171401381236384      -0.18487104722954       -3.43552008095175       3.5815339327553         
0.624029120509835       98.5492232431649        -0.285226929066763      5.04770062304897        28.7937196730327        5.04770062304904        -0.18487104722954       -0.0781391371406247     -0.452150511390514      4.83699361358449        
0.633968281749522       98.5661359819644        -0.283607352370946      5.04614785587119        28.7917608511792        5.04614785587119        -0.0781391371406247     0.0660178599116338      3.5815339327553         3.04156349052014        
0.643896831222505       98.5497700126949        -0.272214343088628      5.04745930377344        28.7931112575939        5.04745930377344        0.0660178599116338      0.156636461804425       4.83699361358449        0.489749207152355       
0.653830665408522       98.5123200116679        -0.254687580342419      5.05057003691536        28.7965093867859        5.05057003691537        0.156636461804425       0.171224099802725       3.04156349052014        -1.44123801936597       
0.663753592213367       98.4719263628349        -0.23621900223144       5.05396964742326        28.8002930240031        5.05396964742329        0.171224099802725       0.128306321491613       0.489749207152355       -3.10831453869933       
0.673683390545322       98.4424175129265        -0.220699390574228      5.05651653183859        28.8032322141188        5.05651653183855        0.128306321491613       0.0357725022061394      -1.44123801936597       -3.13094567577908       
0.683600928393227       98.4367780647303        -0.211491283487043      5.05722638029415        28.8044287920022        5.05722638029414        0.0357725022061394      -0.0574355289086908     -3.10831453869933       -1.90477773365641       
0.693522875907998       98.4537600725485        -0.208619688221101      5.05608649979012        28.8036666403309        5.0560864997901         -0.0574355289086908     -0.114150130638424      -3.13094567577908       -0.527841058295986      
0.703453965262087       98.4803883253226        -0.209620428179321      5.05382002887955        28.8011041157092        5.05382002887958        -0.114150130638424      -0.129871906555839      -1.90477773365641       1.12546308698741        
0.713380190623435       98.5075947712483        -0.211722601769639      5.05124096263708        28.7977313296083        5.05124096263701        -0.129871906555839      -0.0963399838069625     -0.527841058295986      2.64606626413488        
0.723313727333479       98.5280631265313        -0.211567548942444      5.04932714650276        28.7952665044428        5.04932714650276        -0.0963399838069625     -0.0174991263555299     1.12546308698741        2.11060033152694        
0.733250892656849       98.5319499816943        -0.206072221882968      5.04897951559202        28.794843204091         5.04897951559199        -0.0174991263555299     0.0453701889148668      2.64606626413488        0.808137896323717       
0.743174255729543       98.5165316613642        -0.196341682317707      5.04988020721211        28.795158253889         5.04988020721217        0.0453701889148668      0.0694281276324982      2.11060033152694        -0.383213361056251      
0.753094480189153       98.4932944414128        -0.185009313431523      5.05125761487546        28.7956884377204        5.05125761487539        0.0694281276324982      0.0580245451906223      0.808137896323717       -1.59992891842945       
0.763009331879836       98.4769531875118        -0.174479432788827      5.05240858949265        28.796579778151         5.05240858949262        0.0580245451906223      0.0104134550054934      -0.383213361056251      -1.98262527605151       
0.772931395036721       98.4750951717731        -0.167208138645332      5.05261519988907        28.7968969009806        5.05261519988899        0.0104134550054934      -0.0486058174774346     -1.59992891842945       -1.51128088575267       
0.782853847692622       98.488114758721         -0.163978759279046      5.05165038479778        28.7960507367156        5.05165038479784        -0.0486058174774346     -0.0936182350026227     -1.98262527605151       -0.722820640487307      
0.792786451876887       98.509949811996         -0.163834006123386      5.04979093706923        28.7939418330709        5.04979093706925        -0.0936182350026227     -0.115157761669607      -1.51128088575267       0.455377425685426       
0.80272284094894        98.5347443658901        -0.165185887856871      5.04750255190965        28.7910395099643        5.04750255190958        -0.115157761669607      -0.101583171077289      -0.722820640487307      1.52226123253633        
0.812660939676231       98.5554820705242        -0.165654345634123      5.04548358220029        28.7883097432119        5.04548358220025        -0.101583171077289      -0.0561969507222027     0.455377425685426       1.53390275230248        
0.822598435528774       98.5661086893549        -0.163079049555966      5.04436651285718        28.786674520665         5.0443665128572         -0.0561969507222027     -0.0104585868868794     1.52226123253633        0.836433828207964       
0.832540859539788       98.5668407272374        -0.157425763742987      5.04415859095091        28.7861881358979        5.04415859095091        -0.0104585868868794     0.0144845784774378      1.53390275230248        -0.0932321923889807     
0.842479509867386       98.562330836778         -0.150105344393727      5.04444655722245        28.7863512351891        5.04444655722241        0.0144845784774378      0.0117042640553416      0.836433828207964       -0.807351281461121      
0.852421559690794       98.5586628093873        -0.143006300841448      5.04467924808061        28.7864794939421        5.04467924808058        0.0117042640553416      -0.0123701905526675     -0.0932321923889807     -1.14814418441783       
0.862360533661355       98.5607166316961        -0.13759666502898       5.04443334467686        28.7860778112202        5.04443334467685        -0.0123701905526675     -0.0466046328964083     -0.807351281461121      -1.06241887964198       
0.87229795154701        98.5706947719972        -0.134568745424121      5.04350699902333        28.7848915515634        5.04350699902332        -0.0466046328964083     -0.0782811419501904     -1.14814418441783       -0.491762923640232      
0.882237513774972       98.5881222718455        -0.13374313434351       5.04195098398642        28.7829949825096        5.04195098398649        -0.0782811419501904     -0.0929455100466469     -1.06241887964198       0.23398184726341        
0.892175502296578       98.6088053565307        -0.133973050194436      5.04010308733649        28.7807384754692        5.04010308733648        -0.0929455100466469     -0.0859657861075013     -0.491762923640232      0.892399794904922       
0.90212297361261        98.6278456252464        -0.133783436632552      5.03839310588186        28.7786337829017        5.03839310588184        -0.0859657861075013     -0.0593367081667276     0.23398184726341        1.01752080686886        
0.91207288007521        98.6410168123304        -0.131832889649674      5.03721247614648        28.7771831070742        5.03721247614651        -0.0593367081667276     -0.0289709939198695     0.892399794904922       0.664479424691929       
0.922019840301093       98.6469605644109        -0.127863106523633      5.03663612271292        28.7764036719482        5.03663612271284        -0.0289709939198695     -0.00914073087572339    1.01752080686886        0.0444528267653495      
0.931964322705346       98.6483087870203        -0.122600327103148      5.03645426903269        28.7760808057445        5.03645426903275        -0.00914073087572339    -0.00781394519938516    0.664479424691929       -0.468584825750948      
0.94191814371195        98.6495026404928        -0.117308463531807      5.03629876115282        28.7758106731057        5.03629876115275        -0.00781394519938516    -0.0218015163469501     0.0444528267653495      -0.706145878795385      
0.951868673660336       98.6539889981972        -0.113042733504102      5.03586487786943        28.7752254047858        5.03586487786948        -0.0218015163469501     -0.0428810934287632     -0.468584825750948      -0.632654902961324      
0.961816829973805       98.6635824718378        -0.110290291925688      5.03501156922662        28.7741863252189        5.03501156922662        -0.0428810934287632     -0.0617657605227026     -0.706145878795385      -0.290887273062932      
0.971768815955841       98.6777176590474        -0.108893915121649      5.0337823980024         28.7727347277234        5.03378239800233        -0.0617657605227026     -0.070449234127943      -0.632654902961324      0.182309350872209       
0.981717742951821       98.6945466275605        -0.108155441013636      5.03238034494594        28.7711805053218        5.0323803449459         -0.070449234127943      -0.0650071973978469     -0.290887273062932      0.576047020690053       
0.991671119401364       98.7109294682444        -0.107102588481426      5.0310866948056         28.7698697679702        5.03108669480568        -0.0650071973978469     -0.0478133226395311     0.182309350872209       0.674774337796837       
1.00161565215963        98.7256014878597        -0.104942928566151      5.03013535844682        28.7692874094352        5.0301353584468         -0.0478133226395311     -0.0276709471219033     0.576047020690053       0.415800433266758       
1.01156698759129        98.7354006640468        -0.10147841302173       5.02958466284628        28.7691402043889        5.02958466284628        -0.0276709471219033     -0.0152537770254424     0.674774337796837       -0.0168891224383603     
1.02152294633316        98.7387796583623        -0.097250152528388      5.02928087840478        28.7687636303922        5.02928087840479        -0.0152537770254424     -0.0157583497721253     0.415800433266758       -0.320547363323007      
1.03149041088291        98.7410370007533        -0.0931284946789779     5.02896694122765        28.7681945563535        5.02896694122765        -0.0157583497721253     -0.0253352604169675     -0.0168891224383603     -0.435943383474602      
1.04144343838459        98.7431440136341        -0.0897417839943563     5.02846238876543        28.7670582965136        5.02846238876544        -0.0253352604169675     -0.0383569718043535     -0.320547363323007      -0.357071556783449      
1.05139997811766        98.7468191502082        -0.0873157706941279     5.0276987036328         28.7654090482928        5.02769870363273        -0.0383569718043535     -0.0490218154363711     -0.435943383474602      -0.135428976174453      
1.06135375769344        98.7563150257609        -0.0856934779160212     5.02672254490218        28.7639993507931        5.02672254490218        -0.0490218154363711     -0.0530673471051042     -0.357071556783449      0.18969933737134        
1.07131514147884        98.769062044325         -0.0844114286086247     5.0256656120833         28.7628313005369        5.02566561208326        -0.0530673471051042     -0.0473993677050764     -0.135428976174453      0.410911994098851       
1.08127223503861        98.7812556734408        -0.0828131250094216     5.0247213612201         28.7619043606435        5.02472136122013        -0.0473993677050764     -0.035118499475301      0.18969933737134        0.414457582760616       
1.09123900418361        98.7899272689894        -0.0804438923319271     5.02402153314739        28.7611636835006        5.02402153314734        -0.035118499475301      -0.0227270446645295     0.410911994098851       0.195032149097087       
1.10120361007191        98.7947434993537        -0.0773163024549976     5.02356844511505        28.76056779651          5.023568445115          -0.0227270446645295     -0.0168939600234336     0.414457582760616       -0.0622107235185795     
1.11117977610344        98.7975522461115        -0.0738800312328407     5.02323153501704        28.7600121704066        5.02323153501708        -0.0168939600234336     -0.0187546975935825     0.195032149097087       -0.25078937465732       
1.12114811045719        98.8009510316482        -0.0706624855495391     5.02285756911488        28.7594362695407        5.0228575691149         -0.0187546975935825     -0.0262555073954109     -0.0622107235185795     -0.268080651586669      
1.13111498055563        98.8067303401046        -0.0680341425187594     5.02233412482613        28.758778762597         5.0223341248261         -0.0262555073954109     -0.0342731495030065     -0.25078937465732       -0.150915293089834      
1.14108601003042        98.8148470042071        -0.0660312717554314     5.02165071916916        28.7580031621132        5.0216507191691         -0.0342731495030065     -0.0387868526196021     -0.268080651586669      0.028074774391187       
1.15105702589024        98.8242605743103        -0.0644070642373234     5.0208773131332         28.7571581785799        5.02087731313328        -0.0387868526196021     -0.0379471025863187     -0.150915293089834      0.188445792451748       
1.16102376847367        98.8335402093516        -0.0627926035287109     5.02012064139262        28.7563411924765        5.02012064139266        -0.0379471025863187     -0.0323099422360181     0.028074774391187       0.263002879728813       
1.17099961082208        98.8415258559533        -0.0608653077135331     5.01947621690727        28.755657074646         5.0194762169072         -0.0323099422360181     -0.0244405050888631     0.188445792451748       0.191855599512333       
1.18097134990347        98.8479773792237        -0.0584873448343628     5.01898862408548        28.7551987757629        5.01898862408542        -0.0244405050888631     -0.0186986796414268     0.263002879728813       0.0420006838899404      
1.19095241770293        98.8530292673644        -0.0557978686897716     5.01861550953849        28.7548646854191        5.01861550953855        -0.0186986796414268     -0.0174416912345167     0.191855599512333       -0.086307147537937      
1.20092665996212        98.8579379901674        -0.0530972349454852     5.01826752329904        28.754581653375         5.01826752329904        -0.0174416912345167     -0.0200244425957848     0.0420006838899404      -0.161974822275799      
1.21089991693406        98.8638200302263        -0.0506439445261254     5.01786808652127        28.754292648845         5.01786808652128        -0.0200244425957848     -0.0248717810220289     -0.086307147537937      -0.132633991489726      
1.22087408173537        98.8708890638066        -0.0485917406218879     5.01737182625064        28.7538986697194        5.0173718262507         -0.0248717810220289     -0.0288421542994229     -0.161974822275799      -0.0207694912915332     
1.23085798243878        98.8788244470305        -0.0468826865423989     5.01679610516258        28.7534027368622        5.01679610516257        -0.0288421542994229     -0.0294640151937244     -0.132633991489726      0.104511012068723       
1.24083821359197        98.886821974102         -0.0452974013929651     5.01620794324952        28.7528799099381        5.01620794324957        -0.0294640151937244     -0.0263349168601366     -0.0207694912915332     0.170371998496733       
1.25081793486848        98.8937411313492        -0.0435976351284868     5.01568234298036        28.7523793573036        5.01568234298045        -0.0263349168601366     -0.0212341781576373     0.104511012068723       0.167494237840317       
1.26079486860098        98.8999992747818        -0.0416645468520984     5.01525853307319        28.7520742812231        5.01525853307316        -0.0212341781576373     -0.0162191228527146     0.170371998496733       0.0895819239516098      
1.27077899215761        98.9060341581735        -0.0395085364841632     5.01493474535186        28.7520233266224        5.01493474535182        -0.0162191228527146     -0.0135365440994951     0.167494237840317       -0.00900703792570701    
1.28076047371826        98.9127205485925        -0.0372727986757218     5.01466448814557        28.7522204116741        5.01466448814559        -0.0135365440994951     -0.0138062795149755     0.0895819239516098      -0.0849005473271405     
1.29074340229991        98.9205071615801        -0.035121392075656      5.01438885432512        28.7525618735449        5.01438885432515        -0.0138062795149755     -0.0163485756834983     -0.00900703792570701    -0.0864233522160099     
1.30072482499855        98.9293776812974        -0.0331974735281801     5.01406250082841        28.7529152974698        5.01406250082835        -0.0163485756834983     -0.0189362175983473     -0.0849005473271405     -0.0246523802209341     
1.3107034460396         98.9413128455496        -0.0315031369864034     5.01368454735132        28.7535659037386        5.0136845473514         -0.0189362175983473     -0.0196744822997654     -0.0864233522160099     0.0542388858318504      
1.32068336320202        98.9564035347024        -0.0299240320224572     5.01329170749668        28.7546320107508        5.0132917074966         -0.0196744822997654     -0.0180495572568363     -0.0246523802209341     0.116397552793706       
1.33067885362619        98.9670305559235        -0.028326090206967      5.01293108810257        28.7551416901101        5.01293108810251        -0.0180495572568363     -0.0145617605508395     0.0542388858318504      0.128702837338189       
1.34066676335326        98.9721676245844        -0.0266116099442028     5.01264019049987        28.7550536189114        5.01264019049993        -0.0145617605508395     -0.0107061139544433     0.116397552793706       0.085584211503251       
1.35064908429655        98.9732516708545        -0.0247420219269696     5.01242643176313        28.7545979718182        5.01242643176317        -0.0107061139544433     -0.00814304714707098    0.128702837338189       0.00986162801913116     
1.36062861965126        98.9721648874691        -0.0227688952569989     5.01226387392352        28.7539738294107        5.01226387392357        -0.00814304714707098    -0.00784773212399861    0.085584211503251       -0.0461641685507461     
1.37061278329976        98.9738646481307        -0.0208015285796863     5.01210719441408        28.7537713196565        5.01210719441409        -0.00784773212399861    -0.00923004865817325    0.00986162801913116     -0.0579903512790576     
1.38059480281341        98.9755619607066        -0.0189401101730914     5.01192294745802        28.7534893600881        5.01192294745804        -0.00923004865817325    -0.0109662696878242     -0.0461641685507461     -0.0167808648899539     
1.39056989044106        98.9759521218452        -0.0172160741663223     5.01170409652576        28.752918249185         5.01170409652581        -0.0109662696878242     -0.011468765649241      -0.0579903512790576     0.0468031070861072      
1.40055116460229        98.9769472720299        -0.0155924314383748     5.01147511084072        28.7524059225419        5.01147511084074        -0.011468765649241      -0.0100668041025045     -0.0167808648899539     0.0968054998725362      
1.41054558273256        98.9778231357114        -0.0139977251983687     5.01127401360663        28.7519562523823        5.01127401360656        -0.0100668041025045     -0.00716729463873149    0.0468031070861072      0.103335984245432       
1.42052801973844        98.9763815729797        -0.0123649965796546     5.01113092529029        28.751336391366         5.01113092529027        -0.00716729463873149    -0.00407430976021149    0.0968054998725362      0.0662279179561533      
1.43049685208373        98.9710233463089        -0.0106591886138632     5.01104967167167        28.7503250429316        5.01104967167174        -0.00407430976021149    -0.00209356871007495    0.103335984245432       0.0061978632965427      
1.44046258298967        98.9649677870392        -0.00890889415637554    5.01100794200674        28.7493257764797        5.01100794200666        -0.00209356871007495    -0.00190831882141778    0.0662279179561533      -0.0335049250697693     
1.45042691317885        98.9441369053611        -0.0071618865967971     5.01096992441538        28.7461908847649        5.01096992441533        -0.00190831882141778    -0.00290889840824974    0.0061978632965427      -0.0343281104400344     
1.46037658872718        98.8589342995238        -0.00545945451294662    5.01091204133283        28.7336453272354        5.0109120413328         -0.00290889840824974    -0.00393265220503001    -0.0335049250697693     0.00182243655000308     
1.47031016015148        98.66521236488          -0.0038297351104336     5.01083391681524        28.7052548188109        5.01083391681517        -0.00393265220503001    -0.00387841200080978    -0.0343281104400344     0.0490288478948185      
1.48022455293444        98.3453489521061        -0.00226568769263394    5.0107570434251         28.6584673336946        5.01075704342518        -0.00387841200080978    -0.00242348285530201    0.00182243655000308     0.0819300799624146      
1.49010387917576        98.0170369613381        -0.00075229297729379    5.01070917726661        28.6104545761002        5.01070917726663        -0.00242348285530201    -3.97091780226532e-12   0.0490288478948185      0.0819300799624146      
1.49993279155418        98.0170369613381        0.00075229297729379     5.01070917726661        28.6104545761002        5.01070917726655        -3.97091780226532e-12   -3.97091780226532e-12   0.0819300799624146      0.0819300799624146      
