x                       V                     vel                       p                      cs                  dd1[i]             dd2_left[i]            dd2_right[i]             dd3_left[i]            dd3_right[i]
-1.49981506049995       95.6892655556238        -0.00353121884240236    5.21328205215235        28.8344449893056        5.21328205215235        2.14887548337266e-05    2.14887548337266e-05    0.0049773926374366      0.0049773926374366      
-1.4902204382318        95.6892655556238        0.00353121884240236     5.21328205215235        28.8344449893056        5.21328205215235        2.14887548337266e-05    2.14887548337266e-05    0.0049773926374366      0.0049773926374366      
-1.48057807300892       96.0144650168514        0.0106349621499282      5.21328246645473        28.8834014328409        5.21328246645473        2.14887548337266e-05    0.000165677101679342    0.0049773926374366      0.0071985104155639      
-1.47089750083359       96.3324610298298        0.0177688351418662      5.21328567233259        28.9312011176904        5.21328567233259        0.000165677101679342    0.000374840922474506    0.0049773926374366      0.00114747411678235     
-1.46120069724756       96.5252159928278        0.0249165822206708      5.21329294239979        28.9601515678304        5.21329294239979        0.000374840922474506    0.000408254402032237    0.0071985104155639      -0.0019520844152758     
-1.45148472983538       96.6094497656097        0.0320685555854999      5.21330087497455        28.9728070494232        5.21330087497455        0.000408254402032237    0.000351325703369205    0.00114747411678235     -0.00268789932950737    
-1.44175252896535       96.629751762769         0.0392199759570948      5.21330771059428        28.9758701318199        5.21330771059428        0.000351325703369205    0.00027286788326125     -0.0019520844152758     0.00770241716571779     
-1.43201960676159       96.6362512521503        0.0463660210082767      5.21331302201843        28.9768593608728        5.21331302201843        0.00027286788326125     0.000497822792155208    -0.00268789932950737    -0.00384890881849642    
-1.42228727969176       96.6429201243116        0.053492920856054       5.21332271621799        28.9778861330991        5.21332271621799        0.000497822792155208    0.000385322597720103    0.00770241716571779     0.00496086005144095     
-1.41253846904557       96.6459857271764        0.0606291534119145      5.21333022865589        28.9783666111387        5.2133302286559         0.000385322597720103    0.000530445813122253    -0.00384890881849642    0.00646118618777796     
-1.40277543878339       96.6468470947345        0.0677623730184689      5.21334057928293        28.978524514392         5.21334057928293        0.000530445813122253    0.000719505291246337    0.00496086005144095     -0.00423495692793547    
-1.39302416711887       96.6482005787763        0.0748667250728251      5.21335461314712        28.9787664316401        5.21335461314712        0.000719505291246337    0.000595629507266957    0.00646118618777796     -0.00603634530657921    
-1.38327998120962       96.6505584983236        0.0819632531822856      5.21336622412645        28.9791521965394        5.21336622412645        0.000595629507266957    0.000419100264895332    -0.00423495692793547    0.0168685467191304      
-1.37353237107234       96.6513175781283        0.0890678115843489      5.21337439518274        28.9792887053981        5.21337439518275        0.000419100264895332    0.000912442403436314    -0.00603634530657921    -0.00298494167714852    
-1.36377845282496       96.6513341475693        0.096142636774276       5.21339218815263        28.9793406417821        5.21339218815263        0.000912442403436314    0.00082513037421771     0.0168685467191304      -0.0109453216067517     
-1.35403314759703       96.6538426854606        0.103199591624472       5.21340827825134        28.9797614316492        5.21340827825134        0.00082513037421771     0.000504899184676213    -0.00298494167714852    -0.00406741843533176    
-1.34427753955222       96.6550315797182        0.110264558245532       5.21341812769638        28.9799670396284        5.21341812769638        0.000504899184676213    0.000385856115694921    -0.0109453216067517     -0.000209897561220321   
-1.33451856891744       96.6534238020456        0.117321463241407       5.21342565845743        28.9797469401001        5.21342565845743        0.000385856115694921    0.000379711823548442    -0.00406741843533176    -0.00406130067997789    
-1.32475808071255       96.647163356163         0.124350213583509       5.21343306873266        28.9788289802581        5.21343306873266        0.000379711823548442    0.00026085333401202     -0.000209897561220321   -0.00533220178123354    
-1.31500697960085       96.6367513608563        0.131353872075574       5.21343815703818        28.9772821050359        5.21343815703817        0.00026085333401202     0.000104852055334429    -0.00406130067997789    -0.00414066342466718    
-1.30525690045125       96.6293653472956        0.138336129281669       5.21344020172164        28.9761803891989        5.21344020172165        0.000104852055334429    -1.62728722197965e-05   -0.00533220178123354    -0.00402737207285095    
-1.29550685522689       96.6245032128601        0.145288454547255       5.21343988436888        28.9754504956999        5.21343988436889        -1.62728722197965e-05   -0.000134095914065024   -0.00414066342466718    -0.010127217711371      
-1.2857531226243        96.6201997203425        0.15220552497277        5.21343726876079        28.9747979612497        5.21343726876078        -0.000134095914065024   -0.000430416791069157   -0.00402737207285095    -0.0146114709827734     
-1.27599962922116       96.6169115478231        0.159094050193348       5.21342887220652        28.9742815903703        5.21342887220652        -0.000430416791069157   -0.000857969598912824   -0.010127217711371      -0.00674045061830639    
-1.26624442530127       96.6149160818629        0.165959410157668       5.21341213507659        28.9739358714745        5.2134121350766         -0.000857969598912824   -0.00105519436255481    -0.0146114709827734     -0.00897407396269736    
-1.25649265525262       96.6139679305064        0.172785108921362       5.21339155295186        28.973736506995         5.21339155295186        -0.00105519436255481    -0.00131775107699528    -0.00674045061830639    -0.0137107049133258     
-1.24674034033015       96.6134425780327        0.179564522528418       5.21336585184875        28.9735863148335        5.21336585184876        -0.00131775107699528    -0.0017188891894463     -0.00897407396269736    -0.018367980858075      
-1.23698921664483       96.6129131902045        0.186305561038899       5.21333232448431        28.9734137701299        5.21333232448431        -0.0017188891894463     -0.00225631303409735    -0.0137107049133258     -0.0148652121074766     
-1.22723327768073       96.612354049849         0.19302362118224        5.21328831055543        28.9732076242667        5.21328831055543        -0.00225631303409735    -0.00269121163338749    -0.018367980858075      -0.0177020588105735     
-1.21748225223136       96.6117097417921        0.199695088122655       5.21323582493112        28.9729651667941        5.21323582493112        -0.00269121163338749    -0.00320904410191282    -0.0148652121074766     -0.0146821730040184     
-1.20773504186492       96.6112629420487        0.206316125622443       5.21317325118047        28.9727242917729        5.21317325118047        -0.00320904410191282    -0.0036384842057979     -0.0177020588105735     -0.0288500829287083     
-1.19798211428878       96.6112863930628        0.212879959463478       5.21310230086373        28.9725306507469        5.21310230086372        -0.0036384842057979     -0.00448231163752719    -0.0146821730040184     -0.0246333182842702     
-1.18823524866021       96.6117849090128        0.219397265408829       5.2130149019212         28.9723625325898        5.2130149019212         -0.00448231163752719    -0.00520280862243653    -0.0288500829287083     -0.0271133185264576     
-1.17848464466156       96.6121764482483        0.225860356198598       5.2129134524392         28.9721393260405        5.21291345243921        -0.00520280862243653    -0.00599582965395536    -0.0246333182842702     -0.0371972226082032     
-1.16873475032211       96.6130085762983        0.232249645185422       5.21279653580252        28.9719391946756        5.21279653580252        -0.00599582965395536    -0.00708379786743765    -0.0271133185264576     -0.0331228462374154     
-1.15898582399181       96.6143490320502        0.238562011820852       5.21265841313543        28.9717563416373        5.21265841313543        -0.00708379786743765    -0.0080525557946255     -0.0371972226082032     -0.0336400209466218     
-1.14923678715694       96.6157550529035        0.244798141665968       5.21250140429271        28.9715308216549        5.2125014042927         -0.0080525557946255     -0.00903656661740165    -0.0331228462374154     -0.0382943856680312     
-1.13948775987531       96.6176836292987        0.250956766564994       5.21232517123921        28.9713302067124        5.21232517123921        -0.00903656661740165    -0.0101569695301697     -0.0336400209466218     -0.0459261253377945     
-1.12973042382848       96.6201737597171        0.257019157268096       5.21212702301872        28.9711528542268        5.21212702301872        -0.0101569695301697     -0.0115008092047448     -0.0382943856680312     -0.0482408398288785     
-1.11997693015016       96.6237404104879        0.26297426213813        5.21190266849371        28.9710640261758        5.21190266849373        -0.0115008092047448     -0.0129123739999431     -0.0459261253377945     -0.0547836714881522     
-1.11022582064124       96.6277133429086        0.26881791834781        5.21165080787217        28.9709596063141        5.21165080787216        -0.0129123739999431     -0.014515190304979      -0.0482408398288785     -0.0476444845962047     
-1.10047079502163       96.6315147961285        0.274546510883194       5.21136769069993        28.9707425434678        5.21136769069992        -0.014515190304979      -0.0159088062398725     -0.0547836714881522     -0.0600167118166994     
-1.09072217824842       96.6345562739375        0.280127701360528       5.21105751285093        28.9703362790377        5.21105751285092        -0.0159088062398725     -0.0176638469115162     -0.0476444845962047     -0.065784336265238      
-1.08097995293487       96.6374019090737        0.285566779507723       5.21071323190265        28.9698057991507        5.21071323190266        -0.0176638469115162     -0.0195873478727936     -0.0600167118166994     -0.0814796395562688     
-1.07123159686821       96.6415239488775        0.290861051589423       5.21033139463805        28.9693621566101        5.21033139463805        -0.0195873478727936     -0.0219697925431014     -0.065784336265238      -0.0723563359130645     
-1.06148238062626       96.6482116900311        0.296013498599672       5.2099031053089         28.9691737946403        5.20990310530892        -0.0219697925431014     -0.0240856409181747     -0.0814796395562688     -0.0850795611158118     
-1.05174024123956       96.6587983114694        0.300981441609737       5.20943359729512        28.9694549309539        5.20943359729514        -0.0240856409181747     -0.026573915724504      -0.0723563359130645     -0.0878091937910725     
-1.04198718693482       96.6681166668576        0.305777501612739       5.20891538551967        28.9694103091291        5.20891538551967        -0.026573915724504      -0.029142637520869      -0.0850795611158118     -0.0975729339746126     
-1.0322338981729        96.6757902446801        0.310384947426687       5.2083469335328         28.9689792613795        5.20834693353281        -0.029142637520869      -0.0319974375506464     -0.0878091937910725     -0.0995642911628493     
-1.02248182514476       96.6828441272696        0.314797330155899       5.2077228253529         28.9683003235611        5.20772282535292        -0.0319974375506464     -0.034909818332886      -0.0975729339746126     -0.0886262484936217     
-1.01272937494285       96.6871677605433        0.319010417402805       5.20704213356358        28.9670547433942        5.20704213356358        -0.034909818332886      -0.0375016850277052     -0.0995642911628493     -0.108327897663377      
-1.0029891938867        96.6919312524144        0.322999871979687       5.2063111263891         28.9657348578021        5.20631112638911        -0.0375016850277052     -0.0406697046664989     -0.0886262484936217     -0.111262891600624      
-0.993236708664009      96.6995725092836        0.326777594530335       5.20551813181534        28.9646732542669        5.20551813181532        -0.0406697046664989     -0.0439244307652742     -0.108327897663377      -0.10750108626837       
-0.983485040282613      96.7089332388509        0.330323597999946       5.20466133123831        28.9636912131251        5.20466133123832        -0.0439244307652742     -0.0470700708184149     -0.111262891600624      -0.104301468523193      
-0.973728378232166      96.7193499058186        0.333635492620288       5.20374302261275        28.9626956107348        5.20374302261276        -0.0470700708184149     -0.0501226358216021     -0.10750108626837       -0.116613719275938      
-0.963974579810102      96.7308134805291        0.336704311883665       5.20276500043204        28.9616899495355        5.20276500043203        -0.0501226358216021     -0.0535362229767172     -0.104301468523193      -0.112806913548132      
-0.95421366915021       96.7430249730049        0.339537780208439       5.20172011399053        28.9606094229837        5.20172011399053        -0.0535362229767172     -0.0568390289647285     -0.116613719275938      -0.108719268842514      
-0.944454542568828      96.7561142445561        0.342134959999683       5.20061055669685        28.9594794257196        5.20061055669688        -0.0568390289647285     -0.0600223448921741     -0.112806913548132      -0.0912815206319436     
-0.934691614580168      96.7699736888953        0.344500907961559       5.19943891295474        28.958290891201         5.19943891295476        -0.0600223448921741     -0.0626951429661865     -0.108719268842514      -0.114788289939228      
-0.92493634490548       96.784370979546         0.346621919062092       5.19821511655442        28.9570365735195        5.19821511655442        -0.0626951429661865     -0.0660564267788678     -0.0912815206319436     -0.0983279568526681     
-0.915170220261034      96.7995701530875        0.34853104589631        5.19692547290193        28.9557176821936        5.19692547290195        -0.0660564267788678     -0.0689360085164039     -0.114788289939228      -0.102800662793817      
-0.90541101159008       96.8154672849981        0.350207968415567       5.19557951207883        28.9543450475133        5.19557951207885        -0.0689360085164039     -0.0719470651404345     -0.0983279568526681     -0.0867904961669703     
-0.895645981311757      96.8322313547961        0.351669977098308       5.19417456011058        28.952936313433         5.19417456011058        -0.0719470651404345     -0.0744895789146379     -0.102800662793817      -0.0907346071181381     
-0.885880093375435      96.849247272644         0.352903655808763       5.19271957591881        28.9514243237893        5.19271957591881        -0.0744895789146379     -0.0771485699461849     -0.0867904961669703     -0.109190802108201      
-0.876111456736517      96.8671825640961        0.353913925744242       5.19121211691351        28.9499018955738        5.19121211691352        -0.0771485699461849     -0.0803492835929998     -0.0907346071181381     -0.147515744518048      
-0.866335241460787      96.885536449326         0.354687476698544       5.1896416281944         28.9482645745638        5.18964162819438        -0.0803492835929998     -0.0846743802850572     -0.109190802108201      -0.253645525175391      
-0.85656476610322       96.9049261117556        0.355139727700233       5.18798648675037        28.9465440414836        5.18798648675035        -0.0846743802850572     -0.0921119848552218     -0.147515744518048      -0.504418956565272      
-0.846787664419322      96.9262907208575        0.355043806251681       5.18618574492955        28.9447101455346        5.18618574492955        -0.0921119848552218     -0.106905631243762      -0.253645525175391      -1.05510787555305       
-0.837013374131343      96.9513827521071        0.353931117212162       5.18409527959795        28.9426215604741        5.18409527959796        -0.106905631243762      -0.137861882591721      -0.504418956565272      -2.21263562224074       
-0.827230446166136      96.9840239858137        0.350743640485377       5.18139818800459        28.9399621672607        5.1813981880046         -0.137861882591721      -0.20280988052541       -1.05510787555305       -4.5376369627406        
-0.817443147689143      97.03152022889          0.343209301829636       5.17742826188653        28.9359561539753        5.17742826188652        -0.20280988052541       -0.336077253462882      -2.21263562224074       -8.35500233924735       
-0.807651434831571      97.1075980986579        0.326875491245914       5.17084645094789        28.9288921031242        5.17084645094791        -0.336077253462882      -0.581624855351448      -4.5376369627406        -10.0497245966021       
-0.797853718608353      97.2364491745849        0.294267341754415       5.15944672816307        28.9161511832634        5.15944672816306        -0.581624855351448      -0.877289081568548      -8.35500233924735       -9.63153681202329       
-0.788041291610841      97.4302749265644        0.241940104189078       5.14222956352804        28.8966214896611        5.14222956352806        -0.877289081568548      -1.16112833845799       -10.0497245966021       -9.25097247935314       
-0.77821302650759       97.6910827089574        0.170425402880937       5.11939631503985        28.870959135219         5.11939631503986        -1.16112833845799       -1.43437938998406       -9.63153681202329       -2.6147550427918        
-0.768352569844182      98.0203625147496        0.0801116799984618      5.09111436571482        28.8395814732524        5.09111436571484        -1.43437938998406       -1.51184068439031       -9.25097247935314       8.0160001422359         
-0.758467342673462      98.3759099753274        -0.0163258315407911     5.06120966701605        28.8068599054874        5.06120966701607        -1.51184068439031       -1.2735608584899        -2.6147550427918        11.7244852435144        
-0.748537605512754      98.6776384005949        -0.0974237671869303     5.03592606479697        28.7788490398234        5.03592606479696        -1.2735608584899        -0.923869172334396      8.0160001422359         9.64375194400251        
-0.738576937527547      98.8952522889365        -0.155245942908586      5.01752418169094        28.7578777559056        5.01752418169095        -0.923869172334396      -0.635447754636541      11.7244852435144        8.71814016487821        
-0.728591454451242      99.0476759448908        -0.193624782098317      5.00483912488678        28.7436278097163        5.00483912488674        -0.635447754636541      -0.374264689291823      9.64375194400251        10.1678625102681        
-0.718598305751582      99.1397750510572        -0.214182097043249      4.99735925773598        28.7354911987848        4.99735925773595        -0.374264689291823      -0.0694144499721276     8.71814016487821        8.84560748161618        
-0.708599085142688      99.1559678406587        -0.213789839859357      4.99597149441341        28.7338473126759        4.99597149441339        -0.0694144499721276     0.19579050239753        10.1678625102681        4.74705161466333        
-0.698605821096234      99.1059419291559        -0.195172512255699      4.99988443757188        28.7378454516714        4.99988443757189        0.19579050239753        0.338049812560553       8.84560748161618        -0.687954325224733      
-0.688620855074017      99.0230647210328        -0.166852599902269      5.00663586282245        28.7452148794343        5.00663586282242        0.338049812560553       0.3174480252839         4.74705161466333        -4.53126472912431       
-0.678640675959959      98.9479074367801        -0.140057339340162      5.01297127823165        28.7524786763884        5.01297127823162        0.3174480252839         0.181833566095949       -0.687954325224733      -6.03568938975313       
-0.668671337622395      98.9055653457946        -0.122672023648403      5.01659813752003        28.7567231241693        5.01659813752003        0.181833566095949       0.00124652557284315     -4.53126472912431       -4.59698850651264       
-0.658698116648503      98.9064092313893        -0.117752615527784      5.01662299961096        28.7569170623673        5.016622999611          0.00124652557284315     -0.136292210138076      -6.03568938975313       -1.45224232062794       
-0.648723674842318      98.939689713632         -0.122350521089548      5.01390423812597        28.7539600047845        5.01390423812598        -0.136292210138076      -0.179749891296533      -4.59698850651264       1.68395828249076        
-0.638749713728872      98.983397327998         -0.130014476710512      5.01031810070113        28.7500234000299        5.01031810070115        -0.179749891296533      -0.129349687332319      -1.45224232062794       3.98332292577001        
-0.628770663647385      99.0153034020463        -0.134292227650426      5.00773687566677        28.7472487408726        5.00773687566679        -0.129349687332319      -0.010119750041124      1.68395828249076        4.29314321320692        
-0.618791920536155      99.019152512945         -0.130446333168577      5.00753492821755        28.7472278307281        5.00753492821758        -0.010119750041124      0.118381442392258       3.98332292577001        2.26778622865649        
-0.608816907961414      98.9925242965136        -0.117842813501912      5.00989697311031        28.7501405165741        5.00989697311031        0.118381442392258       0.186254341336463       4.29314321320692        -0.673980734206904      
-0.59884001457454       98.9499135087551        -0.100657772149876      5.01361316916571        28.7546109188104        5.01361316916568        0.186254341336463       0.166085583687961       2.26778622865649        -2.44261062082851       
-0.588864283068108      98.9121227465882        -0.084948963613235      5.01692638974233        28.7586172266329        5.0169263897423         0.166085583687961       0.093008947985958       -0.673980734206904      -2.80448742678097       
-0.578894889126645      98.8917588236368        -0.0743434713250162     5.01878109223849        28.7609715112418        5.01878109223844        0.093008947985958       0.00912945128243168     -2.44261062082851       -2.52095305520476       
-0.568927170595837      98.8908308525469        -0.069560292063501      5.01896310123908        28.761358078152         5.01896310123907        0.00912945128243168     -0.0662660537634588     -2.80448742678097       -1.59146781204108       
-0.558959068386584      98.9079379817709        -0.0700029350067056     5.01764182345036        28.7600592920276        5.01764182345034        -0.0662660537634588     -0.113873764721429      -2.52095305520476       0.111578865058361       
-0.548985023245499      98.936128745175         -0.0737639586144513     5.01537044829184        28.7576464143871        5.01537044829187        -0.113873764721429      -0.110534809377887      -1.59146781204108       1.82686454238525        
-0.539008354303495      98.9641473558007        -0.0773578259522816     5.01316488664777        28.7553933654522        5.01316488664774        -0.110534809377887      -0.0558517354177346     0.111578865058361       2.58247320540985        
-0.529028640975009      98.9795483426073        -0.0772725297239427     5.01205023178995        28.7544335194021        5.01205023178997        -0.0558517354177346     0.0214590415989118      1.82686454238525        1.96817388128159        
-0.519049956865448      98.9768406693759        -0.0719737503622896     5.01247852268911        28.7552687374815        5.01247852268913        0.0214590415989118      0.0803794282618734      2.58247320540985        0.35230063159976        
-0.509069980870352      98.9602120179285        -0.0627394014695835     5.01408268525169        28.7574536890853        5.0140826852517         0.0803794282618734      0.0909233234198706      1.96817388128159        -1.11311772262398       
-0.49909386272849       98.9404758876835        -0.0528950092522788     5.01589654704028        28.7597864899224        5.0158965470403         0.0909233234198706      0.0576248794809009      0.35230063159976        -1.77975554217012       
-0.489127362105746      98.9259669426361        -0.0454334599244733     5.01704538707734        28.7609708375696        5.01704538707731        0.0576248794809009      0.00441229714398775     -1.11311772262398       -1.77226946638718       
-0.479163425016094      98.9232461230782        -0.0416890691447815     5.01713331315503        28.7608273400219        5.01713331315501        0.00441229714398775     -0.0485636353489729     -1.77975554217012       -1.18235083356478       
-0.469202787867657      98.9352444132132        -0.0416286065627561     5.01616561667459        28.7597974987904        5.01616561667458        -0.0485636353489729     -0.083904550783226      -1.77226946638718       -0.21090686636095       
-0.459235279272221      98.959805223508         -0.0440467367690856     5.01449355901291        28.7585728057581        5.0144935590129         -0.083904550783226      -0.0902103989354467     -1.18235083356478       0.784890772106688       
-0.449274748313635      98.989576752833         -0.0469814084584966     5.01269524534147        28.7577404283696        5.01269524534143        -0.0902103989354467     -0.0667317383555286     -0.21090686636095       1.50689262643362        
-0.439293997934498      99.0089827377657        -0.0484078884205943     5.01136399626052        28.7567398302386        5.0113639962605         -0.0667317383555286     -0.0216316848936585     0.784890772106688       1.49341222362086        
-0.429317501192863      99.0132343914751        -0.0468643125293466     5.01093225953007        28.7561184890177        5.01093225953004        -0.0216316848936585     0.0230822989668672      1.50689262643362        0.645710002045087       
-0.419334175942889      99.0085235858225        -0.0423658063069241     5.01139303287434        28.7567564609654        5.01139303287437        0.0230822989668672      0.0424180552209302      1.49341222362086        -0.401545980586422      
-0.409352933938142      98.9995007092687        -0.0366191004096106     5.01223991116739        28.7578756934699        5.01223991116743        0.0424180552209302      0.030390545719807       0.645710002045087       -0.992626468100362      
-0.39936865735808       98.991931459111         -0.0317276696559912     5.01284683234413        28.7585172903157        5.01284683234413        0.030390545719807       0.000656240124244201    -0.401545980586422      -1.08185098963946       
-0.389377006107417      98.9914772888567        -0.0288800946160112     5.01285993904867        28.7584889151174        5.01285993904869        0.000656240124244201    -0.0317455331826625     -0.992626468100362      -0.862802436789714      
-0.379399741615999      98.9990657281949        -0.0282731573362597     5.01222622370535        28.7577732495983        5.01222622370537        -0.0317455331826625     -0.0575796072489666     -1.08185098963946       -0.336059463627748      
-0.36942122821348       99.0133150385159        -0.0294948832211409     5.0110770733647         28.7565457170868        5.01107707336467        -0.0575796072489666     -0.0676409496256958     -0.862802436789714      0.424910377820581       
-0.359440334408661      99.0305139462523        -0.0315229200564625     5.00972687316427        28.7551684333967        5.00972687316425        -0.0676409496256958     -0.0549166816602188     -0.336059463627748      0.999192072899834       
-0.349458067571312      99.0451641959708        -0.0328279380191021     5.00863040311389        28.7541481260631        5.00863040311391        -0.0549166816602188     -0.0249889279953085     0.424910377820581       1.00433928087278        
-0.339471364514414      99.0529157106199        -0.0322180627564446     5.00813136491752        28.7538407277152        5.00813136491752        -0.0249889279953085     0.00509707196344043     0.999192072899834       0.518573757931501       
-0.329486292789394      99.0542358431912        -0.0296354782868389     5.0082331612302         28.7543245649006        5.0082331612302         0.00509707196344043     0.0206310919731787      1.00433928087278        -0.107687093381786      
-0.319500084376407      99.0523559701227        -0.026009327419721      5.0086451515218         28.7552343778939        5.00864515152183        0.0206310919731787      0.0174055117304949      0.518573757931501       -0.588491780577423      
-0.309518795846067      99.0520732608264        -0.0225804655021435     5.00899269828377        28.7561909772878        5.00899269828373        0.0174055117304949      -0.000222199553639497   -0.107687093381786      -0.742469517385989      
-0.299532327788973      99.0577435443692        -0.0203498816189142     5.00898826089199        28.7570013087884        5.00898826089199        -0.000222199553639497   -0.0224627594922224     -0.588491780577423      -0.538552610677222      
-0.289545952557401      99.0716248493341        -0.019706897929337      5.00853965785103        28.7577282953536        5.00853965785104        -0.0224627594922224     -0.0385966175482544     -0.742469517385989      -0.130580168258941      
-0.279563235973257      99.0938578028673        -0.0203230915333759     5.00776882972171        28.7587416368796        5.00776882972173        -0.0385966175482544     -0.0425094152162143     -0.538552610677222      0.308025466004388       
-0.269572262944102      99.1242999851061        -0.0214196484926415     5.00691948437164        28.760719421059         5.00691948437166        -0.0425094152162143     -0.0332763388567403     -0.130580168258941      0.617283639498209       
-0.259576585236115      99.1637076346755        -0.0220788244639411     5.00625435034021        28.7645251059344        5.00625435034019        -0.0332763388567403     -0.0147649069985456     0.308025466004388       0.600870358099277       
-0.2495825187821        99.2150104403346        -0.0215574077050254     5.00595912293359        28.7711164957075        5.00595912293363        -0.0147649069985456     0.00326450108568782     0.617283639498209       0.285987857822434       
-0.239575910685492      99.2856946625445        -0.0197403070792193     5.00602444760975        28.7815512316083        5.00602444760974        0.00326450108568782     0.0118530759879739      0.600870358099277       -0.113277963867308      
-0.229561962277823      99.3872778509013        -0.0171856687912282     5.00626187562522        28.7969541221271        5.00626187562522        0.0118530759879739      0.00844735883429955     0.285987857822434       -0.385988478246312      
-0.219534627424706      99.5349187235405        -0.0147475990512265     5.00643128618741        28.818822875731         5.0064312861874         0.00844735883429955     -0.00317300998954318    -0.113277963867308      -0.423322019641339      
-0.209493534206084      99.7449878430756        -0.0131245251786145     5.00636755679121        28.8490343885229        5.00636755679123        -0.00317300998954318    -0.0159411063510722     -0.385988478246312      -0.267292298942987      
-0.199433376623654      100.037358674685        -0.012551378995588      5.00604670297679        28.8903585292139        5.00604670297675        -0.0159411063510722     -0.0240242305640571     -0.423322019641339      -0.0122418233992305     
-0.189339885828633      100.433905243718        -0.012803208382975      5.00556165035272        28.9461599204199        5.00556165035268        -0.0240242305640571     -0.0243958378748567     -0.267292298942987      0.234512733789081       
-0.17920674120539       100.956781097459        -0.013332891816665      5.00506693378869        29.019977222959         5.00506693378866        -0.0243958378748567     -0.0172413091066208     -0.0122418233992305     0.352198623454117       
-0.169009064966046      101.627294108728        -0.0134752505157978     5.00471530171683        29.1151642590257        5.00471530171686        -0.0172413091066208     -0.00642821312622652    0.234512733789081       0.283081023942868       
-0.158748075652357      102.468380036551        -0.0127657424095211     5.00458329007976        29.2350116154262        5.00458329007977        -0.00642821312622652    0.00233359176166575     0.352198623454117       0.0931749553855496      
-0.14839515420568       103.501666244755        -0.0111861567959142     5.00463164734456        29.3821860555393        5.00463164734458        0.00233359176166575     0.00524704719744859     0.283081023942868       -0.101948645382564      
-0.137917492468491      104.731793906147        -0.0091465889468811     5.00474163436624        29.5566002049163        5.00474163436626        0.00524704719744859     0.00202048685273205     0.0931749553855496      -0.200106098482503      
-0.127302340270832      106.148537409959        -0.00727224636998343    5.00478453655055        29.7559674297112        5.00478453655051        0.00202048685273205     -0.00439856025707281    -0.101948645382564      -0.163869795849349      
-0.116543131532475      107.740352625741        -0.00608187763382224    5.00468982758096        29.9779654303521        5.00468982758093        -0.00439856025707281    -0.00973395500399475    -0.200106098482503      -0.0421200204258643     
-0.105613078546475      109.478719822551        -0.00572511420462195    5.0044769307648         30.2181989249751        5.00447693076478        -0.00973395500399475    -0.0111273687818328     -0.163869795849349      0.0796625411532353      
-0.0944892660155027     111.313487417296        -0.00593870911152872    5.00422948755257        30.4696087956493        5.00422948755259        -0.0111273687818328     -0.0084495429498905     -0.0421200204258643     0.139080976606715       
-0.0831922408253198     113.17917820173         -0.00617462005710317    5.00403863194212        30.7233076575672        5.00403863194213        -0.0084495429498905     -0.00370145248052286    0.0796625411532353      0.117148675520464       
-0.0717347347055805     115.004188826355        -0.00585284544053252    5.00395376275533        30.9697606117716        5.00395376275529        -0.00370145248052286    0.000359581782354648    0.139080976606715       0.0378929099848313      
-0.0600895378265467     116.712965584173        -0.00469787459291094    5.0039621368318         31.1990186987923        5.00396213683183        0.000359581782354648    0.00169261680153553     0.117148675520464       -0.0417667598938331     
-0.0482606813179311     118.215386458671        -0.00294296333286677    5.00400212940178        31.399311180535         5.0040021294018         0.00169261680153553     0.000204521137486337    0.0378929099848313      -0.0664809692707007     
-0.0363082763297027     119.384031878467        -0.00121249124369788    5.00400701575553        31.5541474582194        5.0040070157555         0.000204521137486337    -0.00218757013999287    -0.0417667598938331     -0.0254293885258819     
-0.0242585815582536     120.11167188588         -9.93485323900419e-05   5.00395431508255        31.6499952297292        5.00395431508258        -0.00218757013999287    -0.00310878313036858    -0.0664809692707007     0.0438867034582766      
-0.0121284486098731     120.395898825341        0.000203468769528458    5.003879003993          31.6871822219172        5.00387900399299        -0.00310878313036858    -0.00151278129038849    -0.0254293885258819     0.0793922823365569      
1.21171382954328e-05    120.432195903913        -3.18066838950845e-05   5.00384227896422        31.6918421051986        5.00384227896423        -0.00151278129038849    0.0013781695814462      0.0438867034582766      0.0470036819380759      
0.0121538444482126      120.395628967909        -0.000256677288440142   5.00387573837292        31.6871363700022        5.00387573837293        0.0013781695814462      0.00308766725804773     0.0793922823365569      -0.0277393715057511     
0.0242861253577758      120.11150167113         8.22194993229939e-05    5.00395054728709        31.6499608878832        5.00395054728709        0.00308766725804773     0.00208272100070595     0.0470036819380759      -0.0714085230252771     
0.0363364268544258      119.384000219961        0.00124919007920786     5.00400072243347        31.5541234322785        5.00400072243349        0.00208272100070595     -0.000486612703892933   -0.0277393715057511     -0.0392962287751169     
0.0482858452244401      118.215577795267        0.00301388777152473     5.00398909750921        31.3992957045023        5.0039890975092         -0.000486612703892933   -0.00188659957527467    -0.0714085230252771     0.0456326570117591      
0.0601156663064596      116.713126167361        0.0047555541251886      5.00394452351084        31.19898525345          5.00394452351079        -0.00188659957527467    -0.000281179297176496   -0.0392962287751169     0.12462299666913        
0.0717598745522369      115.004334623666        0.00586757375657386     5.00393797434739        30.9697313850668        5.00393797434735        -0.000281179297176496   0.00403975367846656     0.0456326570117591      0.1422114201661         
0.0832251764322917      113.179308612186        0.00614761531503943     5.00403062618244        30.7233007814788        5.0040306261825         0.00403975367846656     0.00889535090139678     0.12462299666913        0.0777538500724895      
0.094520406275375       111.31345810395         0.00587789960537974     5.00423156109508        30.46961109637          5.00423156109512        0.00889535090139678     0.0115087703503299      0.1422114201661         -0.049657114809956      
0.10564215706378        109.47846716466         0.00564281931951647     5.0044874146591         30.2181957078213        5.00448741465911        0.0115087703503299      0.00986645634138968     0.0777538500724895      -0.179829314339365      
0.116565788902712       107.740131699136        0.00600586241017229     5.00470314073387        29.9779745673872        5.00470314073394        0.00986645634138968     0.00401268997490546     -0.049657114809956      -0.215983139497417      
0.127325965012267       106.14849241562         0.00724147078049133     5.00478953033883        29.7559759685049        5.00478953033889        0.00401268997490546     -0.00291524119034057    -0.179829314339365      -0.0927653074278999     
0.137940181555119       104.731904767037        0.00918324736110224     5.00472762707186        29.556574486439         5.00472762707188        -0.00291524119034057    -0.0058514147365087     -0.215983139497417      0.133385563600432       
0.148420282810421       103.501926224197        0.0112603868547678      5.00460495545317        29.382144602932         5.00460495545312        -0.0058514147365087     -0.00168007904730817    -0.0927653074278999     0.310462236054844       
0.158774738836414       102.468454314035        0.0127937511664835      5.00457013479277        29.2349837870771        5.00457013479273        -0.00168007904730817    0.00793084204256908     0.133385563600432       0.33510691658804        
0.169036942294159       101.627013494131        0.0134050528187163      5.00473303058781        29.1151756315635        5.00473303058782        0.00793084204256908     0.0182212507382603      0.310462236054844       0.207462744267002       
0.179237146169478       100.956174013764        0.0131991423587769      5.00510473513126        29.0199995576908        5.00510473513123        0.0182212507382603      0.0245516077934022      0.33510691658804        -0.024915429419966      
0.189373550214633       100.433333172355        0.0126565527380902      5.00560269132407        28.9461961469375        5.00560269132405        0.0245516077934022      0.0237952283988332      0.207462744267002       -0.290104620197548      
0.199464577640224       100.036869682101        0.0124207603490106      5.00608310668529        28.8903929637876        5.00608310668526        0.0237952283988332      0.0150224617117498      -0.024915429419966      -0.449843333107174      
0.209525253010292       99.7447538641702        0.0130728879425374      5.00638545317403        28.849052115451         5.00638545317394        0.0150224617117498      0.00145544951214762     -0.290104620197548      -0.377168029474623      
0.219565463865113       99.5350123726136        0.0148346602097569      5.0064146837882         28.8187886483018        5.00641468378818        0.00145544951214762     -0.00989844232258246    -0.449843333107174      -0.0626912492634041     
0.229591495907921       99.3877376857396        0.0173718468390784      5.00621619464102        28.7968893560596        5.00621619464104        -0.00989844232258246    -0.011783057468038      -0.377168029474623      0.345162341810764       
0.239604348759983       99.2861491290784        0.0198964204764455      5.00598019494137        28.7814898899785        5.00598019494132        -0.011783057468038      -0.00141796021837702    -0.0626912492634041     0.613643531305478       
0.249610074935719       99.2150293074919        0.0215598145801126      5.00595182129212        28.7710982486879        5.00595182129209        -0.00141796021837702    0.0169948978942778      0.345162341810764       0.577718519636314       
0.259606143882114       99.1631522394683        0.0219143325631473      5.00629165975328        28.764551737955         5.00629165975331        0.0169948978942778      0.0343195681249742      0.613643531305478       0.266776128266545       
0.2696012781049         99.1235282769957        0.0211764675688018      5.00697761128475        28.760774411064         5.00697761128481        0.0343195681249742      0.0423158951065634      0.577718519636314       -0.154075746321845      
0.279589309213193       99.0931087806999        0.0200865237671501      5.00782301181521        28.7587885252577        5.00782301181518        0.0423158951065634      0.0376996438905177      0.266776128266545       -0.558767511504372      
0.289574754515259       99.071129103985         0.0195350344849826      5.00857584874742        28.7577602436385        5.00857584874749        0.0376996438905177      0.0209620821034376      -0.154075746321845      -0.751733634363982      
0.299554508854926       99.0575143470387        0.0202959188837649      5.00899441312276        28.7569857003518        5.00899441312271        0.0209620821034376      -0.00155624056941213    -0.558767511504372      -0.573372616619789      
0.309544936592794       99.0522709923186        0.0226651710015583      5.00896333096995        28.7561353815675        5.00896333097003        -0.00155624056941213    -0.0187317234366095     -0.751733634363982      -0.058785127817089      
0.319529504012441       99.0528582568571        0.0261907594059756      5.00858925669098        28.7551468352429        5.0085892566909         -0.0187317234366095     -0.0204925385404731     -0.573372616619789      0.579555133572021       
0.329510129575465       99.0547409006546        0.0298075004372953      5.00818010443722        28.7542455598254        5.00818010443725        -0.0204925385404731     -0.00313366077656026    -0.058785127817089      1.03572728036587        
0.339496138201275       99.053011794885         0.0322565645814117      5.00811752687145        28.7538149486107        5.00811752687147        -0.00313366077656026    0.027889496709085       0.579555133572021       0.981102421138386       
0.349482448734002       99.0445433478837        0.0326632378438666      5.00867447176868        28.7541845022752        5.00867447176876        0.027889496709085       0.057274300690936       1.03572728036587        0.37448696832709        
0.359463220108061       99.0293336071182        0.0311921660835944      5.00981793267998        28.7552583992994        5.00981793268004        0.057274300690936       0.0684878997795873      0.981102421138386       -0.384121725408607      
0.369444650903447       99.0119899905015        0.0291098705552424      5.01118497552282        28.7566628985648        5.0111849755228         0.0684878997795873      0.056987871885592       0.37448696832709        -0.914155266932955      
0.379421729397483       98.9978657895528        0.0279392040970265      5.0123223051586         28.7578745986809        5.01232230515866        0.056987871885592       0.0296190334633028      -0.384121725408607      -1.13867777299542       
0.389400937454845       98.9906932950264        0.0287048758020688      5.01291349170615        28.7585286472258        5.01291349170612        0.0296190334633028      -0.00447924266591826    -0.914155266932955      -0.98179320645332       
0.399384810788861       98.992070129274         0.0318187118185573      5.01282405306643        28.7584720910454        5.0128240530665         -0.00447924266591826    -0.0338867295833794     -1.13867777299542       -0.282340846694875      
0.409372571054185       99.0005984125873        0.036951316395346       5.01214729132043        28.7577694189689        5.01214729132051        -0.0338867295833794     -0.0423440521933393     -0.98179320645332       0.779294878866349       
0.419355759687781       99.0096841367511        0.0426938768738074      5.0113017447978         28.7566630790842        5.01130174479779        -0.0423440521933393     -0.0190043902770317     -0.282340846694875      1.53253212152973        
0.429338589872118       99.0134040868768        0.0469122008293929      5.01092233652038        28.7561146585629        5.01092233652042        -0.0190043902770317     0.0268811446924695      0.779294878866349       1.4351566738401         
0.43931822811315        99.0077770040698        0.0480946795516823      5.01145882999049        28.7568368191165        5.01145882999047        0.0268811446924695      0.0698320462739398      1.53253212152973        0.677578843131021       
0.449292090516548       98.9877669495056        0.0464550910781295      5.01285173072141        28.7579264109068        5.01285173072141        0.0698320462739398      0.0900975031827111      1.4351566738401         -0.318560959592403      
0.459257607751092       98.957897561107         0.0435349357548718      5.01464754357915        28.7587371628914        5.01464754357922        0.0900975031827111      0.080574846867397       0.677578843131021       -1.23972369234838       
0.469216476119063       98.9342712437938        0.0413423193782171      5.01625283938005        28.7599060916025        5.01625283938008        0.080574846867397       0.0435241076857828      -0.318560959592403      -1.71221729415049       
0.479179299758744       98.9233474628112        0.0417371291982257      5.01712001784062        28.7608039638288        5.01712001784054        0.0435241076857828      -0.00765259023720587    -1.23972369234838       -1.68570034042275       
0.489142974301862       98.9268202318666        0.0456853394121086      5.01696751479262        28.7608716675105        5.01696751479254        -0.00765259023720587    -0.0580507061014072     -1.71221729415049       -1.05477885110894       
0.499109384320949       98.9414509395059        0.0531601740942922      5.01581032124196        28.7596810025491        5.01581032124197        -0.0580507061014072     -0.0895988103338479     -1.68570034042275       0.409112265070269       
0.509081260971859       98.9609272427844        0.06290453453447        5.01402330489246        28.757387325378         5.01402330489254        -0.0895988103338479     -0.0773562213408456     -1.05477885110894       1.99229280350489        
0.519060385081791       98.9768320062463        0.0719356020479542      5.01247961329209        28.7552706073033        5.01247961329217        -0.0773562213408456     -0.0177156024587956     0.409112265070269       2.55915934043509        
0.529041506484744       98.9786221651497        0.0769933668037652      5.01212600687137        28.7545163489796        5.01212600687131        -0.0177156024587956     0.0589044364306054      1.99229280350489        1.83926026809815        
0.539020477777043       98.9624237612314        0.0768897138076302      5.0133017047607         28.755535343925         5.01330170476063        0.0589044364306054      0.113961139193907       2.55915934043509        0.0947222105050476      
0.54900023690574        98.9336380208503        0.0730838165099341      5.01557569776465        28.7578728510073        5.01557569776461        0.113961139193907       0.116795633048139       1.83926026809815        -1.72824716030179       
0.55896996554453        98.9046005800926        0.0691387473931432      5.01790517659619        28.7603287892665        5.01790517659623        0.116795633048139       0.0650956675244013      0.0947222105050476      -2.68765543166779       
0.568940576708434       98.8879292737779        0.0687844396574607      5.01920318022745        28.7616240007715        5.01920318022749        0.0650956675244013      -0.0152914545409892     -1.72824716030179       -2.88949986649992       
0.578909503485599       98.8902524974861        0.0739851390024343      5.01889827493087        28.7610882289223        5.01889827493095        -0.0152914545409892     -0.101724240213289      -2.68765543166779       -2.2718637971804        
0.588880213860974       98.912843939246         0.0851756796597892      5.01686959390995        28.7585592825847        5.01686959390999        -0.101724240213289      -0.169695338260809      -2.88949986649992       -0.386210316786737      
0.598855758165756       98.9513927942017        0.101116164825943       5.01348437019475        28.7544565004781        5.01348437019481        -0.169695338260809      -0.181253630834673      -2.2718637971804        2.35664466112599        
0.608831622250128       98.9929027439896        0.117943058604609       5.00986757552809        28.750111120496         5.00986757552815        -0.181253630834673      -0.110714221715377      -0.386210316786737      4.10853284017785        
0.61881300870947        99.0178114850869        0.130011030746523       5.0076581146836         28.7473867560603        5.00765811468353        -0.110714221715377      0.0122805686746845      2.35664466112599        3.8172529295308         
0.628787235842414       99.0133327650488        0.133700553040053       5.00790320782908        28.7474400823197        5.00790320782911        0.0122805686746845      0.126572784019899       4.10853284017785        1.81884657490673        
0.638772997085336       98.9821551798695        0.129617060148191       5.01042999964408        28.7501640500434        5.01042999964401        0.126572784019899       0.181023197548554       3.8172529295308         -1.61131287141088       
0.648753552864242       98.9380535242937        0.121875423790946       5.01404264119884        28.7541191022557        5.01404264119892        0.181023197548554       0.132802258245208       1.81884657490673        -4.59278024004167       
0.658720255824239       98.9056853224128        0.117527431104464       5.01669116072113        28.7570071838156        5.01669116072108        0.132802258245208       -0.00458572297681896    -1.61131287141088       -5.86891425852675       
0.668692958059496       98.9056855613635        0.122684459121962       5.01659972015149        28.7567451365335        5.0165997201515         -0.00458572297681896    -0.180161069269786      -4.59278024004167       -4.64490846268818       
0.678661397289619       98.9475127314437        0.139961192870926       5.01300614603064        28.7525213229835        5.01300614603059        -0.180161069269786      -0.319178489927452      -5.86891425852675       -0.524077455162897      
0.688644720599113       99.0231409299774        0.166884989529159       5.00663584778882        28.7452258975489        5.00663584778885        -0.319178489927452      -0.334871769356628      -4.64490846268818       5.47116640398744        
0.698626474028213       99.1051212910744        0.194992689520711       4.99994889421943        28.7379117082525        4.99994889421948        -0.334871769356628      -0.170929211502609      -0.524077455162897      7.58593915492843        
0.708617041881328       99.1493843682155        0.21190190236746        4.99653333728395        28.7345089966452        4.9965333372839         -0.170929211502609      0.056468335618945       5.47116640398744        11.1361243401033        
0.718618731129769       99.1360918553758        0.213192003160079       4.99766214092377        28.7358281901634        4.99766214092376        0.056468335618945       0.390256438402768       7.58593915492843        7.91355717441496        
0.72860484183263        99.0403897708202        0.191540269258283       5.00545842052684        28.7443488054786        5.00545842052685        0.390256438402768       0.627259340733591       11.1361243401033        11.633003497563         
0.738585580664832       98.8899554574251        0.153738917737544       5.01797542585658        28.7584006958376        5.01797542585657        0.627259340733591       0.975079454493263       7.91355717441496        9.12445107423739        
0.748548136369989       98.660368013391         0.0924290125426106      5.03739510834461        28.7805274221459        5.03739510834467        0.975079454493263       1.24720550714518        11.633003497563         9.19865705386319        
0.758474286275992       98.3648480819054        0.013105809493963       5.06215485655473        28.8079298525043        5.06215485655479        1.24720550714518        1.52062323531034        9.12445107423739        -3.44626820919878       
0.768363790735232       98.0074461123495        -0.0838557342059742     5.0922317262622         28.8408456447691        5.09223172626228        1.52062323531034        1.4185409117313         9.19865705386319        -9.19474493038184       
0.77821724052473        97.6819216311642        -0.173150541919401      5.12019583838252        28.8718596740002        5.12019583838259        1.4185409117313         1.14700316095191        -3.44626820919878       -9.54434465333041       
0.78804742177431        97.4245283840547        -0.243719029042072      5.14274633857448        28.8972212226494        5.14274633857449        1.14700316095191        0.865784390486517       -9.19474493038184       -9.9587670005733        
0.797854338424505       97.2332389136932        -0.295252300459571      5.15973530055805        28.9164824742619        5.15973530055803        0.865784390486517       0.572808369080266       -9.54434465333041       -8.27418402590885       
0.807655572853901       97.1064169636583        -0.327274747124291      5.17096254860376        28.929040926267         5.17096254860372        0.572808369080266       0.329634775570985       -9.9587670005733        -4.40985516775383       
0.817446899665899       97.0317206606219        -0.343208918492749      5.17741856417001        28.935958939863         5.17741856416995        0.329634775570985       0.200127701130448       -8.27418402590885       -2.1663690428035        
0.827233730509177       96.9848250729915        -0.350545322453457      5.18133533693795        28.9399061648282        5.18133533693804        0.200127701130448       0.136543190548166       -4.40985516775383       -1.03390415642444       
0.837011476834065       96.9524030672461        -0.353650410638909      5.1840063470582         28.9425255999757        5.18400634705821        0.136543190548166       0.106209758109186       -2.1663690428035        -0.485371373913022      
0.846792453586922       96.9274038614015        -0.354735739166947      5.18608343171865        28.9445908373544        5.18608343171856        0.106209758109186       0.0919731273258881      -1.03390415642444       -0.243121852369665      
0.856565631844515       96.9061237230414        -0.354818415615655      5.18788169552147        28.946430564254         5.18788169552154        0.0919731273258881      0.0848434328101354      -0.485371373913022      -0.145395224999951      
0.866342412033663       96.886628517985         -0.354368775444514      5.18954025938877        28.9481449978672        5.1895402593887         0.0848434328101354      0.0805808859812431      -0.243121852369665      -0.0948547522723485     
0.876112721035387       96.8681687234824        -0.353603732649296      5.19111496997531        28.9497783749307        5.19111496997539        0.0805808859812431      0.0778008384099513      -0.145395224999951      -0.0976241087438193     
0.885879295859668       96.8502996970615        -0.352600587405717      5.19263480347621        28.9513453036315        5.19263480347628        0.0778008384099513      0.0749405555799519      -0.0948547522723485     -0.0917989459305098     
0.895645686120035       96.8330982117336        -0.351392057281226      5.19409842979632        28.9528537273351        5.19409842979638        0.0749405555799519      0.0722513044117531      -0.0976241087438193     -0.102083573325622      
0.9054073254199         96.816346410918         -0.349955877555117      5.19550939148008        28.9542811177298        5.19550939148011        0.0722513044117531      0.0692607074852775      -0.0917989459305098     -0.0950448058778544     
0.915174714289457       96.8001921764265        -0.348318488320032      5.19686216112385        28.9556343368951        5.19686216112384        0.0692607074852775      0.0664763737718789      -0.102083573325622      -0.107619385700021      
0.924941416668473       96.7850251059348        -0.346451814672075      5.19816047429546        28.9569822325395        5.19816047429538        0.0664763737718789      0.0633243067707631      -0.0950448058778544     -0.103334935989274      
0.934701513335325       96.7703821433647        -0.344356821103228      5.19939669017849        28.9582344254479        5.19939669017844        0.0633243067707631      0.0602984502192464      -0.107619385700021      -0.11656974163889       
0.944458578657323       96.7564700857671        -0.342010851822034      5.20057363326241        28.9594298739801        5.20057363326248        0.0602984502192464      0.0568852754133202      -0.103334935989274      -0.115145037030749      
0.954221609510277       96.7434459712934        -0.339423592697546      5.20168412079109        28.9605722405333        5.20168412079111        0.0568852754133202      0.0535138905815691      -0.11656974163889       -0.109744854377915      
0.963981539602517       96.7312105384155        -0.336601820557468      5.2027286806159         28.9616483007819        5.20272868061583        0.0535138905815691      0.0503010987007122      -0.115145037030749      -0.0994843387624337     
0.973737478049269       96.7198167041036        -0.333549087695836      5.20371023725267        28.962674264426         5.20371023725265        0.0503010987007122      0.0473894827241154      -0.109744854377915      -0.114825039896587      
0.98349291548456        96.7092031197153        -0.33024721890383       5.20463476551773        28.963657708192         5.2046347655178         0.0473894827241154      0.0440295551506118      -0.0994843387624337     -0.104404796098014      
0.993244391121097       96.6999318026929        -0.326714575830988      5.20549358803232        28.9646587804886        5.2054935880323         0.0440295551506118      0.0409754209497282      -0.114825039896587      -0.106655571214916      
1.00299718531281        96.6921663220056        -0.322945927356075      5.20629258245966        28.9657184819174        5.2062925824597         0.0409754209497282      0.0378563701990769      -0.104404796098014      -0.103923028698246      
1.01273883851824        96.6873378127032        -0.318963198467202      5.20703047912459        28.9670477996453        5.2070304791246         0.0378563701990769      0.03481750795337        -0.106655571214916      -0.0966853197863042     
1.02248675360541        96.6830666974249        -0.314763618817258      5.20770922024027        28.968295827257         5.20770922024036        0.03481750795337        0.0319894406065566      -0.103923028698246      -0.0977249045362744     
1.03223776513247        96.6759423289107        -0.31035019197543       5.20833318837829        28.9689638219196        5.20833318837837        0.0319894406065566      0.029130179018374       -0.0966853197863042     -0.0857360197355408     
1.04199870846828        96.6683341779879        -0.305749942426445      5.20890148339352        28.9694042424331        5.20890148339353        0.029130179018374       0.0266219749322457      -0.0977249045362744     -0.076138615119647      
1.05174342254073        96.6589382225761        -0.30096039115246       5.20942058489882        28.9694397164538        5.20942058489885        0.0266219749322457      0.0243953690920888      -0.0857360197355408     -0.0784427175162294     
1.06149102222043        96.6484731656211        -0.295980530605013      5.20989608183738        28.9691934550347        5.20989608183745        0.0243953690920888      0.0221019516113486      -0.076138615119647      -0.0805787377037372     
1.07123366624102        96.6416692267656        -0.290843319846067      5.21032686405706        28.9693713359338        5.21032686405713        0.0221019516113486      0.0197461012894126      -0.0784427175162294     -0.0594972321137201     
1.08098215240549        96.6376620169839        -0.285560931846474      5.21071174524885        28.9698406538388        5.21071174524887        0.0197461012894126      0.0180064591167813      -0.0805787377037372     -0.0657946392256878     
1.09072554197638        96.6346125730901        -0.280112278198754      5.21106275377538        28.9703592862643        5.21106275377531        0.0180064591167813      0.0160823594640199      -0.0594972321137201     -0.0581388515721453     
1.10047723398018        96.6314660012744        -0.274525261639753      5.21137632891833        28.9707592394963        5.21137632891838        0.0160823594640199      0.0143816292157854      -0.0657946392256878     -0.0546789118365761     
1.11022662185007        96.627734895109         -0.26881307990334       5.21165684782096        28.9709796248914        5.21165684782094        0.0143816292157854      0.0127816418472051      -0.0581388515721453     -0.0433330586805433     
1.11998688068743        96.6237966131289        -0.262973719672761      5.21190623001562        28.9710823505016        5.2119062300157         0.0127816418472051      0.0115136612342313      -0.0546789118365761     -0.0452925301718377     
1.12973890952963        96.62028159042          -0.257013838535386      5.21213082070944        28.9711795750839        5.21213082070946        0.0115136612342313      0.0101885379266182      -0.0433330586805433     -0.0389048985717929     
1.13948749936208        96.617704240123         -0.250958898810443      5.21232950586627        28.9713453432828        5.21232950586635        0.0101885379266182      0.00905050419660329     -0.0452925301718377     -0.0353811939781648     
1.14923999224097        96.6157838004207        -0.24480974019393       5.21250600312354        28.9715479121666        5.21250600312351        0.00905050419660329     0.00801564043976315     -0.0389048985717929     -0.035915040215532      
1.15898916242593        96.6143087624666        -0.238579265954413      5.21266229557909        28.9717610930467        5.2126622955791         0.00801564043976315     0.00696521604320253     -0.0353811939781648     -0.0280261524211453     
1.16873520204516        96.6131092728398        -0.232268679110147      5.21279809394321        28.9719586228761        5.21279809394318        0.00696521604320253     0.00614553127341796     -0.035915040215532      -0.0292604751860539     
1.17848724823019        96.6121585581127        -0.225876130098517      5.21291792893859        28.9721490832444        5.21291792893854        0.00614553127341796     0.00528959142579112     -0.0280261524211453     -0.0307614659881689     
1.18823618402911        96.6117297768988        -0.219427100151318      5.2130210938597         28.9723714724116        5.21302109385977        0.00528959142579112     0.00438962836211561     -0.0292604751860539     -0.0220192525136718     
1.1979930298803         96.6113699116381        -0.212911979944082      5.21310671659647        28.9725554443611        5.21310671659655        0.00438962836211561     0.00374547958068494     -0.0307614659881689     -0.018277779819228      
1.20774178544434        96.6113042231876        -0.206335859969466      5.21317975718915        28.9727485605573        5.21317975718915        0.00374547958068494     0.00321087545737173     -0.0220192525136718     -0.0265658850452542     
1.21748942595331        96.6117211955936        -0.199704000041668      5.21324235658992        28.9729850343363        5.21324235658992        0.00321087545737173     0.00243384714247373     -0.018277779819228      -0.0111038982436612     
1.22723749704338        96.6124025475463        -0.193040682764381      5.21328981881229        28.9732190874066        5.21328981881238        0.00243384714247373     0.00210899153954078     -0.0265658850452542     -0.0118417103008462     
1.23699552480247        96.6130513765352        -0.186325265972772      5.21333096131515        28.9734307026404        5.21333096131508        0.00210899153954078     0.00176250233160098     -0.0111038982436612     -0.00398096150171388    
1.24674767865497        96.6136530210477        -0.179572772218681      5.21336534247469        28.9736164544517        5.21336534247474        0.00176250233160098     0.00164603221099714     -0.0118417103008462     -0.019419540443937      
1.25649937346783        96.6139284690988        -0.172772267383807      5.21339744288579        28.9737469567409        5.2133974428857         0.00164603221099714     0.00107794007226969     -0.00398096150171388    -0.01063248368284       
1.26624721127165        96.6149456693972        -0.165961594847911      5.21341846456058        28.9739578962831        5.2134184645606         0.00107794007226969     0.000766877160628033    -0.019419540443937      -0.014252608913936      
1.27600326122931        96.6170098362105        -0.159107403838736      5.21343342337142        28.9743089749726        5.21343342337134        0.000766877160628033    0.000349869065029737    -0.01063248368284       -0.00113603073934283    
1.2857555969626         96.6203019434469        -0.152219647280508      5.21344024806624        28.9748215678222        5.21344024806618        0.000349869065029737    0.000316631015973644    -0.014252608913936      -0.00847369314870601    
1.29550772644786        96.6245332825108        -0.145296545422391      5.21344642359369        28.9754731762663        5.21344642359365        0.000316631015973644    6.87442544190523e-05    -0.00113603073934283    -0.00579802053937374    
1.30525885464945        96.6293783710984        -0.138353700144272      5.21344776420645        28.9762033579701        5.21344776420654        6.87442544190523e-05    -0.000100849685766786   -0.00847369314870601    -0.00926309524001004    
1.31500737623212        96.6368279771469        -0.131382978729873      5.21344579776988        28.9773148263507        5.21344579776994        -0.000100849685766786   -0.000371839157378837   -0.00579802053937374    -0.00284760167410679    
1.32475658167391        96.6472400202062        -0.124389471002339      5.21343854507768        28.9788556938997        5.21343854507759        -0.000371839157378837   -0.000455171092103081   -0.00926309524001004    -0.00781825054115189    
1.33451948563522        96.6535650000425        -0.117360679620466      5.21342966239646        28.9797792362073        5.21342966239647        -0.000455171092103081   -0.000683991142488471   -0.00284760167410679    -0.00204804752773863    
1.3442745481213         96.6552659330878        -0.110319772104353      5.21341631679294        28.9799971393926        5.21341631679296        -0.000683991142488471   -0.00074391756980667    -0.00781825054115189    8.71681189178869e-06    
1.3540242569813         96.6540977512028        -0.103262291614983      5.21340180944173        28.9797816907489        5.21340180944176        -0.00074391756980667    -0.000743662593510049   -0.00204804752773863    0.00695638508655338     
1.36377235392515        96.6515908777762        -0.0961965574233693     5.21338730898077        28.9793655691712        5.21338730898068        -0.000743662593510049   -0.000540193553745356   8.71681189178869e-06    0.000556288501512107    
1.37352387072101        96.6515229882012        -0.0891084416876723     5.21337677501933        28.979326114115         5.2133767750194         -0.000540193553745356   -0.000523923735777602   0.00695638508655338     -0.00253408240222301    
1.3832734324472         96.6508205034846        -0.0819975096311405     5.21336655993182        28.9791924088888        5.21336655993178        -0.000523923735777602   -0.000598030128393328   0.000556288501512107    -0.00283499160965554    
1.3930173516213         96.6484810356741        -0.0748795666660178     5.21335490232892        28.9788092810929        5.21335490232885        -0.000598030128393328   -0.000680952614853884   -0.00253408240222301    0.00118427311871681     
1.4027666258704         96.6471436661223        -0.0677596753540077     5.21334162177777        28.9785718736141        5.21334162177781        -0.000680952614853884   -0.000646302034932754   -0.00283499160965554    0.003440009520917       
1.41252995904392        96.6462359882001        -0.060619396488481      5.21332901090856        28.9784007458543        5.21332901090857        -0.000646302034932754   -0.00054566747809778    0.00118427311871681     0.000813104940832446    
1.42227871143691        96.6432280050114        -0.0534744676089784     5.21331837156766        28.9779202165525        5.21331837156759        -0.00054566747809778    -0.000521899255196899   0.003440009520917       0.00249672573269987     
1.43201356739701        96.6366494313989        -0.0463331331959633     5.21330820737579        28.9769056783159        5.21330820737575        -0.000521899255196899   -0.00044897755521348    0.000813104940832446    0.00738159819219957     
1.44174588425761        96.6301021484427        -0.039188622176993      5.21329946797003        28.9758997594083        5.21329946797001        -0.00044897755521348    -0.000233517454457733   0.00249672573269987     -6.79448965098715e-05   
1.45147665125322        96.6096800051613        -0.0320317274437071     5.21329492483466        28.9728250394747        5.21329492483466        -0.000233517454457733   -0.000235498948897699   0.00738159819219957     -0.000573529684734573   
1.46119325669181        96.5254408657495        -0.0248864918844768     5.21329034868638        28.9601780976369        5.21329034868632        -0.000235498948897699   -0.000252201366033295   -6.79448965098715e-05   0.00598490867285723     
1.47089270782099        96.3326303725487        -0.0177521307181558     5.21328545636749        28.9312259474901        5.21328545636742        -0.000252201366033295   -7.82659131259301e-05   -0.000573529684734573   0.00207922383177011     
1.48057412639018        96.014584935859         -0.0106274100074613     5.21328394158449        28.8834235564281        5.21328394158451        -7.82659131259301e-05   -1.80207678948327e-05   0.00598490867285723     0.000624007780181919    
1.49022046228598        95.689389778839         -0.00352847089921101    5.21328359406495        28.8344679697785        5.21328359406501        -1.80207678948327e-05   1.47912632987068e-12    0.00207922383177011     0.000624007780181919    
1.49981515085106        95.689389778839         0.00352847089921101     5.21328359406495        28.8344679697785        5.21328359406503        1.47912632987068e-12    1.47912632987068e-12    0.000624007780181919    0.000624007780181919    
