# xp[i]                    V[i]                   up[i]                    p[i]                    e[i]                   cs[i]                  dd1[i]             dd2_left[i]            dd2_right[i]             dd3_left[i]            dd3_right[i]
-1.5                    100                     0                       5                       750                     28.8675134594813        5                       0                       0                       0                       0                       
-1.49                   100                     0                       5                       750                     28.8675134594813        5                       0                       0                       0                       0                       
-1.48                   100                     0                       5                       750                     28.8675134594813        5                       0                       0                       0                       0                       
-1.47                   100                     0                       5                       750                     28.8675134594813        5                       0                       0                       0                       0                       
-1.46                   100                     0                       5                       750                     28.8675134594813        5                       0                       0                       0                       0                       
-1.45                   100                     0                       5                       750                     28.8675134594813        5                       0                       0                       0                       0                       
-1.44                   100                     0                       5                       750                     28.8675134594813        5                       0                       0                       0                       0                       
-1.43                   100                     0                       5                       750                     28.8675134594813        5                       0                       0                       0                       0                       
-1.42                   100                     0                       5                       750                     28.8675134594813        5                       0                       0                       0                       0                       
-1.41                   100                     0                       5                       750                     28.8675134594813        5                       0                       0                       0                       0                       
-1.4                    100                     0                       5                       750                     28.8675134594813        5                       0                       0                       0                       0                       
-1.39                   100                     0                       5                       750                     28.8675134594813        5                       0                       0                       0                       0                       
-1.38                   100                     0                       5                       750                     28.8675134594813        5                       0                       0                       0                       0                       
-1.37                   100                     0                       5                       750                     28.8675134594813        5                       0                       0                       0                       0                       
-1.36                   100                     0                       5                       750                     28.8675134594813        5                       0                       0                       0                       0                       
-1.35                   100                     0                       5                       750                     28.8675134594813        5                       0                       0                       0                       0                       
-1.34                   100                     0                       5                       750                     28.8675134594813        5                       0                       0                       0                       0                       
-1.33                   100                     0                       5                       750                     28.8675134594813        5                       0                       0                       0                       0                       
-1.32                   100                     -2.14102019656171e-67   5                       750                     28.8675134594813        5                       0                       0                       0                       0                       
-1.31                   100                     1.00409497907566e-64    5                       750                     28.8675134594813        5                       0                       0                       0                       0                       
-1.3                    100                     -2.28360377502787e-62   5                       750                     28.8675134594813        5                       0                       0                       0                       0                       
-1.29                   100                     3.35473666756199e-60    5                       750                     28.8675134594813        5                       0                       0                       0                       0                       
-1.28                   100                     -3.57742209569543e-58   5                       750                     28.8675134594813        5                       0                       0                       0                       0                       
-1.27                   100                     2.95039309867219e-56    5                       750                     28.8675134594813        5                       0                       0                       0                       0                       
-1.26                   100                     -1.95782610589229e-54   5                       750                     28.8675134594813        5                       0                       0                       0                       0                       
-1.25                   100                     1.07375717774782e-52    5                       750                     28.8675134594813        5                       0                       0                       0                       0                       
-1.24                   100                     -4.96146442269322e-51   5                       750                     28.8675134594813        5                       0                       0                       0                       0                       
-1.23                   100                     1.95914337731056e-49    5                       750                     28.8675134594813        5                       0                       0                       0                       0                       
-1.22                   100                     -6.68309637583483e-48   5                       750                     28.8675134594813        5                       0                       0                       0                       0                       
-1.21                   100                     1.98605633818454e-46    5                       750                     28.8675134594813        5                       0                       0                       0                       0                       
-1.2                    100                     -5.17587205161599e-45   5                       750                     28.8675134594813        5                       0                       0                       0                       0                       
-1.19                   100                     1.18922571316831e-43    5                       750                     28.8675134594813        5                       0                       0                       0                       0                       
-1.18                   100                     -2.41959784233158e-42   5                       750                     28.8675134594813        5                       0                       0                       0                       0                       
-1.17                   100                     4.37594238425907e-41    5                       750                     28.8675134594813        5                       0                       0                       0                       0                       
-1.16                   100                     -7.05957029409279e-40   5                       750                     28.8675134594813        5                       0                       0                       0                       0                       
-1.15                   100                     1.01952529045822e-38    5                       750                     28.8675134594813        5                       0                       0                       0                       0                       
-1.14                   100                     -1.32304856618972e-37   5                       750                     28.8675134594813        5                       0                       0                       0                       0                       
-1.13                   100                     1.5491590457174e-36     5                       750                     28.8675134594813        5                       0                       0                       0                       0                       
-1.12                   100                     -1.64339333090796e-35   5                       750                     28.8675134594813        5                       0                       0                       0                       3.70074341541718e-11    
-1.11                   100                     1.58435109045375e-34    5                       750                     28.8675134594813        5                       0                       1.11022302462516e-12    0                       -1.11022302462515e-10   
-1.1                    100                     -1.38823849004908e-33   5                       750                     28.8675134594813        5.00000000000002        1.11022302462516e-12    -2.22044604925031e-12   3.70074341541718e-11    1.11022302462517e-10    
-1.09                   100                     1.09903579989663e-32    5                       750                     28.8675134594813        4.99999999999998        -2.22044604925031e-12   1.11022302462517e-12    -1.11022302462515e-10   -3.70074341541722e-11   
-1.08                   100                     -7.73551054061855e-32   5                       750                     28.8675134594813        5                       1.11022302462517e-12    0                       1.11022302462517e-10    0                       
-1.07                   100                     4.67934458325766e-31    5                       750                     28.8675134594813        5                       0                       0                       -3.70074341541722e-11   0                       
-1.06                   100                     -2.25872159261071e-30   5                       750                     28.8675134594813        5                       0                       0                       0                       0                       
-1.05                   100                     6.85402201314558e-30    5                       750                     28.8675134594813        5                       0                       0                       0                       0                       
-1.04                   100                     9.05541294360073e-30    5                       750                     28.8675134594813        5                       0                       0                       0                       0                       
-1.03                   100                     -3.10425835985455e-28   5                       750                     28.8675134594813        5                       0                       0                       0                       0                       
-1.02                   100                     2.61781889034245e-27    5                       750                     28.8675134594813        5                       0                       0                       0                       -1.92438657601693e-11   
-1.01                   100                     -1.52625148041518e-26   5                       750                     28.8675134594813        5                       0                       -5.77315972805078e-13   0                       7.54951656745104e-11    
-1                      100                     7.2928901180689e-26     5                       750                     28.8675134594813        4.99999999999999        -5.77315972805078e-13   1.68753899743025e-12    -1.92438657601693e-11   -1.30266168222686e-10   
-0.99                   100                     -3.23301652783948e-25   5                       750                     28.8675134594813        5.00000000000002        1.68753899743025e-12    -2.22044604925031e-12   7.54951656745104e-11    7.40148683083436e-11    
-0.98                   100                     1.5107087286494e-24     5                       750                     28.8675134594813        4.99999999999998        -2.22044604925031e-12   0                       -1.30266168222686e-10   0                       
-0.97                   100                     -9.7106311588862e-24    5                       750                     28.8675134594813        4.99999999999998        0                       0                       7.40148683083436e-11    0                       
-0.96                   100                     1.15771442856329e-22    5                       750                     28.8675134594813        4.99999999999998        0                       0                       0                       0                       
-0.95                   100                     -1.86476115766691e-21   5                       750                     28.8675134594813        4.99999999999998        0                       0                       0                       1.77635683940026e-11    
-0.94                   100                     3.0377103580181e-20     5                       750                     28.8675134594813        4.99999999999998        0                       5.32907051820078e-13    0                       3.8487731520339e-11     
-0.93                   100                     -4.69132293676426e-19   5                       750                     28.8675134594813        4.99999999999999        5.32907051820078e-13    1.68753899743025e-12    1.77635683940026e-11    -1.30266168222686e-10   
-0.92                   100                     6.74969465637703e-18    5                       750                     28.8675134594813        5.00000000000002        1.68753899743025e-12    -2.22044604925031e-12   3.8487731520339e-11     7.40148683083436e-11    
-0.91                   100                     -9.2690887522415e-17    5                       750                     28.8675134594813        4.99999999999998        -2.22044604925031e-12   0                       -1.30266168222686e-10   0                       
-0.9                    100                     -7.02920200946223e-17   5                       750                     28.8675134594813        4.99999999999998        0                       0                       7.40148683083436e-11    0                       
-0.89                   100                     2.39748577170479e-15    5                       750                     28.8675134594813        4.99999999999998        0                       0                       0                       0                       
-0.88                   100                     2.79385792971191e-15    5                       750                     28.8675134594813        4.99999999999998        0                       0                       0                       0                       
-0.87                   100                     2.69480800694137e-15    5                       750                     28.8675134594813        4.99999999999998        0                       0                       0                       7.40148683083436e-11    
-0.86                   100                     -1.5782144631267e-15    5                       750                     28.8675134594813        4.99999999999998        0                       2.22044604925031e-12    0                       -7.40148683083436e-11   
-0.85                   100                     -7.30170988167172e-15   5                       750                     28.8675134594813        5.00000000000002        2.22044604925031e-12    0                       7.40148683083436e-11    0                       
-0.84                   99.9999999999999        -3.28470352312317e-14   5.00000000000001        750                     28.8675134594813        5.00000000000002        0                       0                       -7.40148683083436e-11   1.11022302462518e-10    
-0.83                   99.9999999999996        -1.06067096943146e-13   5.00000000000003        750.000000000001        28.8675134594813        5.00000000000002        0                       3.3306690738755e-12     0                       2.41288470685219e-10    
-0.82                   99.9999999999988        -3.44212433142821e-13   5.0000000000001         750.000000000006        28.8675134594814        5.00000000000009        3.3306690738755e-12     1.05693231944319e-11    1.11022302462518e-10    8.12683254025805e-10    
-0.81                   99.9999999999962        -1.10940473873129e-12   5.00000000000032        750.000000000019        28.8675134594817        5.0000000000003         1.05693231944319e-11    3.4949820815204e-11     2.41288470685219e-10    2.29594121492647e-09    
-0.800000000000001      99.9999999999879        -3.48920629246515e-12   5.00000000000101        750.00000000006         28.8675134594825        5.000000000001          3.4949820815204e-11     1.03828057262981e-10    8.12683254025805e-10    6.73387271870737e-09    
-0.790000000000004      99.999999999963         -1.06866106560514e-11   5.00000000000308        750.000000000184        28.8675134594848        5.00000000000308        1.03828057262981e-10    3.05844238824052e-10    2.29594121492647e-09    1.89862940185729e-08    
-0.780000000000012      99.9999999998897        -3.18518382759413e-11   5.0000000000092         750.000000000552        28.8675134594919        5.00000000000919        3.05844238824052e-10    8.75433059380018e-10    6.73387271870737e-09    5.23270315975391e-08    
-0.770000000000034      99.9999999996795        -9.2520922374846e-11    5.00000000002671        750.000000001602        28.8675134595121        5.0000000000267         8.75433059380018e-10    2.44524400729671e-09    1.89862940185729e-08    1.40407685484978e-07    
-0.760000000000099      99.9999999990926        -2.61945779899591e-10   5.00000000007562        750.000000004537        28.8675134595686        5.00000000007561        2.44524400729671e-09    6.6574745717762e-09     5.23270315975391e-08    3.66779199651512e-07    
-0.750000000000279      99.999999997495         -7.23098985636324e-10   5.00000000020874        750.000000012524        28.8675134597223        5.00000000020876        6.6574745717762e-09     1.76608505608329e-08    1.40407685484978e-07    9.34735252476637e-07    
-0.740000000000762      99.9999999932562        -1.94678323276716e-09   5.00000000056199        750.00000003372         28.8675134601302        5.00000000056197        1.76608505608329e-08    4.57029081318742e-08    3.66779199651512e-07    2.32134608031404e-06    
-0.730000000002036      99.9999999822876        -5.11313342891572e-09   5.00000000147603        750.000000088562        28.8675134611857        5.00000000147603        4.57029081318742e-08    1.1534329052063e-07     9.34735252476637e-07    5.6218541054199e-06     
-0.720000000005312      99.9999999546052        -1.31043624183012e-08   5.0000000037829         750.000000226974        28.8675134638494        5.0000000037829         1.1534329052063e-07     2.83998913558352e-07    2.32134608031404e-06    1.32755851452464e-05    
-0.710000000013534      99.9999998864457        -3.27802972232365e-08   5.00000000946286        750.000000567772        28.8675134704081        5.00000000946287        2.83998913558352e-07    6.82266467196921e-07    5.6218541054199e-06     3.05908265510729e-05    
-0.70000000003369       99.9999997227017        -8.00491416058017e-08   5.0000000231082         750.000001386492        28.8675134861643        5.0000000231082         6.82266467196921e-07    1.59999125978354e-06    1.32755851452464e-05    6.86568644211653e-05    
-0.690000000081951      99.9999993387041        -1.90899680008015e-07   5.00000005510799        750.00000330648         28.8675135231145        5.00000005510803        1.59999125978354e-06    3.65969717180522e-06    3.05908265510729e-05    0.00015101500018825     
-0.680000000194852      99.9999984603768        -4.44450906749387e-07   5.00000012830193        750.000007698115        28.8675136076316        5.00000012830197        3.65969717180522e-06    8.19014707425237e-06    6.86568644211653e-05    0.000320226010332025    
-0.670000000452844      99.9999964947413        -1.01188104644324e-06   5.00000029210491        750.000017526294        28.867513796775         5.00000029210491        8.19014707425237e-06    1.77969268977314e-05    0.00015101500018825     0.00068043749370268     
-0.660000001029553      99.9999922234795        -2.24488819428074e-06   5.00000064804343        750.000038882603        28.8675142077773        5.00000064804342        1.77969268977314e-05    3.82100494562352e-05    0.000320226010332025    0.00134563377146477     
-0.650000002285614      99.999983053071         -4.8921573057214e-06    5.00000141224431        750.000084734643        28.8675150902002        5.0000014122443         3.82100494562352e-05    7.85790531593391e-05    0.00068043749370268     0.00274668133426589     
-0.640000004983047      99.9999641941132        -1.03362705641784e-05   5.00000298382493        750.000179029427        28.867516904904         5.00000298382488        7.85790531593391e-05    0.000160979452840211    0.00134563377146477     0.00547296562973202     
-0.630000010531161      99.999925559113         -2.14892394213638e-05   5.00000620341188        750.000372204436        28.8675206225581        5.0000062034119         0.000160979452840211    0.000325168259470358    0.00274668133426589     0.00849102393757127     
-0.62000002216281       99.9998475189973        -4.40174990937383e-05   5.00001270676875        750.000762404885        28.8675281319664        5.00001270676878        0.000325168259470358    0.000579898472884059    0.00547296562973202     0.0242688591022088      
-0.610000044401606      99.9997083443755        -8.41938263425755e-05   5.00002430470878        750.001458278501        28.8675415240505        5.00002430470875        0.000579898472884059    0.0013079614377717      0.00849102393757127     0.0189383599655669      
-0.600000089994245      99.9993944378328        -0.000174811154521851   5.00005046380833        750.003027809157        28.8675717296369        5.00005046380831        0.0013079614377717      0.00187610809167999     0.0242688591022088      0.0776344768547791      
-0.590000174122111      99.9989441840404        -0.000304789066713058   5.00008798562319        750.005279084437        28.8676150553299        5.00008798562315        0.00187610809167999     0.00420511036782308     0.0189383599655669      0.104927213573327       
-0.580000330184404      99.9979350075899        -0.000596117309617209   5.00017208636834        750.01032497914         28.8677121631136        5.00017208636836        0.00420511036782308     0.00735284797779702     0.0776344768547791      0.0925058795692644      
-0.570000629347432      99.9961704826699        -0.00110550318937381    5.00031913868923        750.019147590187        28.8678819526744        5.00031913868918        0.00735284797779702     0.0101279009716116      0.104927213573327       0.418674433387557       
-0.560001136709615      99.9937401933277        -0.00180709841749651    5.00052168550425        750.03129937712         28.8681158099905        5.00052168550428        0.0101279009716116      0.0226871491361724      0.0925058795692644      0.361747682601902       
-0.550002035389777      99.9882968192485        -0.00337859316385219    5.00097538426949        750.058516662138        28.8686395912038        5.00097538426949        0.0226871491361724      0.033538127430594       0.418674433387557       0.439328769431014       
-0.54000362869045       99.9802516282897        -0.00570132751910888    5.00164603576221        750.098743816715        28.8694137225756        5.00164603576217        0.033538127430594       0.0467150302646846      0.361747682601902       1.84584370380116        
-0.530006166076692      99.9690495597572        -0.00893587142444365    5.0025800798026         750.15476388666         28.8704917382333        5.00258007980258        0.0467150302646846      0.102069644840626       0.439328769431014       0.842714380579334       
-0.520010482257565      99.9445860815242        -0.0160006569597341     5.00462053905153        750.277092405899        28.8728456128649        5.00462053905151        0.102069644840626       0.127335968657348       1.84584370380116        0.713813851728394       
-0.510017606839526      99.9140943696489        -0.0248079308461905     5.00716541198624        750.429596246453        28.8757798595304        5.00716541198627        0.127335968657348       0.148730611563112       0.842714380579334       5.81549724395193        
-0.500028042544569      99.8785243621115        -0.0350870002164774     5.01013675517488        750.607598938867        28.8792043392024        5.01013675517492        0.148730611563112       0.322944510958494       0.713813851728394       7.83322756282813        
-0.490044005796397      99.8014250413814        -0.0573791764412281     5.01658454143856        750.993429114199        28.8866256849121        5.01658454143853        0.322944510958494       0.557398093210229       5.81549724395193        11.0879662419968        
-0.480070410544142      99.6687818182838        -0.0957606169501126     5.02770120437607        751.657281579722        28.8993902584605        5.02770120437604        0.557398093210229       0.88880170704711        7.83322756282813        9.43327327599128        
-0.470113941470191      99.4584387935898        -0.156721245520506      5.04539704043561        752.710969103286        28.9196390230908        5.04539704043561        0.88880170704711        1.17017659913256        11.0879662419968        11.5454700308631        
-0.460180938253206      99.183733888978         -0.236534233742713      5.06864012343462        754.089979772603        28.9461181387573        5.06864012343459        1.17017659913256        1.51360734958862        9.43327327599128        14.5939267005257        
-0.450277644135913      98.8321611855424        -0.339003749320745      5.0986113569144         755.860169173502        28.9800730229412        5.09861135691436        1.51360734958862        1.94616890182642        11.5454700308631        18.7736542498679        
-0.440414846648343      98.3862963665899        -0.469552677383358      5.13699308592401        758.114586277264        29.0232586093993        5.13699308592399        1.94616890182642        2.50009366972291        14.5939267005257        23.1282693416316        
-0.43060036679823       97.8233575330929        -0.635276343961599      5.1860508879812         760.975365299698        29.0779673234965        5.18605088798124        2.50009366972291        3.17860406214259        18.7736542498679        26.7532602778944        
-0.420847352758962      97.1231355660827        -0.842879347228469      5.24802795753255        764.557396161039        29.1463242615035        5.24802795753253        3.17860406214259        3.95790035488239        23.1282693416316        28.3525219245768        
-0.411171453246093      96.2746848161651        -1.09666037810119       5.32459462639901        768.935504145617        29.2296558718029        5.32459462639902        3.95790035488239        4.7767051389602         26.7532602778944        25.8377451503679        
-0.401585717281971      95.2837968682791        -1.3962295177417        5.41614007132698        774.1055855497          29.3277567719975        5.41614007132702        4.7767051389602         5.51544420917838        28.3525219245768        13.5978389297821        
-0.392103134386432      94.1825822815222        -1.73342555714093       5.52071648141427        779.933001395633        29.4379385109237        5.52071648141426        5.51544420917838        5.89994933002761        25.8377451503679        -8.08258303650521       
-0.382732735110895      93.0531555600607        -2.08426952167102       5.63129786996046        786.015055047704        29.5524966993335        5.63129786996042        5.89994933002761        5.67398210337788        13.5978389297821        -27.9397885996377       
-0.373470578170472      92.0127306408686        -2.41272304083233       5.73644136770433        791.738451605571        29.6598953247117        5.73644136770435        5.67398210337788        4.90118295568738        -8.08258303650521       -44.8998753983974       
-0.364303666588443      91.1489379986915        -2.68950974504358       5.82634460245275        796.597684391964        29.7507737414222        5.82634460245272        4.90118295568738        3.67054221225795        -27.9397885996377       -51.4610294639496       
-0.355213305635587      90.5231041933931        -2.8928533234391        5.8931265267798         800.196159912806        29.817894700122         5.8931265267798         3.67054221225795        2.26972101433887        -44.8998753983974       -48.9460968777498       
-0.34617289590505       90.145463508513         -3.01679392991835       5.93419116765176        802.410620034138        29.8591251645705        5.9341911676518         2.26972101433887        0.9431819307305         -51.4610294639496       -40.7025036301099       
-0.337159328843349      89.9912615673516        -3.06820188730738       5.95120301457408        803.334400687422        29.8763079804312        5.95120301457403        0.9431819307305         -0.157710969582274      -48.9460968777498       -31.6835209939838       
-0.328153563046284      90.0180926913835        -3.05948801543198       5.94836101347251        803.19016960887         29.8736258560563        5.94836101347255        -0.157710969582274      -1.01464811162398       -40.7025036301099       -23.4751084745222       
-0.319138034864202      90.1856432272368        -3.00448180498136       5.93005969280804        802.209371657704        29.855380524896         5.93005969280799        -1.01464811162398       -1.65058338889341       -31.6835209939838       -17.2001457941163       
-0.31010063492833       90.4598925929527        -2.91404882641991       5.9002185935271         800.599710368105        29.8254125494072        5.9002185935271         -1.65058338889341       -2.11785646352266       -23.4751084745222       -11.9571668381998       
-0.301032717986254      90.8162191648183        -2.79742175241924       5.86179994685799        798.519763011263        29.7866443414431        5.86179994685794        -2.11785646352266       -2.4439291176976        -17.2001457941163       -9.81153962938981       
-0.291925262032563      91.2346085126628        -2.66114416613186       5.81727790933358        796.105609001117        29.741583478003         5.81727790933359        -2.4439291176976        -2.71270819925614       -11.9571668381998       -9.13147664538982       
-0.282773288250517      91.7090826850207        -2.50845473442048       5.7676177344865         793.414397561421        29.6912706505805        5.76761773448648        -2.71270819925614       -2.96415028706888       -9.81153962938981       -4.31270521743336       
-0.273571704893612      92.2410027580759        -2.33920231012272       5.71305947050075        790.467501563267        29.636079767054         5.71305947050075        -2.96415028706888       -3.08357797952674       -9.13147664538982       -0.501432001347027      
-0.264314768603927      92.8121088710275        -2.16088749258338       5.65596615581454        787.413219936459        29.5787690363743        5.65596615581456        -3.08357797952674       -3.0975483794174        -4.31270521743336       1.56007028923469        
-0.254999661301487      93.4085321010297        -1.97890517165927       5.59825342130307        784.386951620231        29.52187421821          5.59825342130308        -3.0975483794174        -3.05380544642429       -0.501432001347027      3.03024771709444        
-0.245623320271296      94.0252942321782        -1.7969450673126        5.54098523521476        781.489150615835        29.4672916716491        5.54098523521474        -3.05380544642429       -2.96828004227266       1.56007028923469        3.9172006990806         
-0.236184996626563      94.6616275137683        -1.61712659811701       5.48494952695423        778.82137357854         29.4169522852714        5.48494952695418        -2.96828004227266       -2.85697148797615       3.03024771709444        5.50657166284273        
-0.226681636176879      95.3217033612112        -1.44154535161572       5.43064421684948        776.487385648204        29.3728405475422        5.43064421684946        -2.85697148797615       -2.69940201292089       3.9172006990806         5.92637857499854        
-0.217110683478258      96.0081191516017        -1.27274278971776       5.37896696437402        774.636751842226        29.337816927081         5.37896696437406        -2.69940201292089       -2.52857880661362       5.50657166284273        6.2636192126025         
-0.207468023163728      96.7327602371198        -1.11189573630962       5.33019811886474        773.407164972734        29.3145236088556        5.33019811886476        -2.52857880661362       -2.34664858991089       5.92637857499854        6.9475875913025         
-0.197750180959198      97.5110862896116        -0.95990854942972       5.28458223695846        772.958031768907        29.3060106039872        5.28458223695844        -2.34664858991089       -2.14320734794888       6.2636192126025         7.66362173494468        
-0.187951054124039      98.3590559578781        -0.818413001739153      5.2425710135784         773.481503531562        29.3159324056535        5.24257101357842        -2.14320734794888       -1.91682794572903       6.9475875913025         7.93931407984284        
-0.178063081927519      99.2939240611724        -0.689110815989377      5.20465424833432        775.18581554815         29.3482124299126        5.20465424833434        -1.91682794572903       -1.68005304155654       7.66362173494468        7.89071779603968        
-0.168076161868439      100.335653444401        -0.573104229203407      5.17108755510885        778.266673290083        29.4064745948931        5.17108755510887        -1.68005304155654       -1.44223526355944       7.93931407984284        7.66996393763629        
-0.157978886707668      101.504014655013        -0.470870066532991      5.14195226512442        782.89319711185         29.4937506961098        5.14195226512444        -1.44223526355944       -1.20836135863307       7.89071779603968        7.16118239475607        
-0.147757392716838      102.814668409185        -0.382287025097839      5.11724117831258        789.191182377053        29.6121443250917        5.11724117831256        -1.20836135863307       -0.987176344853374      7.66996393763629        6.5082217046819         
-0.137397495265201      104.276775863396        -0.30729294651898       5.09677970122399        797.213631794461        29.762273505498         5.09677970122395        -0.987176344853374      -0.783309435395481      7.16118239475607        5.69091193562383        
-0.12688423108924       105.888902313605        -0.244935515414741      5.08030370958741        806.92167484192         29.94293971395          5.08030370958742        -0.783309435395481      -0.602309098476463      6.5082217046819         4.75435599189417        
-0.116203011867674      107.636814662732        -0.194215039795415      5.06743322285791        818.163555936792        30.1507979613732        5.06743322285791        -0.602309098476463      -0.448628156656604      5.69091193562383        3.73518192325485        
-0.105341565863034      109.492074186279        -0.153409152373282      5.05768587987806        830.664776355759        30.3802709437804        5.0576858798781         -0.448628156656604      -0.325842502375712      4.75435599189417        3.01649082339172        
-0.0942916814621243     111.412388129253        -0.120981352868571      5.05048430285583        844.029776085707        30.6236977244331        5.05048430285581        -0.325842502375712      -0.224976335743862      3.73518192325485        2.27324326493204        
-0.0830500868144588     113.340197744015        -0.0954096042728929     5.04542625388018        857.774413976439        30.8720372213439        5.04542625388014        -0.224976335743862      -0.147673995440998      3.01649082339172        1.59581686548614        
-0.0716179959840111     115.209455060081        -0.0753200756761286     5.04205048987959        871.33783398666         31.1151594704907        5.04205048987959        -0.147673995440998      -0.0925289615795541     2.27324326493204        1.03031473406246        
-0.0600046327721961     116.949579105788        -0.0590966534192175     5.03990204616631        884.121634550322        31.3425808082643        5.0399020461663         -0.0925289615795541     -0.0563957952837832     1.59581686548614        0.66528949172519        
-0.0482251527272848     118.490453711091        -0.045379035595346      5.03857407741596        895.534392734942        31.5442263203575        5.03857407741595        -0.0563957952837832     -0.0327606352369572     1.03031473406246        0.407852498724417       
-0.0363028746081321     119.766297375691        -0.0331446080236418     5.03779340107765        905.036793886143        31.7111405920896        5.03779340107767        -0.0327606352369572     -0.0181169752934472     0.66528949172519        0.24568658532944        
-0.0242674969253231     120.72103432709         -0.0217463910907689     5.03735762577972        912.172534289371        31.8359079986625        5.03735762577972        -0.0181169752934472     -0.0092262723279239     0.407852498724417       0.174817816399565       
-0.0121536813482174     121.311894659553        -0.0107929920727309     5.03713427299527        916.596453467441        31.9130146468915        5.03713427299529        -0.0092262723279239     -0.00286954226567366    0.24568658532944        0.157575476779128       
-1.86221170540698e-19   121.511919693728        -2.27849704321284e-17   5.03706457918894        918.095079957791        31.9390927297183        5.03706457918892        -0.00286954226567366    0.00286954226563709     0.174817816399565       0.174817816406625       
0.0121536813482174      121.311894659553        0.0107929920727316      5.03713427299528        916.596453467442        31.9130146468915        5.03713427299529        0.00286954226563709     0.00922627232814403     0.157575476779128       0.245686585315194       
0.0242674969253231      120.72103432709         0.0217463910907703      5.03735762577972        912.172534289371        31.8359079986625        5.03735762577973        0.00922627232814403     0.0181169752931518      0.174817816406625       0.407852498735759       
0.0363028746081321      119.766297375691        0.0331446080236459      5.03779340107765        905.036793886143        31.7111405920896        5.03779340107767        0.0181169752931518      0.032760635237069       0.245686585315194       0.665289491722043       
0.0482251527272848      118.490453711091        0.0453790355953439      5.03857407741596        895.534392734941        31.5442263203575        5.03857407741595        0.032760635237069       0.0563957952837832      0.407852498735759       1.03031473407664        
0.0600046327721961      116.949579105788        0.0590966534192124      5.03990204616631        884.121634550322        31.3425808082643        5.0399020461663         0.0563957952837832      0.0925289615800515      0.665289491722043       1.59581686544927        
0.0716179959840111      115.209455060081        0.0753200756761291      5.04205048987959        871.33783398666         31.1151594704907        5.04205048987961        0.0925289615800515      0.147673995440221       1.03031473407664        2.27324326505944        
0.0830500868144588      113.340197744015        0.0954096042728913      5.04542625388018        857.77441397644         30.8720372213439        5.04542625388014        0.147673995440221       0.224976335747418       1.59581686544927        3.01649082311587        
0.0942916814621243      111.412388129253        0.120981352868574       5.05048430285583        844.029776085706        30.6236977244331        5.05048430285588        0.224976335747418       0.325842502370044       2.27324326505944        3.73518192354152        
0.105341565863034       109.492074186279        0.153409152373284       5.05768587987806        830.664776355759        30.3802709437804        5.05768587987804        0.325842502370044       0.44862815666036        3.01649082311587        4.75435599173412        
0.116203011867675       107.636814662732        0.194215039795418       5.06743322285791        818.163555936792        30.1507979613732        5.06743322285794        0.44862815666036        0.602309098475047       3.73518192354152        5.6909119357958         
0.12688423108924        105.888902313605        0.24493551541475        5.08030370958741        806.92167484192         29.94293971395          5.08030370958742        0.602309098475047       0.783309435399534       4.75435599173412        6.50822170442117        
0.137397495265201       104.276775863396        0.307292946518987       5.09677970122399        797.213631794461        29.762273505498         5.09677970122403        0.783309435399534       0.987176344849261       5.6909119357958         7.16118239475005        
0.147757392716838       102.814668409185        0.382287025097837       5.11724117831258        789.191182377053        29.6121443250917        5.11724117831256        0.987176344849261       1.20836135862877        6.50822170442117        7.66996393775272        
0.157978886707669       101.504014655013        0.470870066532984       5.14195226512442        782.893197111849        29.4937506961098        5.14195226512436        1.20836135862877        1.44223526355869        7.16118239475005        7.89071779620795        
0.168076161868439       100.335653444401        0.573104229203407       5.17108755510885        778.266673290082        29.4064745948931        5.17108755510876        1.44223526355869        1.68005304156086        7.66996393775272        7.93931407967473        
0.178063081927519       99.2939240611725        0.689110815989377       5.20465424833433        775.185815548151        29.3482124299126        5.20465424833433        1.68005304156086        1.91682794572834        7.89071779620795        7.66362173520499        
0.187951054124039       98.3590559578781        0.818413001739152       5.2425710135784         773.481503531561        29.3159324056535        5.24257101357838        1.91682794572834        2.14320734795587        7.93931407967473        6.94758759087815        
0.197750180959198       97.5110862896116        0.95990854942972        5.28458223695846        772.958031768907        29.3060106039872        5.28458223695854        2.14320734795587        2.34664858990545        7.66362173520499        6.26361921259762        
0.207468023163728       96.7327602371198        1.11189573630962        5.33019811886474        773.407164972734        29.3145236088555        5.33019811886476        2.34664858990545        2.52857880660804        6.94758759087815        5.92637857538658        
0.217110683478258       96.0081191516017        1.27274278971776        5.37896696437402        774.636751842225        29.3378169270809        5.37896696437396        2.52857880660804        2.6994020129265         6.26361921259762        5.50657166281977        
0.226681636176879       95.3217033612111        1.44154535161572        5.43064421684947        776.487385648203        29.3728405475422        5.43064421684946        2.6994020129265         2.85697148798111        5.92637857538658        3.91720069873079        
0.236184996626563       94.6616275137683        1.61712659811701        5.48494952695423        778.821373578541        29.4169522852714        5.48494952695428        2.85697148798111        2.96828004226767        5.50657166281977        3.03024771727114        
0.245623320271296       94.0252942321783        1.7969450673126         5.54098523521476        781.489150615835        29.4672916716491        5.54098523521474        2.96828004226767        3.05380544642429        3.91720069873079        1.56007028923469        
0.254999661301487       93.4085321010297        1.97890517165927        5.59825342130307        784.386951620231        29.52187421821          5.59825342130308        3.05380544642429        3.0975483794174         3.03024771727114        -0.501432001347027      
0.264314768603927       92.8121088710275        2.16088749258338        5.65596615581454        787.413219936459        29.5787690363743        5.65596615581456        3.0975483794174         3.08357797952674        1.56007028923469        -4.31270521755502       
0.273571704893612       92.2410027580759        2.33920231012272        5.71305947050075        790.467501563266        29.636079767054         5.71305947050075        3.08357797952674        2.96415028706551        -0.501432001347027      -9.13147664521462       
0.282773288250517       91.7090826850207        2.50845473442048        5.7676177344865         793.414397561421        29.6912706505805        5.76761773448642        2.96415028706551        2.71270819925759        -4.31270521755502       -9.81153962937202       
0.291925262032563       91.2346085126629        2.66114416613187        5.81727790933358        796.105609001117        29.741583478003         5.81727790933356        2.71270819925759        2.44392911769954        -9.13147664521462       -11.9571668384703       
0.301032717986254       90.8162191648184        2.79742175241925        5.86179994685799        798.519763011263        29.7866443414431        5.86179994685794        2.44392911769954        2.11785646351723        -9.81153962937202       -17.2001457935148       
0.31010063492833        90.4598925929526        2.91404882641991        5.9002185935271         800.599710368105        29.8254125494072        5.90021859352701        2.11785646351723        1.65058338890431        -11.9571668384703       -23.4751084753284       
0.319138034864202       90.1856432272368        3.00448180498137        5.93005969280804        802.209371657704        29.855380524896         5.93005969280809        1.65058338890431        1.01464811161304        -17.2001457935148       -31.6835209933773       
0.328153563046284       90.0180926913835        3.05948801543198        5.94836101347251        803.19016960887         29.8736258560563        5.94836101347246        1.01464811161304        0.157710969587745       -23.4751084753284       -40.702503630259        
0.337159328843349       89.9912615673516        3.06820188730738        5.95120301457408        803.334400687422        29.8763079804312        5.95120301457403        0.157710969587745       -0.943181930729066      -31.6835209933773       -48.9460968778013       
0.34617289590505        90.145463508513         3.01679392991835        5.93419116765176        802.410620034138        29.8591251645705        5.93419116765182        -0.943181930729066      -2.26972101433884       -40.702503630259        -51.4610294638059       
0.355213305635587       90.5231041933932        2.89285332343909        5.8931265267798         800.196159912806        29.817894700122         5.89312652677983        -2.26972101433884       -3.67054221225403       -48.9460968778013       -44.8998753987331       
0.364303666588444       91.1489379986915        2.68950974504357        5.82634460245275        796.597684391964        29.7507737414222        5.82634460245282        -3.67054221225403       -4.90118295569266       -51.4610294638059       -27.9397885992615       
0.373470578170472       92.0127306408685        2.41272304083231        5.73644136770433        791.738451605571        29.6598953247117        5.73644136770435        -4.90118295569266       -5.67398210337275       -44.8998753987331       -8.08258303669036       
0.382732735110896       93.0531555600607        2.08426952167101        5.63129786996045        786.015055047703        29.5524966993335        5.63129786996051        -5.67398210337275       -5.89994933002766       -27.9397885992615       13.5978389294342        
0.392103134386432       94.1825822815222        1.73342555714092        5.52071648141427        779.933001395633        29.4379385109237        5.52071648141436        -5.89994933002766       -5.51544420918826       -8.08258303669036       25.8377451509947        
0.401585717281971       95.2837968682791        1.39622951774169        5.41614007132698        774.1055855497          29.3277567719975        5.41614007132692        -5.51544420918826       -4.77670513895217       13.5978389294342        28.3525219242955        
0.411171453246094       96.2746848161651        1.09666037810119        5.32459462639901        768.935504145617        29.2296558718028        5.32459462639908        -4.77670513895217       -3.95790035488249       25.8377451509947        26.7532602776313        
0.420847352758962       97.1231355660828        0.842879347228471       5.24802795753255        764.557396161039        29.1463242615035        5.24802795753259        -3.95790035488249       -3.17860406215035       28.3525219242955        23.1282693420537        
0.43060036679823        97.8233575330929        0.6352763439616         5.1860508879812         760.975365299698        29.0779673234965        5.18605088798115        -3.17860406215035       -2.5000936697183        26.7532602776313        18.7736542497114        
0.440414846648343       98.3862963665899        0.469552677383358       5.13699308592401        758.114586277264        29.0232586093993        5.13699308592399        -2.5000936697183        -1.94616890182642       23.1282693420537        14.5939267005257        
0.450277644135913       98.8321611855424        0.339003749320743       5.0986113569144         755.860169173502        28.9800730229412        5.09861135691436        -1.94616890182642       -1.51360734958862       18.7736542497114        11.5454700308631        
0.460180938253206       99.183733888978         0.236534233742711       5.06864012343462        754.089979772603        28.9461181387573        5.06864012343459        -1.51360734958862       -1.17017659913256       14.5939267005257        9.43327327614083        
0.470113941470191       99.4584387935898        0.156721245520506       5.04539704043561        752.710969103286        28.9196390230908        5.04539704043561        -1.17017659913256       -0.888801707042649      11.5454700308631        11.0879662418476        
0.480070410544142       99.6687818182839        0.0957606169501106      5.02770120437607        751.657281579722        28.8993902584605        5.02770120437613        -0.888801707042649      -0.557398093210229      9.43327327614083        7.83322756264241        
0.490044005796397       99.8014250413814        0.0573791764412265      5.01658454143856        750.993429114199        28.8866256849121        5.01658454143862        -0.557398093210229      -0.322944510964051      11.0879662418476        5.81549724406323        
0.500028042544569       99.8785243621115        0.0350870002164727      5.01013675517488        750.607598938866        28.8792043392024        5.0101367551749         -0.322944510964051      -0.148730611565335      7.83322756264241        0.713813851876691       
0.510017606839526       99.9140943696489        0.0248079308461877      5.00716541198624        750.429596246453        28.8757798595304        5.00716541198621        -0.148730611565335      -0.127335968655126      5.81549724406323        0.842714380487461       
0.520010482257565       99.9445860815242        0.0160006569597369      5.00462053905153        750.277092405899        28.8728456128649        5.00462053905149        -0.127335968655126      -0.102069644841159      0.713813851876691       1.84584370405886        
0.530006166076692       99.9690495597572        0.00893587142444929     5.0025800798026         750.15476388666         28.8704917382333        5.00258007980255        -0.102069644841159      -0.0467150302574892     0.842714380487461       0.439328769060792       
0.54000362869045        99.9802516282897        0.00570132751910905     5.00164603576221        750.098743816715        28.8694137225756        5.00164603576228        -0.0467150302574892     -0.0335381274345028     1.84584370405886        0.361747682529372       
0.550002035389777       99.9882968192485        0.00337859316385175     5.00097538426949        750.058516662138        28.8686395912038        5.00097538426952        -0.0335381274345028     -0.0226871491422569     0.439328769060792       0.418674433738438       
0.560001136709615       99.9937401933277        0.00180709841749656     5.00052168550425        750.03129937712         28.8681158099905        5.0005216855042         -0.0226871491422569     -0.0101279009671705     0.361747682529372       0.0925058792731789      
0.570000629347432       99.9961704826699        0.00110550318937382     5.00031913868923        750.019147590187        28.8678819526744        5.00031913868918        -0.0101279009671705     -0.00735284798223806    0.418674433738438       0.104927214017438       
0.580000330184404       99.9979350075899        0.000596117309617203    5.00017208636834        750.01032497914         28.8677121631136        5.00017208636827        -0.00735284798223806    -0.00420511035894114    0.0925058792731789      0.0776344765587104      
0.590000174122111       99.9989441840404        0.000304789066713061    5.00008798562319        750.005279084437        28.8676150553299        5.00008798562324        -0.00420511035894114    -0.00187610809167999    0.104927214017438       0.0189383598175354      
0.600000089994245       99.9993944378328        0.000174811154521849    5.00005046380833        750.003027809157        28.8675717296369        5.0000504638084         -0.00187610809167999    -0.00130796144221262    0.0776344765587104      0.0242688592502399      
0.610000044401606       99.9997083443755        8.41938263425764e-05    5.00002430470878        750.001458278501        28.8675415240505        5.00002430470875        -0.00130796144221262    -0.000579898472884059   0.0189383598175354      0.00849102378954105     
0.62000002216281        99.9998475189973        4.40174990937379e-05    5.00001270676875        750.000762404885        28.8675281319664        5.00001270676878        -0.000579898472884059   -0.000325168263911255   0.0242688592502399      0.00547296607382204     
0.630000010531161       99.999925559113         2.14892394213641e-05    5.00000620341188        750.000372204436        28.8675206225581        5.00000620341181        -0.000325168263911255   -0.000160979443958421   0.00849102378954105     0.00274668103820609     
0.640000004983047       99.9999641941132        1.03362705641783e-05    5.00000298382493        750.000179029427        28.867516904904         5.00000298382497        -0.000160979443958421   -7.85790531593391e-05   0.00547296607382204     0.0013456336796863      
0.650000002285614       99.999983053071         4.89215730572146e-06    5.00000141224431        750.000084734643        28.8675150902002        5.00000141224439        -7.85790531593391e-05   -3.82100522095885e-05   0.00274668103820609     0.000680437472978513    
0.660000001029554       99.9999922234795        2.24488819428071e-06    5.00000064804343        750.000038882603        28.8675142077773        5.00000064804346        -3.82100522095885e-05   -1.77969302728096e-05   0.0013456336796863      0.000320226233856948    
0.670000000452844       99.9999964947413        1.01188104644324e-06    5.00000029210491        750.000017526294        28.867513796775         5.00000029210487        -1.77969302728096e-05   -8.19014374358319e-06   0.000680437472978513    0.000151014742616498    
0.680000000194852       99.9999984603768        4.44450906749379e-07    5.00000012830193        750.000007698115        28.8675136076316        5.000000128302          -8.19014374358319e-06   -3.65970156828842e-06   0.000320226233856948    6.86570479780411e-05    
0.690000000081951       99.9999993387041        1.90899680008017e-07    5.00000005510799        750.00000330648         28.8675135231145        5.00000005510797        -3.65970156828842e-06   -1.59999014956051e-06   0.000151014742616498    3.05908265510727e-05    
0.70000000003369        99.9999997227017        8.00491416058004e-08    5.0000000231082         750.000001386492        28.8675134861643        5.00000002310817        -1.59999014956051e-06   -6.82265356973894e-07   6.86570479780411e-05    1.32755096500805e-05    
0.710000000013534       99.9999998864457        3.2780297223237e-08     5.00000000946286        750.000000567772        28.8675134704081        5.00000000946286        -6.82265356973894e-07   -2.84000068190299e-07   3.05908265510727e-05    5.62200361545405e-06    
0.720000000005312       99.9999999546052        1.3104362418301e-08     5.0000000037829         750.000000226974        28.8675134638494        5.00000000378286        -2.84000068190299e-07   -1.15339959851555e-07   1.32755096500805e-05    2.32132831674562e-06    
0.730000000002036       99.9999999822876        5.11313342891581e-09    5.00000000147603        750.000000088562        28.8675134611857        5.00000000147606        -1.15339959851555e-07   -4.57001103698515e-08   5.62200361545405e-06    9.34585742442607e-07    
0.740000000000762       99.9999999932562        1.94678323276712e-09    5.00000000056199        750.00000003372         28.8675134601302        5.00000000056206        -4.57001103698515e-08   -1.76625380998305e-08   2.32132831674562e-06    3.66891702251353e-07    
0.750000000000279       99.999999997495         7.23098985636338e-10    5.00000000020874        750.000000012524        28.8675134597223        5.00000000020881        -1.76625380998305e-08   -6.65578703277877e-09   9.34585742442607e-07    1.40258175450992e-07    
0.760000000000099       99.9999999990926        2.61945779899586e-10    5.00000000007562        750.000000004537        28.8675134595686        5.0000000000757         -6.65578703277877e-09   -2.44804176931877e-09   3.66891702251353e-07    5.22915044607508e-08    
0.770000000000034       99.9999999996795        9.25209223748479e-11    5.00000000002671        750.000000001602        28.8675134595121        5.00000000002673        -2.44804176931877e-09   -8.7929663550572e-10    1.40258175450992e-07    1.92068583261325e-08    
0.780000000000012       99.9999999998897        3.18518382759406e-11    5.0000000000092         750.000000000552        28.8675134594919        5.00000000000915        -8.7929663550572e-10    -3.0309088572298e-10    5.22915044607508e-08    6.75459688183372e-09    
0.790000000000004       99.999999999963         1.06866106560516e-11    5.00000000000308        750.000000000184        28.8675134594848        5.00000000000309        -3.0309088572298e-10    -1.00452979268119e-10   1.92068583261325e-08    2.01616501272081e-09    
0.800000000000001       99.9999999999879        3.489206292465e-12      5.00000000000101        750.00000000006         28.8675134594825        5.00000000000108        -1.00452979268119e-10   -3.99680288865105e-11   6.75459688183372e-09    1.16499402717359e-09    
0.81                    99.9999999999962        1.10940473873131e-12    5.00000000000032        750.000000000019        28.8675134594817        5.00000000000028        -3.99680288865105e-11   -5.01820807130595e-12   2.01616501272081e-09    -1.77635683939968e-11   
0.82                    99.9999999999988        3.44212433142839e-13    5.0000000000001         750.000000000006        28.8675134594814        5.00000000000018        -5.01820807130595e-12   -5.55111512312584e-12   1.16499402717359e-09    1.85037170770863e-10    
0.83                    99.9999999999996        1.06067096943144e-13    5.00000000000003        750.000000000001        28.8675134594813        5.00000000000007        -5.55111512312584e-12   0                       -1.77635683939968e-11   0                       
0.84                    99.9999999999999        3.28470352312325e-14    5.00000000000001        750                     28.8675134594813        5.00000000000007        0                       0                       1.85037170770863e-10    0                       
0.85                    100                     7.30170988167145e-15    5                       750                     28.8675134594813        5.00000000000007        0                       0                       0                       0                       
0.86                    100                     1.57821446312679e-15    5                       750                     28.8675134594813        5.00000000000007        0                       0                       0                       0                       
0.87                    100                     -2.69480800694142e-15   5                       750                     28.8675134594813        5.00000000000007        0                       0                       0                       0                       
0.88                    100                     -2.7938579297119e-15    5                       750                     28.8675134594813        5.00000000000007        0                       0                       0                       0                       
0.89                    100                     -2.39748577170477e-15   5                       750                     28.8675134594813        5.00000000000007        0                       0                       0                       0                       
0.9                     100                     7.02920200946024e-17    5                       750                     28.8675134594813        5.00000000000007        0                       0                       0                       0                       
0.91                    100                     9.26908875224158e-17    5                       750                     28.8675134594813        5.00000000000007        0                       0                       0                       0                       
0.92                    100                     -6.74969465637668e-18   5                       750                     28.8675134594813        5.00000000000007        0                       0                       0                       0                       
0.93                    100                     4.69132293676458e-19    5                       750                     28.8675134594813        5.00000000000007        0                       0                       0                       0                       
0.94                    100                     -3.03771035801784e-20   5                       750                     28.8675134594813        5.00000000000007        0                       0                       0                       0                       
0.95                    100                     1.86476115766714e-21    5                       750                     28.8675134594813        5.00000000000007        0                       0                       0                       0                       
0.96                    100                     -1.15771442856321e-22   5                       750                     28.8675134594813        5.00000000000007        0                       0                       0                       0                       
0.97                    100                     9.71063115888689e-24    5                       750                     28.8675134594813        5.00000000000007        0                       0                       0                       0                       
0.98                    100                     -1.51070872864935e-24   5                       750                     28.8675134594813        5.00000000000007        0                       0                       0                       0                       
0.99                    100                     3.2330165278396e-25     5                       750                     28.8675134594813        5.00000000000007        0                       0                       0                       0                       
1                       100                     -7.29289011806891e-26   5                       750                     28.8675134594813        5.00000000000007        0                       0                       0                       0                       
1.01                    100                     1.52625148041527e-26    5                       750                     28.8675134594813        5.00000000000007        0                       0                       0                       0                       
1.02                    100                     -2.61781889034248e-27   5                       750                     28.8675134594813        5.00000000000007        0                       0                       0                       0                       
1.03                    100                     3.10425835985489e-28    5                       750                     28.8675134594813        5.00000000000007        0                       0                       0                       0                       
1.04                    100                     -9.05541294360073e-30   5                       750                     28.8675134594813        5.00000000000007        0                       0                       0                       -1.11022302462518e-10   
1.05                    100                     -6.85402201314563e-30   5                       750                     28.8675134594813        5.00000000000007        0                       -3.3306690738755e-12    0                       2.22044604925035e-10    
1.06                    100                     2.25872159261073e-30    5                       750                     28.8675134594813        5                       -3.3306690738755e-12    3.3306690738755e-12     -1.11022302462518e-10   -1.11022302462518e-10   
1.07                    100                     -4.67934458325841e-31   5                       750                     28.8675134594813        5.00000000000007        3.3306690738755e-12     0                       2.22044604925035e-10    0                       
1.08                    100                     7.73551054061863e-32    5                       750                     28.8675134594813        5.00000000000007        0                       0                       -1.11022302462518e-10   0                       
1.09                    100                     -1.09903579989662e-32   5                       750                     28.8675134594813        5.00000000000007        0                       0                       0                       0                       
1.1                     100                     1.38823849004917e-33    5                       750                     28.8675134594813        5.00000000000007        0                       0                       0                       0                       
1.11                    100                     -1.58435109045383e-34   5                       750                     28.8675134594813        5.00000000000007        0                       0                       0                       0                       
1.12                    100                     1.64339333090808e-35    5                       750                     28.8675134594813        5.00000000000007        0                       0                       0                       0                       
1.13                    100                     -1.54915904571751e-36   5                       750                     28.8675134594813        5.00000000000007        0                       0                       0                       0                       
1.14                    100                     1.32304856618983e-37    5                       750                     28.8675134594813        5.00000000000007        0                       0                       0                       0                       
1.15                    100                     -1.01952529045831e-38   5                       750                     28.8675134594813        5.00000000000007        0                       0                       0                       0                       
1.16                    100                     7.05957029409349e-40    5                       750                     28.8675134594813        5.00000000000007        0                       0                       0                       0                       
1.17                    100                     -4.37594238425946e-41   5                       750                     28.8675134594813        5.00000000000007        0                       0                       0                       0                       
1.18                    100                     2.41959784233204e-42    5                       750                     28.8675134594813        5.00000000000007        0                       0                       0                       0                       
1.19                    100                     -1.18922571316838e-43   5                       750                     28.8675134594813        5.00000000000007        0                       0                       0                       0                       
1.2                     100                     5.17587205161732e-45    5                       750                     28.8675134594813        5.00000000000007        0                       0                       0                       0                       
1.21                    100                     -1.98605633818463e-46   5                       750                     28.8675134594813        5.00000000000007        0                       0                       0                       0                       
1.22                    100                     6.68309637583706e-48    5                       750                     28.8675134594813        5.00000000000007        0                       0                       0                       0                       
1.23                    100                     -1.95914337731063e-49   5                       750                     28.8675134594813        5.00000000000007        0                       0                       0                       0                       
1.24                    100                     4.96146442269536e-51    5                       750                     28.8675134594813        5.00000000000007        0                       0                       0                       0                       
1.25                    100                     -1.07375717774786e-52   5                       750                     28.8675134594813        5.00000000000007        0                       0                       0                       0                       
1.26                    100                     1.95782610589344e-54    5                       750                     28.8675134594813        5.00000000000007        0                       0                       0                       0                       
1.27                    100                     -2.95039309867233e-56   5                       750                     28.8675134594813        5.00000000000007        0                       0                       0                       0                       
1.28                    100                     3.57742209569846e-58    5                       750                     28.8675134594813        5.00000000000007        0                       0                       0                       0                       
1.29                    100                     -3.35473666756229e-60   5                       750                     28.8675134594813        5.00000000000007        0                       0                       0                       -1.11022302462518e-10   
1.3                     100                     2.28360377503093e-62    5                       750                     28.8675134594813        5.00000000000007        0                       -3.3306690738755e-12    0                       2.22044604925035e-10    
1.31                    100                     -1.00409497907588e-64   5                       750                     28.8675134594813        5                       -3.3306690738755e-12    3.3306690738755e-12     -1.11022302462518e-10   -1.11022302462518e-10   
1.32                    100                     2.14102019656392e-67    5                       750                     28.8675134594813        5.00000000000007        3.3306690738755e-12     0                       2.22044604925035e-10    0                       
1.33                    100                     0                       5                       750                     28.8675134594813        5.00000000000007        0                       0                       -1.11022302462518e-10   0                       
1.34                    100                     0                       5                       750                     28.8675134594813        5.00000000000007        0                       0                       0                       0                       
1.35                    100                     0                       5                       750                     28.8675134594813        5.00000000000007        0                       0                       0                       0                       
1.36                    100                     0                       5                       750                     28.8675134594813        5.00000000000007        0                       0                       0                       0                       
1.37                    100                     0                       5                       750                     28.8675134594813        5.00000000000007        0                       0                       0                       0                       
1.38                    100                     0                       5                       750                     28.8675134594813        5.00000000000007        0                       0                       0                       0                       
1.39                    100                     0                       5                       750                     28.8675134594813        5.00000000000007        0                       0                       0                       0                       
1.4                     100                     0                       5                       750                     28.8675134594813        5.00000000000007        0                       0                       0                       0                       
1.41                    100                     0                       5                       750                     28.8675134594813        5.00000000000007        0                       0                       0                       0                       
1.42                    100                     0                       5                       750                     28.8675134594813        5.00000000000007        0                       0                       0                       0                       
1.43                    100                     0                       5                       750                     28.8675134594813        5.00000000000007        0                       0                       0                       0                       
1.44                    100                     0                       5                       750                     28.8675134594813        5.00000000000007        0                       0                       0                       0                       
1.45                    100                     0                       5                       750                     28.8675134594813        5.00000000000007        0                       0                       0                       0                       
1.46                    100                     0                       5                       750                     28.8675134594813        5.00000000000007        0                       0                       0                       0                       
1.47                    100                     0                       5                       750                     28.8675134594813        5.00000000000007        0                       0                       0                       0                       
1.48                    100                     0                       5                       750                     28.8675134594813        5.00000000000007        0                       0                       0                       -1.11022302462518e-10   
1.49                    100                     0                       5                       750                     28.8675134594813        5.00000000000007        0                       -3.3306690738755e-12    0                       -1.11022302462518e-10   
1.5                     100                     0                       5                       750                     28.8675134594813        5                       -3.3306690738755e-12    -3.3306690738755e-12    -1.11022302462518e-10   -1.11022302462518e-10   
