# xp[i]                    V[i]                   up[i]                    p[i]                    e[i]                   cs[i]                  dd1[i]             dd2_left[i]            dd2_right[i]             dd3_left[i]            dd3_right[i]
-1.50004660746889       98.790734536738         9.96680227491172e-06    5.00013934472562        740.951157977231        28.6928399503978        5.00012817266682        -0.000702906409495065   -0.000702906409495065   0.00316673286298785     0.00316673286298785     
-1.49012668262699       99.0401245462202        1.24760056912423e-05    5.00012817266682        742.81997545198         28.7290015190222        5.00012817266682        -0.000702906409495065   -0.000702906409495065   0.00316673286298785     0.00316673286298785     
-1.48017520678531       99.2538354751315        9.30318313040687e-06    5.00011418848543        744.420766531205        28.7599406298878        5.00011418848543        -0.000702906409495065   -0.000608323240449896   0.00316673286298785     0.0048740335191464      
-1.47020848627123       99.3640397725042        -2.56253731915336e-05   5.00010206335955        745.245510435357        28.7758677914394        5.00010206335955        -0.000608323240449896   -0.000462513952525926   0.00316673286298785     0.000156799024250997    
-1.46022931419706       99.4068377735023        -6.16592602535732e-05   5.00009283323215        745.56512568834         28.7820377181545        5.00009283323215        -0.000462513952525926   -0.000457818621154538   0.0048740335191464      0.00117288423678664     
-1.45024151851396       99.4163651485217        -5.9888772020055e-05    5.00008368969905        745.635218802433        28.7833906350025        5.00008368969905        -0.000457818621154538   -0.000422676940428318   0.000156799024250997    0.0123838189030587      
-1.44025237109748       99.4208099487333        -3.07415126385395e-05   5.00007524534073        745.667296044579        28.7840097593666        5.00007524534073        -0.000422676940428318   -5.15301695293234e-05   0.00117288423678664     0.011694494098056       
-1.43026190132938       99.4244272064631        -2.84247448543735e-06   5.00007421567371        745.694272324745        28.7845304195142        5.00007421567371        -5.15301695293234e-05   0.000299026515660253    0.0123838189030587      0.0045533575976529      
-1.42026833086022       99.4262031793423        2.05470379656591e-05    5.00008019213958        745.708483645012        28.784804703659         5.00008019213958        0.000299026515660253    0.000435548257197586    0.011694494098056       0.00320264889022835     
-1.4102731260508        99.4281951622014        5.22014679101863e-05    5.00008889902496        745.724722320916        28.7851181133762        5.00008889902496        0.000435548257197586    0.000531588165584986    0.0045533575976529      0.00428060844630075     
-1.40027584006771       99.4296941868991        8.96190369516519e-05    5.0000995272057         745.737550341181        28.7853656943397        5.00009952720569        0.000531588165584986    0.000659962677711441    0.00320264889022835     0.00716138269486135     
-1.39027909562252       99.4309532585233        0.000114428180839844    5.00011272219333        745.748961551629        28.7855859290651        5.00011272219334        0.000659962677711441    0.000874727464755584    0.00428060844630075     0.00436470496721112     
-1.3802827982255        99.4324033295798        0.000112585541875587    5.00013020998574        745.762445609577        28.7858461672781        5.00013020998574        0.000874727464755584    0.00100561654135888     0.00716138269486135     -0.00706047212623357    
-1.3702875866064        99.4353542623967        8.67301553649638e-05    5.00015031381784        745.787576729565        28.7863311839639        5.00015031381784        0.00100561654135888     0.000793884572431165    0.00436470496721112     -0.0142282939730059     
-1.36029120976327       99.4366449255635        6.74947643223292e-05    5.00016618563767        745.799624355093        28.7865636935609        5.00016618563767        0.000793884572431165    0.000367174316769684    -0.00706047212623357    -0.0113210734742379     
-1.35029396719042       99.4352571094441        9.35279628311568e-05    5.0001735270925         745.790310387417        28.7863839415524        5.00017352709249        0.000367174316769684    2.76135832166593e-05    -0.0142282939730059     -0.0075709703027372     
-1.34029589482251       99.4332831696997        0.000171714786352539    5.00017407927792        745.775587683951        28.7860998030483        5.00017407927792        2.76135832166593e-05    -0.000199481339747101   -0.0113210734742379     -0.00902135934079121    
-1.33029552767741       99.4300593667729        0.000274176045046897    5.00017009008458        745.750813351608        28.7856216683802        5.00017009008458        -0.000199481339747101   -0.000470055022460668   -0.0075709703027372     -0.00739505571546667    
-1.32029868011829       99.4218794132167        0.00036612828372257     5.00016069211347        745.688060067017        28.7844105196433        5.00016069211347        -0.000470055022460668   -0.000691793587139881   -0.00902135934079121    0.00235239345598959     
-1.3103060571496        99.4098941577721        0.000426413624352732    5.00014686585923        745.596106062573        28.7826357001457        5.00014686585923        -0.000691793587139881   -0.000621275855874428   -0.00739505571546667    0.0123282784440965      
-1.30031595519011       99.4014028043596        0.000446840992098825    5.00013445135198        745.53056801219         28.7813706725604        5.00013445135198        -0.000621275855874428   -0.000251751943741351   0.00235239345598959     0.0107196385729529      
-1.29032422485917       99.3963445456096        0.000423963342741787    5.0001294207639         745.491880018333        28.7806238836388        5.0001294207639         -0.000251751943741351   6.95505885556365e-05    0.0123282784440965      -0.00135432998905586    
-1.28033314606577       99.3930597019771        0.000360229039411338    5.00013081054779        745.467450255707        28.7801523093744        5.0001308105478         6.95505885556365e-05    2.89579780394168e-05    0.0107196385729529      -0.0129899307051094     
-1.27034234287012       99.3908104855352        0.000266214482421612    5.00013138915896        745.450666954011        28.7798283323197        5.00013138915896        2.89579780394168e-05    -0.000360372746896771   -0.00135432998905586    -0.0199972909868137     
-1.26035290375194       99.3893089039585        0.000162762185866634    5.00012418862634        745.438331312307        28.7795902085007        5.00012418862633        -0.000360372746896771   -0.000959715058009526   -0.0129899307051094     -0.0172787600042722     
-1.25036100268892       99.3881857856162        7.61540141092804e-05    5.00010501250791        745.42704889609         28.7793724141304        5.00010501250792        -0.000959715058009526   -0.0014775713297073     -0.0199972909868137     -0.0100591588495135     
-1.24037213590482       99.3873048177406        1.35182428547207e-05    5.00007549061086        745.416040345583        28.7791599048413        5.00007549061086        -0.0014775713297073     -0.00177903756592021    -0.0172787600042722     0.00152968775242332     
-1.23038174090022       99.3864902964269        -2.71468380375797e-05   5.00003994731789        745.404632558784        28.7789396870309        5.00003994731789        -0.00177903756592021    -0.00173319600434794    -0.0100591588495135     0.0175167816291905      
-1.22039350849727       99.3857621771261        -4.74272014270156e-05   5.00000532102547        745.394009579703        28.7787346177637        5.00000532102547        -0.00173319600434794    -0.00120827413426061    0.00152968775242332     0.0258186155563289      
-1.2104037882887        99.3850483626714        -5.67479539733161e-05   4.99998118274701        745.385057489637        28.7785618027192        4.999981182747          -0.00120827413426061    -0.000434613965699482   0.0175167816291905      0.0243153182757819      
-1.20041649098692       99.3844035454515        -6.12260834693442e-05   4.99997250079802        745.378927103206        28.7784434584717        4.99997250079801        -0.000434613965699482   0.000293977773610378    0.0258186155563289      0.0241610675382413      
-1.19042834371631       99.3837949187622        -5.64373993716776e-05   4.99997837323964        745.375237866442        28.778372239244         4.99997837323964        0.000293977773610378    0.00101793907202261     0.0243153182757819      0.0224901685876283      
-1.18044033267931       99.3832827405896        -4.461238902807e-05     4.99999870783409        745.374427924887        28.7783566036254        4.99999870783409        0.00101793907202261     0.00169184063378819     0.0241610675382413      0.0101571979303207      
-1.17045202352202       99.3828659789091        -3.55290587144779e-05   5.00003250437133        745.376340408187        28.7783935233862        5.00003250437133        0.00169184063378819     0.00199618105160312     0.0224901685876283      -0.00706460487776208    
-1.16046426425727       99.3825508647866        -3.20137653184253e-05   5.00007237782647        745.379921125431        28.7784626476396        5.00007237782647        0.00199618105160312     0.00178450866306964     0.0101571979303207      -0.0158190390933773     
-1.15047835380953       99.3823657800898        -3.14856912355381e-05   5.00010802222277        745.383846606757        28.7785384272292        5.00010802222276        0.00178450866306964     0.00131053292318835     -0.00706460487776208    -0.0145237816851262     
-1.1404892388145        99.3824540566607        -3.77426021954776e-05   5.00013420080576        745.388411233075        28.7786265449644        5.00013420080576        0.00131053292318835     0.000875369420070808    -0.0158190390933773     -0.0107606972620238     
-1.13050232950699       99.3827279250106        -5.60997721490682e-05   5.00015168597901        745.393071887152        28.7787165161871        5.00015168597902        0.000875369420070808    0.000552960418573487    -0.0145237816851262     -0.0111313232350332     
-1.12051601917159       99.3830909323301        -8.15387298814557e-05   5.00016273064903        745.397441004811        28.7788008592129        5.00016273064903        0.000552960418573487    0.000219459853196192    -0.0107606972620238     -0.0111377872549581     
-1.1105281328711        99.3836360225564        -9.90861024081593e-05   5.000167114127          745.40218278353         28.7788923959428        5.00016711412699        0.000219459853196192    -0.000114242815996847   -0.0111313232350332     -0.00394917213887928    
-1.10054233562505       99.3843093123769        -9.69355890821996e-05   5.00016483221709        745.406892446897        28.7789833124201        5.00016483221708        -0.000114242815996847   -0.000232568978471087   -0.0111377872549581     0.00638443919930085     
-1.09055339798572       99.3852460845204        -7.2084611361084e-05    5.00016018655209        745.413225903752        28.7791055745455        5.00016018655211        -0.000232568978471087   -4.12828605958132e-05   -0.00394917213887928    0.00944431863410881     
-1.08056621376696       99.3867256410496        -2.99115745587599e-05   5.00015936197089        745.42420000459         28.7793174192198        5.00015936197091        -4.12828605958132e-05   0.000241648082336375    0.00638443919930085     -0.000576873882119641   
-1.07058164856005       99.3902652416294        1.60796946081509e-05    5.00016418761839        745.451467288633        28.77984378169          5.00016418761838        0.000241648082336375    0.000224368461099732    0.00944431863410881     -0.00696427024311565    
-1.06059849899449       99.3972362518289        5.78498944171077e-05    5.00016866781296        745.504419560396        28.7808659347838        5.00016866781296        0.000224368461099732    1.57639040308082e-05    -0.000576873882119641   0.00182660423229315     
-1.05061331740731       99.4005627410018        9.06922784042338e-05    5.00016898261316        745.529416007776        28.7813484358606        5.00016898261314        1.57639040308082e-05    7.04842648179323e-05    -0.00696427024311565    0.0158127992117912      
-1.04062746211367       99.4000094631974        0.000108415754234266    5.00017039041372        745.525476187084        28.7812723868816        5.00017039041371        7.04842648179323e-05    0.000544294517384968    0.00182660423229315     0.0169079123549102      
-1.03063783380557       99.4007701983421        0.000109030982556316    5.00018126443805        745.532803224693        28.7814138179619        5.00018126443806        0.000544294517384968    0.00105100203671238     0.0158127992117912      0.00536958545037472     
-1.02064654707757       99.4025979203216        0.000112772499736505    5.00020226442644        745.549642816594        28.7817388637038        5.00020226442644        0.00105100203671238     0.0012119205346082      0.0169079123549102      -0.006443513620979      
-1.01065690739804       99.4023646998799        0.000148183469993936    5.00022647624359        745.55150366034         28.7817747823619        5.00022647624359        0.0012119205346082      0.00101886714650149     0.00536958545037472     -0.00664325247380293    
-1.00067136009209       99.3977280138537        0.000218610480820009    5.00024682345301        745.519760639577        28.7811620613124        5.00024682345303        0.00101886714650149     0.000819887570700924    -0.006443513620979      0.00320877713920601     
-0.990691245355317      99.3935099866205        0.000301069723414634    5.0002631921301         745.490564284071        28.7805984858641        5.0002631921301         0.000819887570700924    0.000915985554405159    -0.00664325247380293    0.0116247377236616      
-0.98070794488069       99.3927545870757        0.000382566820455337    5.0002814803721         745.487625067385        28.7805417497344        5.00028148037208        0.000915985554405159    0.00126414604378948     0.00320877713920601     0.00115061789348805     
-0.970723371506123      99.3932762498935        0.000466026445684717    5.00030672316582        745.49530120473         28.7806899231012        5.00030672316582        0.00126414604378948     0.00129861022032152     0.0116247377236616      -0.0167319741256964     
-0.960739303695864      99.3940349828599        0.000561331955491821    5.0003326548778         745.50485823729         28.7808744025397        5.00033265487782        0.00129861022032152     0.00079742891525488     0.00115061789348805     -0.0133404568698752     
-0.950754375375936      99.3948884244292        0.000658574031910706    5.0003485788845         745.513633622217        28.7810437927894        5.00034857888452        0.00079742891525488     0.000397817431331266    -0.0167319741256964     0.00625200232010269     
-0.940769926895078      99.3958959259671        0.000719910630575725    5.00035652344161        745.522374895099        28.7812125235871        5.00035652344159        0.000397817431331266    0.000585106606041348    -0.0133404568698752     0.0174062535955364      
-0.93078303339662       99.3968864406644        0.000737732837158758    5.00036820918038        745.531546574116        28.7813895613529        5.00036820918037        0.000585106606041348    0.00110655710463034     0.00625200232010269     0.00331392254750462     
-0.920797304278018      99.3977328929525        0.000754355170097278    5.00039030931853        745.541190489226        28.781575713355         5.00039030931853        0.00110655710463034     0.00120583532549        0.0174062535955364      -0.0144816643617303     
-0.910811692757789      99.3985601980326        0.000825115155251099    5.00041439178774        745.550986405833        28.7817647981386        5.00041439178773        0.00120583532549        0.000772001364799687    0.00331392254750462     0.00171678901330371     
-0.900825430976766      99.3995052044363        0.000972137154647443    5.00042981004086        745.560373391362        28.781945988402         5.00042981004087        0.000772001364799687    0.000823431045690923    -0.0144816643617303     0.0432551929139459      
-0.890839975671466      99.4004509987096        0.00115697952233594     5.00044625475408        745.569919376046        28.7821302465426        5.00044625475407        0.000823431045690923    0.00211919118555146     0.00171678901330371     0.0282789094434126      
-0.880855216589615      99.4010492686697        0.00129666461460646     5.00048857567325        745.580716916876        28.7823386610006        5.00048857567323        0.00211919118555146     0.00296630194363433     0.0432551929139459      -0.0256690243861968     
-0.870869556623772      99.4014724796256        0.0013949364882147      5.00054781408607        745.592723887392        28.7825704181347        5.00054781408609        0.00296630194363433     0.0021973779279239      0.0282789094434126      -0.0719407792314232     
-0.860884716621103      99.4021142255942        0.00153670401581517     5.00059169598112        745.60408043921         28.7827896192462        5.00059169598114        0.0021973779279239      4.23511284898716e-05    -0.0256690243861968     -0.0430309303784164     
-0.850899821916504      99.4032738863749        0.0018438083362479      5.00059254174658        745.612905032098        28.7829599480143        5.00059254174659        4.23511284898716e-05    -0.00124664530719268    -0.0719407792314232     0.0360843566739062      
-0.840913818210553      99.4047385958751        0.00229232055764595     5.000567645932          745.620179512291        28.7831003563683        5.00056764593201        -0.00124664530719268    -0.000165725050400819   -0.0430309303784164     0.0459828038254132      
-0.830930226538352      99.4059928185515        0.00270604413376467     5.00056433641589        745.629093771694        28.783272413981         5.00056433641588        -0.000165725050400819   0.00121170796075488     0.0360843566739062      -0.0365144891652405     
-0.820943571920937      99.4069025021764        0.003041477179075       5.00058853494655        745.639525420399        28.783473758013         5.00058853494655        0.00121170796075488     0.000117865840754453    0.0459828038254132      -0.13139022927874       
-0.810959279973827      99.4080644398173        0.00347455551928635     5.00059088887619        745.648591977852        28.7836487529109        5.0005908888762         0.000117865840754453    -0.00381835136894259    -0.0365144891652405     -0.108486610194853      
-0.800971993433794      99.4103284005914        0.00421428411829791     5.00051462591678        745.654201701522        28.783757026442         5.0005146259168         -0.00381835136894259    -0.00706847751974021    -0.13139022927874       0.0561243354728388      
-0.790985367839797      99.4138179315884        0.00522540771670284     5.00037344730257        745.65932322013         28.7838558767493        5.00037344730259        -0.00706847751974021    -0.00538714417927005    -0.108486610194853      0.173042885365851       
-0.780999930267269      99.4180848213452        0.00618147541913044     5.00026586420111        745.675283724634        28.7841639278853        5.00026586420111        -0.00538714417927005    -0.000204326153249103   0.0561243354728388      -0.00749190168392102    
-0.771016750787314      99.4236174238384        0.00683982015084425     5.00026178482344        745.716172069988        28.7849530922357        5.00026178482344        -0.000204326153249103   -0.000428665377032496   0.173042885365851       -0.262022723524584      
-0.76103848836131       99.432050697124         0.00756681724597479     5.00025322869639        745.778148801296        28.7861492311319        5.00025322869637        -0.000428665377032496   -0.00827457693359637    -0.00749190168392102    -0.296003240512143      
-0.751058350647349      99.4376167781018        0.00889617100760052     5.00008804406737        745.795258174109        28.7864794299552        5.00008804406737        -0.00827457693359637    -0.0171408315182721     -0.262022723524584      -0.0272387009196701     
-0.74107106985956       99.4390835984207        0.0109175878368165      4.99974567250218        745.755191848179        28.785706172184         4.99974567250216        -0.0171408315182721     -0.0179570987723378     -0.296003240512143      0.279691208821064       
-0.731077699553561      99.4413324612527        0.0130898600270099      4.99938682721184        745.718531380771        28.7849986273864        4.99938682721184        -0.0179570987723378     -0.00957294762694523    -0.0272387009196701     0.226210193292424       
-0.721084764723136      99.4434619784607        0.0147702540815814      4.99919550103412        745.705961594967        28.7847560272788        4.99919550103412        -0.00957294762694523    -0.00279156998671754    0.279691208821064       -0.273410817512703      
-0.71109174428017       99.4456903313621        0.0160521048670826      4.99913971133575        745.714349485065        28.7849179159478        4.99913971133574        -0.00279156998671754    -0.0109870916563087     0.226210193292424       -0.641540411896365      
-0.701100596631417      99.4500515403092        0.0179673432101125      4.99892016572199        745.714302190413        28.7849170031501        4.99892016572197        -0.0109870916563087     -0.0302138997005033     -0.273410817512703      -0.434012173307345      
-0.691111630532146      99.4569916856884        0.0212904596922843      4.998316562419          745.676293186418        28.7841834112343        4.99831656241898        -0.0302138997005033     -0.0432178953461451     -0.641540411896365      0.289482021116092       
-0.681125371348418      99.4651170100014        0.0255969964087419      4.99745340483212        745.608431495485        28.782873601723         4.99745340483211        -0.0432178953461451     -0.0345458354885878     -0.434012173307345      0.837301387812842       
-0.671142403178101      99.4718035681481        0.0293792289354604      4.99676354005867        745.555621999801        28.7818542758338        4.99676354005864        -0.0345458354885878     -0.00946259783525145    0.289482021116092       0.167886049295796       
-0.661155499606197      99.4741628258181        0.0314995894060047      4.99657454713902        745.545105110168        28.7816512751164        4.99657454713904        -0.00946259783525145    -0.00443248906495425    0.837301387812842       -1.0068548689637        
-0.651167024600186      99.4762084790396        0.0333684748671416      4.99648600147714        745.547224718314        28.7816921886565        4.99648600147712        -0.00443248906495425    -0.0346040406707921     0.167886049295796       -1.30873658735787       
-0.641177858281718      99.4856874858788        0.037467680773688       4.9957946664372         745.515100393188        28.7810721056042        4.99579466643719        -0.0346040406707921     -0.073826700395107      -1.0068548689637        -0.128866318621149      
-0.631187769184903      99.5045609535785        0.0444698347457176      4.99431953181365        745.436358412499        28.7795521240052        4.99431953181361        -0.073826700395107      -0.0776895064421762     -1.30873658735787       1.37308088424115        
-0.621195023675696      99.5242419129164        0.0519618814500128      4.99276685510685        745.352004453667        28.7779237235317        4.99276685510687        -0.0776895064421762     -0.0365243178013933     -0.128866318621149      1.67677646288838        
-0.611199267175636      99.5341684771778        0.0568408732638649      4.99203677980873        745.317344828625        28.7772546144158        4.99203677980874        -0.0365243178013933     0.0137501469662313      1.37308088424115        -0.227771947858237      
-0.601206034408897      99.5320355583697        0.0584766150061395      4.99231162538887        745.342407325001        28.7777384511207        4.99231162538885        0.0137501469662313      0.006920397345991       1.67677646288838        -2.46351951281768       
-0.591211144811083      99.5314705828293        0.0608255035914971      4.99244996786503        745.358830669207        28.7780555027844        4.99244996786501        0.006920397345991       -0.0669581847016932     -0.227771947858237      -2.05841075338781       
-0.581213077869333      99.5485787525211        0.0685467323582661      4.99111114046623        745.287030643931        28.7766693819052        4.9911111404662         -0.0669581847016932     -0.128698490427128      -2.46351951281768       1.17803681715608        
-0.571214146283058      99.5805223053668        0.0808348824722477      4.98853746875023        745.14175001706         28.7738644918741        4.98853746875022        -0.128698490427128      -0.0933599525414271     -2.05841075338781       2.60433842555405        
-0.561214708814712      99.6040180294672        0.0909939789182537      4.98667033299722        745.038602632296        28.7718728898805        4.98667033299726        -0.0933599525414271     -0.0152286524008057     1.17803681715608        2.16531412050172        
-0.5512138713339        99.6087543813451        0.0960620832669965      4.98636574082152        745.028520499567        28.7716782135096        4.98636574082152        -0.0152286524008057     0.0497336451397468      2.60433842555405        0.0449062806176634      
-0.541212471693374      99.5978997560931        0.0969623539674444      4.98736047289646        745.095942640564        28.7729800457259        4.98736047289647        0.0497336451397468      0.0510808854325498      2.16531412050172        -4.24672643049908       
-0.531213728893002      99.5867022656044        0.0981180971256851      4.988382092475          745.164783345571        28.7743092077632        4.98838209247502        0.0510808854325498      -0.0763351581009185     0.0449062806176634      -4.83282145475545       
-0.521212540920739      99.6060410561278        0.108459836058152       4.98685513859394        745.081346513624        28.7726982188483        4.98685513859392        -0.0763351581009185     -0.221371754375748      -4.24672643049908       1.12465014527062        
-0.511207090763703      99.6601665654249        0.129217207153804       4.98242531610668        744.824005354472        28.7677289366338        4.98242531610665        -0.221371754375748      -0.18760833524126       -4.83282145475545       8.22406209432267        
-0.501197609904809      99.7064362958128        0.148012701860233       4.9786697827464         744.608132296938        28.7635597452544        4.9786697827464         -0.18760833524126       0.0593322688486205      1.12465014527062        9.8901564828328         
-0.491186131525381      99.6937666323527        0.150039241193315       4.97985756328064        744.691136664085        28.7651628935667        4.97985756328062        0.0593322688486205      0.3562135648445         8.22406209432267        10.4906295779561        
-0.481180304728946      99.6107791811593        0.131885108026522       4.98698446224806        745.136112073296        28.7737556362525        4.98698446224804        0.3562135648445         0.670794685860157       9.8901564828328         13.2381367716987        
-0.471188683357828      99.4546220862241        0.0924720488370954      5.0003857427636         745.967211497845        28.7897977974808        5.00038574276359        0.670794685860157       1.06697853646501        10.4906295779561        19.0833227556123        
-0.46122132271587       99.207945772888         0.026446958395844       5.02164927962183        747.281264134776        28.8151438605693        5.0216492796218         1.06697853646501        1.63643265156652        13.2381367716987        22.7799578410009        
-0.45129018720897       98.8302725541662        -0.0774820558439909     5.05415033080012        749.254582084057        28.8531643187451        5.05415033080013        1.63643265156652        2.31362275074818        19.0833227556123        21.1587054156018        
-0.441397987175272      98.2940768915089        -0.225631721495733      5.09990963295498        751.936364402136        28.9047547876765        5.09990963295498        2.31362275074818        2.93962718634517        22.7799578410009        9.96006742653973        
-0.43155711525828       97.6218027627159        -0.413001712124102      5.15774524847574        755.262584020551        28.9686148946014        5.15774524847575        2.93962718634517        3.23260323976049        21.1587054156018        -9.15778828059875       
-0.421782113253219      96.9027827193806        -0.615993792344631      5.22093789408762        758.885115513229        29.0380041308556        5.22093789408761        3.23260323976049        2.96497290847184        9.96006742653973        -19.9898818346695       
-0.412075926580999      96.2623440937336        -0.798011185810333      5.27850700726395        762.18218675164         29.1010153841874        5.27850700726391        2.96497290847184        2.38443787407287        -9.15778828059875       -25.6509989679328       
-0.402430493029072      95.7601587496228        -0.939914303798819      5.32452868426157        764.816568107712        29.1512638968938        5.32452868426156        2.38443787407287        1.64339303902447        -19.9898818346695       -22.6766124685671       
-0.392825847429319      95.4207869487608        -1.03335371150238       5.3561043477209         766.625537758811        29.1857183064825        5.35610434772092        1.64339303902447        0.990815405652735       -25.6509989679328       -16.2915255753806       
-0.383253168985592      95.2189710415996        -1.08487331725411       5.37508096252493        767.714517775371        29.2064398868045        5.3750809625249         0.990815405652735       0.52316774392089        -22.6766124685671       -10.5585765977822       
-0.373698125556633      95.1134231232648        -1.10694858170603       5.38508199531445        768.290373560727        29.2173915780145        5.38508199531446        0.52316774392089        0.220523009201052       -16.2915255753806       -9.38224137738041       
-0.364148286093306      95.0694643427817        -1.1095935187496        5.38929388377527        768.535924074517        29.2220602375541        5.38929388377527        0.220523009201052       -0.0482440300810731     -10.5585765977822       -2.6920330317929        
-0.354603924588453      95.0800312203944        -1.09543610364606       5.38837271632183        768.489969142502        29.2211865517413        5.38837271632183        -0.0482440300810731     -0.125353435494296      -9.38224137738041       -0.680305577609835      
-0.345054655244876      95.1064456697454        -1.07594125470665       5.3859789097139         768.361965832649        29.2187528411435        5.38597890971386        -0.125353435494296      -0.144842772014272      -2.6920330317929        0.0136103000993806      
-0.335504639566181      95.1370972866777        -1.05503272674803       5.38321225346906        768.214781809682        29.2159541995215        5.38321225346902        -0.144842772014272      -0.144452757036066      -0.680305577609835      0.0835501214406184      
-0.325951740649367      95.1680400775169        -1.0335141476764        5.38045230636014        768.070651090275        29.2132133553423        5.38045230636015        -0.144452757036066      -0.142057783475287      0.0136103000993806      0.24470253391539        
-0.316395100962504      95.1989954854205        -1.01183559092346       5.37773706298656        767.932749571555        29.2105907272527        5.37773706298653        -0.142057783475287      -0.135040815698211      0.0835501214406184      0.129773474238702       
-0.306833970517132      95.2292562632479        -0.989811924525051      5.37515498376959        767.808017106103        29.2082183470129        5.37515498376963        -0.135040815698211      -0.131318159762887      0.24470253391539        0.250207337462922       
-0.297271407526104      95.2598172038701        -0.967628131415748      5.37264327249042        767.69552405856         29.2060785921652        5.37264327249046        -0.131318159762887      -0.124138258931263      0.129773474238702       0.147508124228025       
-0.287703833962353      95.2907324429739        -0.945059222722972      5.37026801628926        767.60515903092         29.20435962567          5.37026801628927        -0.124138258931263      -0.11990401401005       0.250207337462922       0.262333129421231       
-0.278133628586647      95.3236728287193        -0.922216772204964      5.36797304196419        767.54235900837         29.2031649542072        5.36797304196415        -0.11990401401005       -0.112371279152905      0.147508124228025       0.227927907448995       
-0.268561421132331      95.3596645160211        -0.898834563404517      5.36582163797836        767.524426875635        29.2028238146708        5.36582163797833        -0.112371279152905      -0.105824335172423      0.262333129421231       0.236591155935424       
-0.258985047453795      95.4013065525678        -0.87491587272728       5.36379483290316        767.56955270831         29.2036822774935        5.36379483290318        -0.105824335172423      -0.0990256716517011     0.227927907448995       0.278777027609514       
-0.249404917298587      95.4522583973846        -0.850425069545896      5.36189734010086        767.707815611335        29.2063124001062        5.36189734010087        -0.0990256716517011     -0.0910102777163514     0.236591155935424       0.188652124197885       
-0.239818300949419      95.5171599826105        -0.825258875552665      5.36015233299536        767.979791882821        29.211485410191         5.36015233299539        -0.0910102777163514     -0.0855823048074194     0.278777027609514       0.339265936542984       
-0.23022419032494       95.6033503765188        -0.799492831768121      5.35851009252586        768.437276807793        29.2201847436511        5.35851009252587        -0.0855823048074194     -0.075811532409153      0.188652124197885       0.197253733297093       
-0.220620990004678      95.7191260839567        -0.772906659015928      5.35705379989045        769.158762165379        29.2338989334372        5.35705379989044        -0.075811532409153      -0.070123390649667      0.339265936542984       0.307998652427851       
-0.211002738605037      95.8773715011368        -0.745612258593819      5.35570476474608        770.236343069952        29.2543699123159        5.35570476474605        -0.070123390649667      -0.0612264719806775     0.197253733297093       0.182307167313962       
-0.201366403076299      96.0926275963519        -0.717461337820357      5.35452459387932        771.79550663273         29.2839642624638        5.35452459387934        -0.0612264719806775     -0.0559484555901422     0.307998652427851       0.302179511912918       
-0.191706325336025      96.384438921245         -0.688503863897567      5.3534434495789         773.982964776415        29.3254338752864        5.35344344957889        -0.0559484555901422     -0.0471742698787854     0.182307167313962       0.121395338131942       
-0.182014947014845      96.7732228839414        -0.658556047531838      5.35252882875184        776.972198006286        29.3820088188198        5.35252882875188        -0.0471742698787854     -0.0436358384985898     0.302179511912918       0.261177224337381       
-0.172281523519379      97.2836842481064        -0.627774057448602      5.35167913981392        780.946595452253        29.4570609428604        5.35167913981391        -0.0436358384985898     -0.0359843073908498     0.121395338131942       0.103459485813888       
-0.162495203833171      97.9395249248185        -0.595991436292325      5.3509744261091         786.107839766968        29.5542409020538        5.35097442610907        -0.0359843073908498     -0.0329326221764871     0.261177224337381       0.202879264280057       
-0.152633431834679      98.7592385328718        -0.563308562597038      5.35032444957287        792.590952815434        29.6758591154388        5.35032444957284        -0.0329326221764871     -0.0268958434763571     0.103459485813888       0.0773185979952881      
-0.142670183856784      99.7516950339972        -0.529576671758097      5.34978837567161        800.475687819627        29.8231023019185        5.3497883756716         -0.0268958434763571     -0.0245707993775092     0.202879264280057       0.198733665867721       
-0.132595496651701      100.930627421485        -0.494869175896755      5.34929306655778        809.861258203617        29.9974305974439        5.34929306655778        -0.0245707993775092     -0.0185225160586636     0.0773185979952881      0.0655044073767328      
-0.122391228553945      102.296845266412        -0.459002132994484      5.34891492665484        820.765683892815        30.1987064456744        5.34891492665485        -0.0185225160586636     -0.0165022816790401     0.198733665867721       0.0920782938578297      
-0.112044156358024      103.83346862254         -0.422067787833395      5.34857330103902        833.041377043189        30.4237001373598        5.34857330103899        -0.0165022816790401     -0.0136209353759559     0.0655044073767328      0.0637110596341099      
-0.101539128704776      105.50809717025         -0.384065047865241      5.34828703418546        846.431382145842        30.6672351785318        5.34828703418546        -0.0136209353759559     -0.0115961526045597     0.0920782938578297      0.0464695596611767      
-0.0908628942357943     107.273079071682        -0.344937676927801      5.34803940227727        860.550980518437        30.921962359003         5.34803940227724        -0.0115961526045597     -0.0100954196870129     0.0637110596341099      0.0773372235157471      
-0.080011068749605      109.069713409946        -0.304746412964648      5.34782028789217        874.927839252444        31.1791924785397        5.34782028789218        -0.0100954196870129     -0.00755721904060724    0.0464695596611767      0.00734758390139813     
-0.0689822813756115     110.830214702542        -0.263448543571998      5.34765360678246        889.022396091783        31.4293280603357        5.34765360678246        -0.00755721904060724    -0.0073122885110211     0.0773372235157471      0.0866900542526546      
-0.0577799233501546     112.478794477785        -0.221222757677771      5.34748985149606        902.218817967698        31.6617332642646        5.34748985149606        -0.0073122885110211     -0.00438073490788219    0.00734758390139813     -0.00654496713946027    
-0.0464243607658299     113.939445544686        -0.178087835157674      5.34739040478255        913.918046747844        31.8663536725885        5.34739040478255        -0.00438073490788219    -0.00460482062527092    0.0866900542526546      0.0798181047238566      
-0.034936003582379      115.116553168962        -0.13421755576671       5.34728468313342        923.341472303255        32.0302196250016        5.34728468313339        -0.00460482062527092    -0.0018445513542397     -0.00654496713946027    -0.00922479071438086    
-0.0233504662423849     115.916620333837        -0.0897882161323581     5.34724196325986        929.751324732528        32.1412045119748        5.34724196325989        -0.0018445513542397     -0.00216585469934751    0.0798181047238566      0.0704809929175401      
-0.0116898285611294     116.308529392935        -0.0449879273999602     5.34719151298008        932.885971885645        32.195340792758         5.34719151298012        -0.00216585469934751    0.000299123020209295    -0.00922479071438086    -0.018005068636546      
-9.69359432997767e-06   116.401412364223        -5.22764104240073e-05   5.34719849767146        933.632185981215        32.2082147213205        5.34719849767149        0.000299123020209295    -0.000331406191564469   0.0704809929175401      0.0720716000676371      
0.0116705277878489      116.309352966843        0.0448849058704538      5.34719075961759        932.892446162103        32.1954525112218        5.34719075961757        -0.000331406191564469   0.0021891187878068      -0.018005068636546      -0.00343618534604827    
0.0233282563482128      115.917008196095        0.0896749093351155      5.34724174930566        929.754398521144        32.1412576418732        5.34724174930563        0.0021891187878068      0.00206943379031079     0.0720716000676371      0.0794530020948275      
0.0349172477481615      115.117055458567        0.134123859605821       5.34728968111659        923.346364161186        32.030304472851         5.34728968111656        0.00206943379031079     0.00481719545547438     -0.00343618534604827    -0.0175852411709816     
0.0464051357757226      113.939629030457        0.178009631301544       5.34740028452395        913.921207044027        31.8664087689011        5.34740028452398        0.00481719545547438     0.0042150926655594      0.0794530020948275      0.0759126675591133      
0.0577606173285883      112.478837692172        0.221176752730009       5.34749596990085        902.220196887031        31.6617574595921        5.34749596990081        0.0042150926655594      0.00678218287024318     -0.0175852411709816     0.0154633503311888      
0.0689630820976909      110.830351256653        0.263445014711617       5.34764785469318        889.022535198799        31.4293305192388        5.34764785469322        0.00678218287024318     0.00729766191139085     0.0759126675591133      0.09090738581718        
0.0799920243227976      109.069925340767        0.304759297290695       5.34780881601732        874.927662449561        31.1791893282391        5.34780881601736        0.00729766191139085     0.0102813773873772      0.0154633503311888      0.0430686029074516      
0.0908447968369243      107.273157776957        0.344941697171228       5.34803198135711        860.550417798503        30.9219522489643        5.34803198135707        0.0102813773873772      0.0116723532903602      0.09090738581718        0.0574036565182575      
0.101521874261355       105.508093556023        0.384070292715226       5.34828125488116        846.430438505891        30.6672180839173        5.34828125488124        0.0116723532903602      0.0134966852309197      0.0430686029074516      0.104709487822307       
0.112026732253485       103.833549304162        0.422089694409965       5.34856489901729        833.040715722937        30.4236880612412        5.34856489901729        0.0134966852309197      0.0167731083852357      0.0574036565182575      0.0745057927989828      
0.122371612725866       102.296884063076        0.459010966647087       5.34891209626608        820.765560862971        30.1987041823352        5.34891209626608        0.0167731083852357      0.0190708298158762      0.104709487822307       0.181018283985685       
0.132576267056693       100.930547670773        0.494862612832519       5.34930142022385        809.861882998854        29.9974421687149        5.34930142022381        0.0190708298158762      0.0245797946790482      0.0745057927989828      0.0658747459958917      
0.142651340360527       99.7516624268688        0.529578846027813       5.34979691025269        800.476703165747        29.8231212161479        5.34979691025262        0.0245797946790482      0.0265606851018248      0.181018283985685       0.222466478103212       
0.152613396033823       98.7592041325518        0.563329255051421       5.35032628316584        792.590948362399        29.6758590320744        5.35032628316587        0.0265606851018248      0.033180199021732       0.0658747459958917      0.113280490621991       
0.162475601344852       97.9393999947816        0.596001673054665       5.35098114558331        786.107824172728        29.554240608916         5.35098114558335        0.033180199021732       0.0365215597851745      0.222466478103212       0.250624618375383       
0.172262220612072       97.2834673950119        0.627770657422954       5.35169639175079        780.947372152336        29.4570755912987        5.35169639175083        0.0365215597851745      0.0438639547172215      0.113280490621991       0.132754307962802       
0.18199521161359        96.7729858326382        0.658562091753066       5.35255050941383        776.973441923977        29.3820323388287        5.35255050941385        0.0438639547172215      0.0477334118449689      0.250624618375383       0.290819770806615       
0.191686552745778       96.3840821110048        0.688494415168268       5.35347595057437        773.984798399175        29.3254686123243        5.35347595057429        0.0477334118449689      0.0561775727993962      0.132754307962802       0.165767111840422       
0.201346283318434       96.0922203988073        0.717434111865998       5.35456150083922        771.797555816416        29.2840031381643        5.35456150083917        0.0561775727993962      0.0609766904637246      0.290819770806615       0.305135812236951       
0.210982585598115       95.877029502024         0.745581981306873       5.35573685264644        770.23821033939         29.254405372703         5.35573685264644        0.0609766904637246      0.0697909267831378      0.165767111840422       0.183391872144797       
0.220601106484387       95.7188690973123        0.772866361235319       5.3570795083898         769.160388311186        29.2339298363921        5.35707950838985        0.0697909267831378      0.0750793132414446      0.305135812236951       0.346648263692917       
0.230204275219721       95.6032424135373        0.799466544604141       5.35852171631432        768.438075934503        29.2201999372296        5.35852171631436        0.0750793132414446      0.0850624743005429      0.183391872144797       0.201272206623955       
0.239797667170132       95.5171485266338        0.82523324301394        5.36015391752624        767.979926798958        29.2114879760792        5.36015391752624        0.0850624743005429      0.0908533657351393      0.346648263692917       0.276749114004526       
0.249384242498957       95.4522801160472        0.850391319409193       5.36189586371135        767.707778904076        29.2063117018694        5.36189586371129        0.0908533657351393      0.0988103495546787      0.201272206623955       0.249317542145465       
0.258964021371846       95.4013777843588        0.87487858964542        5.36378923114758        767.569324194579        29.2036779303677        5.36378923114767        0.0988103495546787      0.105974709856814       0.276749114004526       0.223798120518621       
0.268541149876831       95.3596841179933        0.898783779539713       5.36581893384535        767.52419784876         29.2028194576551        5.36581893384535        0.105974709856814       0.112403019365992       0.249317542145465       0.255595432376836       
0.278112530454552       95.323702537525         0.922160036619819       5.36797091705335        767.542294390919        29.2031637249368        5.36797091705336        0.112403019365992       0.11974221745001        0.223798120518621       0.151499522301258       
0.287683128365601       95.2908058724164        0.94502655048907        5.37026276706342        767.605000230159        29.2043566047975        5.37026276706345        0.11974221745001        0.124090961916675       0.255595432376836       0.264816893919417       
0.297250284192158       95.2598855649086        0.967609516201802       5.37263708446531        767.695190771924        29.2060722524144        5.37263708446536        0.124090961916675       0.131689901061127       0.151499522301258       0.132575779896451       
0.306812745034955       95.2292678788072        0.989796384712923       5.37515581086512        767.808228904802        29.2082223755344        5.37515581086506        0.131689901061127       0.135492822484143       0.264816893919417       0.226172331248919       
0.316373052548508       95.1989200783589        1.0118172299403         5.37774644445079        767.933480950425        29.2106046373274        5.37774644445076        0.135492822484143       0.141978300686936       0.132575779896451       0.0756672187980502      
0.325930136389022       95.167979944402         1.03351034888498        5.38046015473608        768.071286146366        29.2132254323727        5.38046015473601        0.141978300686936       0.144147320892867       0.226172331248919       0.0194863561782329      
0.33548277438178        95.1370908286568        1.05504173304786        5.38321431423376        768.215023745073        29.21595880004          5.38321431423381        0.144147320892867       0.144705725895859       0.0756672187980502      -0.686488968649099      
0.345033535420441       95.1064700383545        1.07594292450502        5.38597838798837        768.36208827666         29.2187551692527        5.38597838798839        0.144705725895859       0.125039025463523       0.0194863561782329      -2.71139677229752       
0.35458206204385        95.0801525529818        1.09540816806971        5.38836620074582        768.490020567365        29.221187529435         5.38836620074583        0.125039025463523       0.0473739215093764      -0.686488968649099      -9.43225774861723       
0.364127327856215       95.0697480100251        1.10950909987164        5.38927077273948        768.534921483203        29.2220411767709        5.38927077273944        0.0473739215093764      -0.222830464629178      -2.71139677229752       -10.6075658847671       
0.373676874848774       95.1141711206528        1.10671721994204        5.38501472321316        768.286817806397        29.2173239668674        5.38501472321313        -0.222830464629178      -0.526886694497656      -9.43225774861723       -16.3534915982809       
0.38323240422174        95.2204741999489        1.08439864333362        5.37494239665148        767.706845709846        29.206293950864         5.37494239665153        -0.526886694497656      -0.996327313978008      -10.6075658847671       -22.7277471371713       
0.392805166935274       95.4234660078369        1.03253352970089        5.35585944461169        766.612007483484        29.1854607540483        5.35585944461172        -0.996327313978008      -1.65041504046928       -16.3534915982809       -25.6376585444064       
0.402410704300452       95.7643369798945        0.938652285823055       5.32414653281006        764.79504404754         29.1508536952854        5.32414653281004        -1.65041504046928       -2.39113103494625       -22.7277471371713       -19.9126046752314       
0.412057093222734       96.2680836171499        0.796300785847673       5.27799156409911        762.153199834957        29.1004620015818        5.27799156409913        -2.39113103494625       -2.96946445792403       -25.6376585444064       -9.01150732995136       
0.421763913437487       96.9096346866087        0.613968171177291       5.22033162665833        758.850646323612        29.0373446582847        5.22033162665829        -2.96946445792403       -3.23283635433092       -19.9126046752314       10.1838686186182        
0.431539127448843       97.6288961323478        0.410926250331114       5.15713106244316        755.227519254252        28.9679424202044        5.15713106244311        -3.23283635433092       -2.93325402088385       -9.01150732995136       21.1491251479089        
0.441381021443248       98.2998845522489        0.223946587426495       5.0994154069786         751.907918684934        28.9042080497505        5.09941540697852        -2.93325402088385       -2.30747938969205       10.1838686186182        22.7566749156202        
0.451274666744456       98.834762840163         0.0761889281122629      5.05377318101633        749.232710690587        28.8527431911804        5.05377318101627        -2.30747938969205       -1.63093576069149       21.1491251479089        19.0273733558608        
0.461205727986573       99.211194391501         -0.0273740239677469     5.02138004193371        747.265667180833        28.8148431499545        5.02138004193376        -1.63093576069149       -1.06313196317858       22.7566749156202        13.1578685781661        
0.47117333847666        99.4570015449268        -0.0931641722227044     5.0001928164617         745.956277007645        28.7895867942955        5.00019281646179        -1.06313196317858       -0.669341951523404      19.0273733558608        11.2010093534455        
0.481165185265224       99.612834896361         -0.132456289998996      4.98682019122984        745.126944550226        28.7735786317592        4.98682019122993        -0.669341951523404      -0.333451160479367      13.1578685781661        8.73306766854943        
0.491171410235072       99.6903673016395        -0.14903376113587       4.98014856107983        744.70925890617         28.7655128950966        4.98014856107982        -0.333451160479367      -0.0712996622242993     11.2010093534455        8.34524687161712        
0.501182749622885       99.705922921504         -0.147839158963514      4.97872119714248        744.611987894919        28.7636342143439        4.97872119714256        -0.0712996622242993     0.179282371612816       8.73306766854943        1.72943159065121        
0.511192294664731       99.6616572520874        -0.129619683477504      4.98231009580018        744.817921636879        28.7676114490832        4.98231009580017        0.179282371612816       0.231202597233344       8.34524687161712        -5.07989826350768       
0.521198134518872       99.6051886773324        -0.1081822589639        4.98693671705002        745.087158935526        28.7728104473559        4.98693671705004        0.231202597233344       0.0787501575842604      1.72943159065121        -4.51213788789155       
0.531199135342619       99.5852820081934        -0.0976746804048163     4.9885119746704         745.173557698203        28.7744786167303        4.98851197467045        0.0787501575842604      -0.0566285043139332     -5.07989826350768       0.191401744639191       
0.541197756525785       99.5978142828693        -0.0969024781303579     4.987379415977          745.098133246024        28.773022342427         4.98737941597704        -0.0566285043139332     -0.0508862827446179     -4.51213788789155       2.20868151540368        
0.551199110963476       99.6089536307715        -0.0960789792814762     4.98636163571317        745.029397437016        28.771695146388         4.9863616357131         -0.0508862827446179     0.0153767905303635      0.191401744639191       2.54315361851047        
0.561199927221912       99.6041876125079        -0.0909970357316366     4.9866691900059         745.03970034429         28.7718940855731        4.98666919000592        0.0153767905303635      0.0916735637613904      2.20868151540368        1.24725438224919        
0.571199344177313       99.5810966817862        -0.080951326496239      4.98850263981385        745.140845508972        28.7738470279479        4.98850263981392        0.0916735637613904      0.129088766593957       2.54315361851047        -2.12037128652127       
0.581199225667399       99.5490795242931        -0.0686338645998644     4.99108414873339        745.286749252048        28.7766639494197        4.99108414873345        0.129088766593957       0.0654910447162707      1.24725438224919        -2.36360613531028       
0.591195918148174       99.5323056298296        -0.0610136680123797     4.99239357820378        745.356665175266        28.7780136982552        4.99239357820384        0.0654910447162707      -0.0053888635950343     -2.12037128652127       -0.266778279893968      
0.601190698186312       99.5325368414958        -0.0585586255450442     4.99228585616764        745.342313853425        28.7777366466476        4.99228585616755        -0.0053888635950343     -0.013388006667322      -2.36360613531028       1.71112521340148        
0.611183945719488       99.5345703943134        -0.0568987397030554     4.99201824999126        745.317587870179        28.7772593064226        4.99201824999131        -0.013388006667322      0.0379162069554589      -0.266778279893968      1.32467565015317        
0.621179671357604       99.5243116920307        -0.0519256249876216     4.9927761464771         745.353914115784        28.7779605893851        4.99277614647716        0.0379162069554589      0.0776301910867499      1.71112521340148        -0.197565318571297      
0.631172414740249       99.5046487416302        -0.0444399838502911     4.99432763790016        745.438225964807        28.7795881748932        4.99432763790013        0.0776301910867499      0.0717081071237844      1.32467565015317        -1.2574557980895        
0.641162543415607       99.4862878988892        -0.037584867474781      4.99576044383432        745.514492683775        28.7810603751027        4.99576044383425        0.0717081071237844      0.0340222611128494      -0.197565318571297      -0.9364550578671        
0.651151716879549       99.4769527122541        -0.0335246379724732     4.9964401569335         745.545961831322        28.7816678119042        4.99644015693349        0.0340222611128494      0.00596027192472554     -1.2574557980895        0.166362151042263       
0.66114020339489        99.4745494674872        -0.0315487502711473     4.99655922253119        745.545716323362        28.7816630730085        4.99655922253125        0.00596027192472554     0.0109447266542538      -0.9364550578671        0.771082124243087       
0.671127132620164       99.4718401392244        -0.0293262298941665     4.99677781762548        745.558026429096        28.7819006867761        4.99677781762541        0.0109447266542538      0.0340442095365817      0.166362151042263       0.266283469609505       
0.68111006926117        99.4652777641608        -0.0255807447621246     4.99745766414774        745.610272018634        28.7829091267454        4.99745766414773        0.0340442095365817      0.0420212405424833      0.771082124243087       -0.401174975622108      
0.691096306701118       99.4574450971853        -0.0213587969645172     4.99829691156938        745.676760992764        28.7841924402337        4.99829691156939        0.0420212405424833      0.0300012917735806      0.266283469609505       -0.615721613923656      
0.701084857367924       99.4505704005941        -0.0180499218410263     4.99889625558768        745.714625987383        28.7849232525058        4.99889625558775        0.0300012917735806      0.0115483501449529      -0.401174975622108      -0.286927026499521      
0.711076066077864       99.446080600597         -0.0160930969294745     4.99912701730778        745.715382443717        28.7849378522811        4.99912701730778        0.0115483501449529      0.00294758764964984     -0.615721613923656      0.204636165368591       
0.721069546095534       99.4438156019665        -0.0147978924036968     4.99918592648439        745.707185149889        28.7847796422942        4.99918592648444        0.00294758764964984     0.00908232034555481     -0.286927026499521      0.298643217313823       
0.731062488410716       99.4418098540226        -0.0131515599716686     4.99936744925678        745.719220919073        28.7850119355943        4.99936744925669        0.00908232034555481     0.0180345961446026      0.204636165368591       0.00201570756955489     
0.741055898417511       99.4395570870184        -0.0109769490590016     4.99972783964311        745.75608289462         28.7857233691097        4.99972783964315        0.0180345961446026      0.0180949998663843      0.298643217313823       -0.312605496687783      
0.751042696311928       99.4378505054176        -0.00889308860556988    5.000089257123          745.797192095312        28.7865167530316        5.00008925712296        0.0180949998663843      0.00873169317188265     0.00201570756955489     -0.289608752680547      
0.761022358930111       99.4321544818709        -0.00753236774217951    5.00026356237645        745.780468476428        28.7861939994472        5.00026356237642        0.00873169317188265     5.99184802859543e-05    -0.312605496687783      -0.00496090744791652    
0.771000967470264       99.4238289786939        -0.00682633082090573    5.00026475833958        745.718202272016        28.7849922755286        5.00026475833958        5.99184802859543e-05    -8.86318673701923e-05   -0.289608752680547      0.178604387623259       
0.780983764065006       99.4183990260612        -0.0061820067294859     5.00026298879969        745.6772115836          28.7842011369586        5.00026298879966        -8.86318673701923e-05   0.00526084225479167     -0.00496090744791652    0.0551898865003665      
0.790969668138605       99.4141635745215        -0.0052316960483488     5.00036805215627        745.661111204812        28.7838903865187        5.00036805215623        0.00526084225479167     0.00691419883384526     0.178604387623259       -0.10258907703019       
0.800956712081991       99.4107106790906        -0.0042345919252193     5.00050615118012        745.65580536597         28.7837879787674        5.00050615118019        0.00691419883384526     0.00384070798126563     0.0551898865003665      -0.120029258918356      
0.81094322072997        99.4084627060693        -0.00350113888242481    5.00058286074474        745.650382231429        28.7836833067206        5.00058286074465        0.00384070798126563     0.000244755834440921    -0.10258907703019       -0.0389378561135283     
0.820928692886145       99.4072127118871        -0.00304931020874699    5.0005877490539         745.641735081987        28.7835164070995        5.00058774905392        0.000244755834440921    -0.000921762507814089   -0.120029258918356      0.0355824453289567      
0.830915613667242       99.4062628622494        -0.00269352160461513    5.00056933917701        745.631865286702        28.7833259078682        5.000569339177          -0.000921762507814089   0.000144211002006063    -0.0389378561135283     0.0306418428913593      
0.840901246201713       99.4050240463996        -0.00227399400499187    5.00057221930893        745.623002559243        28.7831548452147        5.00057221930897        0.000144211002006063    0.00106214451194264     0.0355824453289567      -0.0428043978264212     
0.850886364605266       99.4035929746877        -0.00182896582182915    5.00059343095844        745.615431064334        28.7830087042943        5.00059343095836        0.00106214451194264     -0.000220099480379683   0.0306418428913593      -0.0704409113688213     
0.860871669277844       99.4024919932137        -0.00152842732971122    5.00058903545766        745.606517337648        28.7828366553875        5.00058903545766        -0.000220099480379683   -0.00233021430929535    -0.0428043978264212     -0.0204490182162901     
0.870856978044448       99.4018980084488        -0.00139685892877108    5.0005424996744         745.595123309322        28.7826167312711        5.00054249967437        -0.00233021430929535    -0.00294278164808112    -0.0704409113688213     0.0333542115301804      
0.880842260477492       99.4014696721688        -0.00130460820574716    5.00048373078135        745.583147867153        28.7823855830679        5.0004837307813         -0.00294278164808112    -0.00194363523030795    -0.0204490182162901     0.0427304034918817      
0.890827435892944       99.4008514598035        -0.00116386474698959    5.00044491573583        745.572723452981        28.782184371065         5.0004449157359         -0.00194363523030795    -0.000663612349182475   0.0333542115301804      -0.00104357315062617    
0.900812471323416       99.39986764091          -0.000977414853428615   5.00043166302665        745.563368178397        28.7820037943928        5.0004316630267         -0.000663612349182475   -0.000694874399626371   0.0427304034918817      -0.0177680224074099     
0.910798341933299       99.3989081533344        -0.000828141592709275   5.00041778524856        745.554102246332        28.7818249411042        5.00041778524852        -0.000694874399626371   -0.00122716031578756    -0.00104357315062617    0.000582936157649252    
0.920784836161226       99.3980772674907        -0.000753523942972424   5.00039327631842        745.544215871009        28.7816341106425        5.00039327631845        -0.00122716031578756    -0.00120969664017685    -0.0177680224074099     0.0161563597449305      
0.930770114379168       99.3972800835439        -0.000731880638414997   5.00036911632382        745.534634364513        28.7814491636639        5.00036911632385        -0.00120969664017685    -0.000725690342935188   0.000582936157649252    0.00670258789275389     
0.940756953450393       99.3963420742163        -0.000709372324098336   5.00035462302011        745.525437903143        28.7812716478991        5.00035462302002        -0.000725690342935188   -0.000524903036799214   0.0161563597449305      -0.010830370305631      
0.950741490815837       99.395371422157         -0.000645769378215463   5.00034414037818        745.516594607243        28.7811009481192        5.00034414037823        -0.000524903036799214   -0.000849330011367539   0.00670258789275389     -0.0126403975368974     
0.960726827321883       99.3945293196024        -0.00054840564002759    5.00032717958897        745.507749688891        28.7809302160088        5.00032717958897        -0.000849330011367539   -0.00122796208035697    -0.010830370305631      0.00376799553377162     
0.970710837359505       99.3937614157782        -0.000452908948013761   5.00030265818113        745.498334120904        28.7807484676226        5.0003026581812         -0.00122796208035697    -0.00111509889827646    -0.0126403975368974     0.0114359185854503      
0.980695860248315       99.3932048244103        -0.000370828227293304   5.00028039140013        745.490839682873        28.7806038019217        5.00028039140018        -0.00111509889827646    -0.000772591816007988   0.00376799553377162     0.00169420296987246     
0.990678676497649       99.3939498439348        -0.000295364637509837   5.00026496614169        745.494127876608        28.7806672742622        5.00026496614177        -0.000772591816007988   -0.00072185310221248    0.0114359185854503      -0.00787647524987119    
1.00065921914625        99.3981468163086        -0.000222840565759696   5.00025055470014        745.523458131619        28.7812334329858        5.00025055470022        -0.00072185310221248    -0.000957769787462469   0.00169420296987246     -0.006625359409917      
1.01064433225982        99.4027844425493        -0.000162248513462786   5.00023142766987        745.555390151292        28.7818498006275        5.00023142766993        -0.000957769787462469   -0.00115627097869015    -0.00787647524987119    0.00574284153663422     
1.02063433108232        99.4030016504279        -0.000132097029927202   5.00020832769912        745.553574976139        28.7818147635725        5.00020832769908        -0.00115627097869015    -0.000984168179775697   -0.006625359409917      0.0169334688105187      
1.03062520169739        99.4011929077659        -0.000127585508217954   5.00018866335498        745.537076852058        28.7814963098797        5.000188663355          -0.000984168179775697   -0.000476699788853678   0.00574284153663422     0.0153568487616473      
1.04061481071552        99.4004304479226        -0.00012218615207711    5.0001791398794         745.529938231103        28.7813585161396        5.00017913987937        -0.000476699788853678   -1.65569338845646e-05   0.0169334688105187      0.00109813226811224     
1.05060058462176        99.4009651920458        -9.816921073173e-05     5.00017880918569        745.533899648808        28.7814349817688        5.00017880918567        -1.65569338845646e-05   1.63400503443364e-05    0.0153568487616473      -0.00820734795294832    
1.06058567689129        99.397626167455         -5.85911130513903e-05   5.00017913548875        745.508904719429        28.7809525114447        5.00017913548869        1.63400503443364e-05    -0.000229493821018409   0.00109813226811224     -0.00282955211178087    
1.07056876511114        99.3906888084173        -1.05764706175494e-05   5.00017455307849        745.456189489186        28.7799349371743        5.00017455307844        -0.000229493821018409   -0.000314248200843303   -0.00820734795294832    0.00647843098871607     
1.08055242994904        99.3871743755824        3.86116722053006e-05    5.00016827779504        745.428894798707        28.7794080473195        5.00016827779503        -0.000314248200843303   -0.00012017106708056    -0.00282955211178087    0.0047279483483376      
1.09054040085604        99.3857634382668        7.80587930676354e-05    5.00016587749181        745.417954578742        28.7791968573509        5.00016587749188        -0.00012017106708056    2.14848695889425e-05    0.00647843098871607     -0.0018472556339248     
1.10052889833969        99.3848845691572        9.50037738806996e-05    5.00016630666458        745.411426821673        28.7790708448127        5.00016630666459        2.14848695889425e-05    -3.38623560541366e-05   0.0047279483483376      -0.00568350121315079    
1.11051509038608        99.3842670337932        9.0418222815994e-05     5.00016563031039        745.406694323944        28.7789794878126        5.00016563031036        -3.38623560541366e-05   -0.000204142811446125   -0.0018472556339248     -0.00716341546178253    
1.12050147228006        99.3837192991246        7.44312632955951e-05    5.0001615529373         745.401978341093        28.7788884493302        5.00016155293726        -0.000204142811446125   -0.000418760500402553   -0.00568350121315079    -0.0129730417556768     
1.13048879781226        99.3833259043064        5.77995772901313e-05    5.00015318863221        745.397780875937        28.7788074201976        5.00015318863221        -0.000418760500402553   -0.000807455419157747   -0.00716341546178253    -0.0199705999261493     
1.14047568277984        99.3830704385722        4.59181055530392e-05    5.00013705980114        745.393460425097        28.7787240166739        5.00013705980112        -0.000807455419157747   -0.00140582655487294    -0.0129730417556768     -0.0166495016836524     
1.15046436214676        99.3830247578286        3.72966544305913e-05    5.00010897771746        745.388931486502        28.7786365881689        5.00010897771745        -0.00140582655487294    -0.00190468832104061    -0.0199705999261493     -0.00238373320753298    
1.16045111178801        99.383252927801         3.34143985165668e-05    5.00007093198301        745.38497113532         28.7785601356928        5.00007093198305        -0.00190468832104061    -0.00197611166109599    -0.0166495016836524     0.0128356683539299      
1.17043849757326        99.3835868300472        3.95615351408184e-05    5.00003145896823        745.381590983006        28.7784948834871        5.00003145896816        -0.00197611166109599    -0.00159151361695551    -0.00238373320753298    0.0196529518954657      
1.18042716304696        99.3839910394463        5.17534736889924e-05    4.99999966663862        745.379883099671        28.7784619135691        4.9999996666387         -0.00159151361695551    -0.00100262479330261    0.0128356683539299      0.0222922082313637      
1.19041476481846        99.3845380342389        5.89173970171034e-05    4.999979637835          745.380999730249        28.7784834696234        4.99997963783497        -0.00100262479330261    -0.000334651143953103   0.0196529518954657      0.0263048096210925      
1.20040363557483        99.3851617066039        5.98963511295944e-05    4.99997295273945        745.384680654985        28.7785545281163        4.99997295273949        -0.000334651143953103   0.000453567004384461    0.0222922082313637      0.0253084667946554      
1.21039091521336        99.3858185304493        5.85214067612375e-05    4.99998201344595        745.390957565774        28.7786757004745        4.99998201344602        0.000453567004384461    0.0012119471209396      0.0263048096210925      0.0150725878076652      
1.22038059660963        99.3865481279025        5.20220156854202e-05    5.00000622499274        745.400038980079        28.778851011349         5.00000622499281        0.0012119471209396      0.00166362166504934     0.0253084667946554      0.00291911812280506     
1.23036874489585        99.3873268126575        3.35833895378464e-05    5.00003946106209        745.410833989143        28.7790594006812        5.00003946106211        0.00166362166504934     0.00175110091494574     0.0150725878076652      -0.00765581473196394    
1.24035905025269        99.388151339675         -4.70621146833672e-06   5.00007444592732        745.4222336122          28.7792794599826        5.00007444592732        0.00175110091494574     0.00152166427827814     0.00291911812280506     -0.0173338379156651     
1.25034785727286        99.389029820374         -7.13222743741307e-05   5.00010484834004        745.433354814998        28.779494143014         5.00010484834003        0.00152166427827814     0.00100216254664022     -0.00765581473196394    -0.0216878536617188     
1.26033936013489        99.3901677183647        -0.000164591268295326   5.00012487237453        745.444874517107        28.7797165169636        5.00012487237461        0.00100216254664022     0.000352152697741256    -0.0173338379156651     -0.0138632249757668     
1.27032919760361        99.3916817343139        -0.000268934329442931   5.0001319087348         745.457278953835        28.7799559677262        5.00013190873484        0.000352152697741256    -6.33504735438822e-05   -0.0216878536617188     -0.000496794284892851   
1.28032000380104        99.3939693808205        -0.000362818961307491   5.00013064293281        745.474248035648        28.7802835295208        5.00013064293285        -6.33504735438822e-05   -7.82403904290155e-05   -0.0138632249757668     0.00903676146288172     
1.290310433458          99.3972993183278        -0.000430111500975501   5.00012907955875        745.498990126764        28.7807611305184        5.00012907955877        -7.82403904290155e-05   0.00019261434209863     -0.000496794284892851   0.00821726068720789     
1.30030211855711        99.4023777449049        -0.000455845695140901   5.00013292836437        745.537653180019        28.7815074344625        5.00013292836435        0.00019261434209863     0.000438912996853595    0.00903676146288172     0.00170490264855676     
1.31029217128219        99.4109098768581        -0.000432437871722027   5.00014169884297        745.602953692798        28.7827678711644        5.0001416988429         0.000438912996853595    0.000490021354491576    0.00821726068720789     -0.00251090097714794    
1.3202849231733         99.4229856105487        -0.000368884052722123   5.00015149261508        745.694984851249        28.7845441716219        5.00015149261503        0.000490021354491576    0.00041473105377668     0.00170490264855676     -0.00348947670581248    
1.33028220475997        99.4311961742577        -0.000285245859700652   5.00015978473529        745.757802687973        28.7857565605703        5.00015978473529        0.00041473105377668     0.000310070534026782    -0.00251090097714794    -0.0075392572022734     
1.34028282976431        99.4344195641538        -0.000204932953997046   5.00016598557787        745.782903750541        28.7862409986774        5.00016598557795        0.000310070534026782    8.39222912620365e-05    -0.00348947670581248    -0.0175207945726867     
1.35028063432395        99.43640780945          -0.000151371359256526   5.0001676637836         745.798066397417        28.7865336263217        5.00016766378354        8.39222912620365e-05    -0.000441602068003638   -0.0075392572022734     -0.0217215334523586     
1.3602786749867         99.4378189277731        -0.000138734623942831   5.00015883390279        745.807333103596        28.7867124652947        5.00015883390271        -0.000441602068003638   -0.00109305061338477    -0.0175207945726867     -0.0101624775978089     
1.37027500412621        99.43661785499          -0.000155684160301819   5.000136980556          745.795065237226        28.7864757064306        5.00013698055606        -0.00109305061338477    -0.00139781048348529    -0.0217215334523586     0.00756739758737014     
1.38027027909189        99.4337907366344        -0.000169417100119585   5.00010903615468        745.769693342039        28.7859860453358        5.00010903615466        -0.00139781048348529    -0.00117088172192504    -0.0101624775978089     0.0144830283255189      
1.39026650464216        99.4324136737278        -0.000158383196877089   5.00008562802025        745.755873854056        28.7857193346913        5.00008562802024        -0.00117088172192504    -0.000736554435895721   0.00756739758737014     0.0119867784402555      
1.40026255145873        99.4311885263849        -0.000125537443536243   5.00007090211963        745.744488770922        28.7854996052396        5.00007090211961        -0.000736554435895721   -0.00037707657336276    0.0144830283255189      0.00861271326207323     
1.4102601448069         99.4296469665945        -8.52149806910256e-05   5.00006336307891        745.731802502309        28.7852547612355        5.00006336307884        -0.00037707657336276    -0.00011879693151382    0.0119867784402555      0.00710380512846572     
1.42025570074509        99.4275921282974        -5.24401553995442e-05   5.00006098816591        745.716036821958        28.7849504819206        5.00006098816599        -0.00011879693151382    9.42007157738381e-05    0.00861271326207323     0.0120072615094664      
1.43024972609749        99.4257361077528        -2.53605561505124e-05   5.00006287095801        745.702397295066        28.7846872349994        5.00006287095803        9.42007157738381e-05    0.000454140386663461    0.00710380512846572     0.0108563164951266      
1.44024016899631        99.4219403320462        1.1271488479864e-05     5.00007194561038        745.675281948619        28.7841638936069        5.00007194561038        0.000454140386663461    0.000779511787887409    0.0120072615094664      -0.00195383931837258    
1.45022934219472        99.4172668510056        5.30222650314044e-05    5.00008751905984        745.642552741132        28.7835321888736        5.00008751905978        0.000779511787887409    0.000720970870711373    0.0108563164951266      -0.00402312939502223    
1.46021748399265        99.4077892173794        6.77831748898487e-05    5.00010191842237        745.573616357917        28.7822016059678        5.00010191842232        0.000720970870711373    0.000600497401994597    -0.00195383931837258    1.16286499992014e-05    
1.47019639423074        99.3647699304642        4.21008017457525e-05    5.00011390228233        745.252751289598        28.7760075852089        5.00011390228236        0.000600497401994597    0.000600845305811313    -0.00402312939502223    -0.00186973293970094    
1.48016354398253        99.2537087019456        1.36119932934915e-05    5.00012587970714        744.421556306268        28.7599558859627        5.00012587970722        0.000600845305811313    0.000544986835836451    1.16286499992014e-05    -0.00856637866336086    
1.49011891518719        99.0409025874726        1.34380504518233e-05    5.00013672607676        742.827081617119        28.7291389362616        5.00013672607671        0.000544986835836451    0.000289466013131602    -0.00186973293970094    -0.00856637866336086    
1.5000451752604         98.7941140110661        1.69076554629101e-05    5.00014247691988        740.976968904596        28.6933397015288        5.0001424769199         0.000289466013131602    0.000289466013131602    -0.00856637866336086    -0.00856637866336086    
