# xp[i]                    V[i]                   up[i]                    p[i]                    e[i]                   cs[i]                  dd1[i]             dd2_left[i]            dd2_right[i]             dd3_left[i]            dd3_right[i]
-1.5                    94.4100590168062        -8.9873226663724e-05    5.3421936737948         756.535230033263        28.9930112274831        5.3421936737948         -0.00656262034144987    -0.00656262034144987    -0.202382107969044      -0.202382107969044      
-1.4902545123118        94.4100590168062        8.9873226663724e-05     5.3421936737948         756.535230033263        28.9930112274831        5.3421936737948         -0.00656262034144987    -0.00656262034144987    -0.202382107969044      -0.202382107969044      
-1.48074394610743       94.7127481656154        0.000351016031452289    5.34206796712621        758.942907081038        29.0391097789982        5.34206796712621        -0.00656262034144987    -0.0123726412576834     -0.202382107969044      -0.207929696209641      
-1.47120066495971       95.0068609726275        0.000641947696655057    5.34183189530263        761.266020324246        29.0835199673906        5.34183189530263        -0.0123726412576834     -0.0183300174557403     -0.202382107969044      -0.220479905044174      
-1.46163749790758       95.1880335907394        0.000960977488879688    5.34148135219497        762.667659565564        29.1102818713321        5.34148135219497        -0.0183300174557403     -0.0246597571604887     -0.207929696209641      -0.211692702162703      
-1.45205912910753       95.2732676496344        0.00134329055607055     5.34100897741388        763.283066736379        29.1220242492474        5.34100897741388        -0.0246597571604887     -0.0307455443039702     -0.220479905044174      -0.182199875492878      
-1.44246764423439       95.3000664562929        0.00178392482366598     5.34041935639025        763.413479352695        29.1245120007318        5.34041935639025        -0.0307455443039702     -0.0359880344894074     -0.211692702162703      -0.267372056662918      
-1.43287409026          95.3129019335407        0.00224252069514708     5.33972880484976        763.417571892522        29.1245900665957        5.33972880484976        -0.0359880344894074     -0.0436865228766688     -0.182199875492878      -0.316533256325303      
-1.42327595313363       95.3265826022902        0.00273589497589433     5.33888999530243        763.407207212606        29.1243923582318        5.33888999530243        -0.0436865228766688     -0.0528073217424328     -0.267372056662918      -0.562284537327963      
-1.4136644853957        95.3402266430711        0.00306202561775678     5.33787510106649        763.371332892127        29.1237080379567        5.33787510106649        -0.0528073217424328     -0.0690194943622212     -0.316533256325303      -1.07651177795601       
-1.4040479246375        95.356585208867         0.00279177319370328     5.33654800237393        763.312491464368        29.1225855740174        5.33654800237393        -0.0690194943622212     -0.100064633136824      -0.562284537327963      -2.39761896809714       
-1.3944367499134        95.3789699233155        0.000884748388819519    5.33462429695767        763.21645555757         29.1207534921893        5.33462429695767        -0.100064633136824      -0.169213904756879      -1.07651177795601       -5.07814198735808       
-1.38482640275557       95.4152952021118        -0.00494170923005885    5.33137083108676        763.041482520106        29.1174152264033        5.33137083108676        -0.169213904756879      -0.315736490016974      -2.39761896809714       -9.92037350767214       
-1.37520438852155       95.4804856148786        -0.019649826525856      5.32529517036847        762.692653364023        29.1107588618981        5.32529517036847        -0.315736490016974      -0.602228258586484      -5.07814198735808       -10.3038318382976       
-1.36557312241523       95.6054381852364        -0.0521529357239888     5.31369447720151        762.027133312981        29.0980551719905        5.31369447720151        -0.602228258586484      -0.900189625591343      -9.92037350767214       -9.02718457327047       
-1.35593176775527       95.7954126923844        -0.103375030658428      5.2963290182466         761.046036086375        29.0793175085427        5.2963290182466         -0.900189625591343      -1.16177526419265       -10.3038318382976       -10.3712872106505       
-1.34626396338484       96.0413121657199        -0.171245342035689      5.2738588513958         759.762486397274        29.0547851556575        5.27385885139581        -1.16177526419265       -1.46318857016752       -9.02718457327047       -7.18434254251564       
-1.33655845945597       96.3524598643042        -0.258752059813767      5.24546171838203        758.119709535223        29.0233566772852        5.24546171838203        -1.46318857016752       -1.67266350231092       -10.3712872106505       4.10759017551025        
-1.32682186047501       96.7085639476339        -0.360283531362445      5.21289413549518        756.197258782171        28.9865343983139        5.21289413549517        -1.67266350231092       -1.55252257665727       -7.18434254251564       10.5996105411405        
-1.31705957651674       97.0389788269119        -0.454598971170476      5.18257730264189        754.368013709851        28.9514538823154        5.18257730264189        -1.55252257665727       -1.24158765251028       4.10759017551025        9.67056829479555        
-1.30726581009589       97.3070355504598        -0.528906400233475      5.15826065980799        752.902580103712        28.9233196977363        5.15826065980799        -1.24158765251028       -0.957118246005702      10.5996105411405        11.5488870194103        
-1.29744538742909       97.515678566078         -0.584666438554863      5.13946479881653        751.767595984597        28.9015108406425        5.13946479881653        -0.957118246005702      -0.616616202641515      9.67056829479555        8.6802278677996         
-1.28760405586118       97.649387997638         -0.617837555130706      5.12733198528771        751.021245636089        28.8871606549825        5.12733198528772        -0.616616202641515      -0.360279900299092      11.5488870194103        10.5155109657365        
-1.27775425577845       97.7270229435422        -0.633835287702106      5.12023440650991        750.577897981962        28.8786329697612        5.12023440650991        -0.360279900299092      -0.0494873226124484     8.6802278677996         8.02029823221847        
-1.26789482811394       97.7358629530623        -0.628947231898428      5.11925900808151        750.502795252626        28.8771881374406        5.11925900808151        -0.0494873226124484     0.187599288740342       10.5155109657365        3.45113059105051        
-1.25804335016994       97.692251568308         -0.60810286825404       5.12295587877817        750.709641724409        28.8811672918224        5.12295587877816        0.187599288740342       0.289576261721026       8.02029823221847        -1.55506741763339       
-1.24819331674072       97.6261225688011        -0.580360833687732      5.12865862187216        751.036582848645        28.8874556175176        5.12865862187215        0.289576261721026       0.243657194073824       3.45113059105051        -4.60623061790095       
-1.23835804813452       97.5702768323546        -0.555587995868837      5.13345328648246        751.308687402081        28.8926881831158        5.13345328648247        0.243657194073824       0.107704752521983       -1.55506741763339       -6.42299407609706       
-1.22852279652315       97.5450600431034        -0.53974501055187       5.13557208131896        751.424530541915        28.8949155570071        5.13557208131897        0.107704752521983       -0.0818399565630899     -4.60623061790095       -3.87745556476163       
-1.21868406800484       97.5623076246564        -0.536379739418386      5.1339618740165         751.321751529083        28.892939382199         5.13396187401651        -0.0818399565630899     -0.196288538175225      -6.42299407609706       0.821453557535015       
-1.20884662618648       97.605145122775         -0.540532595565692      5.13009902876666        751.086090295465        28.88840771535          5.13009902876665        -0.196288538175225      -0.172035135011403      -3.87745556476163       3.21309221745348        
-1.19900139155643       97.6428768938191        -0.542988642598253      5.12671219046381        750.880390925249        28.8844516214606        5.12671219046383        -0.172035135011403      -0.0771442919546052     0.821453557535015       4.10316479163937        
-1.18915550492078       97.659638130624         -0.539054283838365      5.12519312499755        750.786758905235        28.8826506729335        5.12519312499755        -0.0771442919546052     0.0440457907188558      3.21309221745348        2.72696178551045        
-1.17931006655707       97.6489842664493        -0.526988101874204      5.12606039531378        750.831886336296        28.8835186825424        5.12606039531379        0.0440457907188558      0.124575020231759       4.10316479163937        0.130700338353097       
-1.16946643501355       97.6207568091779        -0.509518575140614      5.12851266561373        750.973931584           28.8862507005977        5.12851266561374        0.124575020231759       0.12843356229801        2.72696178551045        -1.8036495170702        
-1.15962895943544       97.5916011048031        -0.491757079606949      5.13103991910822        751.119601557646        28.8890521662455        5.13103991910822        0.12843356229801        0.0751969155159668      0.130700338353097       -3.24118784572447       
-1.14979250986376       97.5744774820242        -0.477483461975562      5.13251945731319        751.204356320485        28.8906820103431        5.1325194573132         0.0751969155159668      -0.020472208429972      -1.8036495170702        -2.92003700937625       
-1.13995185017581       97.5790695968909        -0.469509863650159      5.13211656991316        751.180739932369        28.8902278736517        5.13211656991316        -0.020472208429972      -0.106681523418956      -3.24118784572447       -1.38702688414676       
-1.13011017225055       97.6033407298718        -0.467223471875546      5.1300165644808         751.060132039358        28.8879085054891        5.13001656448079        -0.106681523418956      -0.147642030015598      -2.92003700937625       0.768775970767907       
-1.12026456941324       97.6374742517297        -0.467631227990325      5.12710949487459        750.897031937425        28.884771688314         5.12710949487458        -0.147642030015598      -0.124935012487994      -1.38702688414676       2.31650602907987        
-1.11041747962889       97.6667614317288        -0.466510634505805      5.12464915647553        750.761829880209        28.8821711610815        5.12464915647554        -0.124935012487994      -0.0565056249600529     0.768775970767907       2.41731699207583        
-1.1005713709216        97.6801188126637        -0.460820700253981      5.12353635915854        750.701460455413        28.8810099172336        5.12353635915854        -0.0565056249600529     0.0148990248576566      2.31650602907987        0.729633692388371       
-1.09072354390908       97.6764831893576        -0.450352666388641      5.12382975378807        750.716506216516        28.8812993362779        5.12382975378807        0.0148990248576566      0.0364469973341372      2.41731699207583        -0.5345348158587        
-1.08088089962928       97.6673139483717        -0.438434141392053      5.1245472355952         750.751145553204        28.8819656447334        5.12454723559519        0.0364469973341372      0.0206656382774513      0.729633692388371       -1.25217007328707       
-1.07104277149962       97.6624986951162        -0.427552450848232      5.12495390027772        750.773705397606        28.8823995886308        5.12495390027774        0.0206656382774513      -0.0162949790255625     -0.5345348158587        -1.86805142276344       
-1.06120506692563       97.667908992995         -0.419117847898039      5.1246332661922         750.768323197402        28.8822960613399        5.12463326619221        -0.0162949790255625     -0.0714356653706694     -1.25217007328707       -1.43945714406494       
-1.05136487628165       97.6885784755933        -0.414343095750972      5.12322742374291        750.721206348931        28.8813897470505        5.1232274237429         -0.0714356653706694     -0.113937792641615      -1.86805142276344       -0.463721804947327      
-1.04152328257688       97.7176984444331        -0.412395824109173      5.12098426780495        750.616194630075        28.8793696959164        5.12098426780495        -0.113937792641615      -0.12763693110549       -1.43945714406494       0.747827219696006       
-1.03167156153563       97.7481487176736        -0.411358089474976      5.1184697149467         750.481408355278        28.8767766813726        5.11846971494669        -0.12763693110549       -0.105537914892176      -0.463721804947327      1.39956159463436        
-1.02181494708772       97.7725337698887        -0.408846901041132      5.11639016337458        750.363645042701        28.8745109634913        5.11639016337458        -0.105537914892176      -0.0641778687857895     0.747827219696006       1.1997911947682         
-1.01197128118772       97.783698129661         -0.403592179252721      5.1151259892242         750.263903438224        28.8725918368234        5.11512598922421        -0.0641778687857895     -0.0287247997139676     1.39956159463436        0.494503278046886       
-1.00211927446053       97.7866713729997        -0.395969440559247      5.11456013290941        750.203716401387        28.8714337172651        5.11456013290942        -0.0287247997139676     -0.0141104550574985     1.1997911947682         -0.435498305085255      
-0.992268502272768      97.7884925504919        -0.387385036488465      5.11428207582831        750.176902009877        28.8709177395192        5.11428207582832        -0.0141104550574985     -0.0269841794996202     0.494503278046886       -1.05664177884986       
-0.982410556019122      97.794312627423         -0.379671981399573      5.1137502306972         750.143533139038        28.8702756238823        5.11375023069718        -0.0269841794996202     -0.0582250866296482     -0.435498305085255      -1.09879907586537       
-0.972558187710248      97.807618966637         -0.374074885453649      5.11260250568434        750.077216705772        28.8689994574298        5.11260250568433        -0.0582250866296482     -0.0907188108243511     -1.05664177884986       -0.68139832646498       
-0.962697141763524      97.8286561743559        -0.370662179588856      5.11081381402869        749.976071075642        28.8670529434441        5.11081381402867        -0.0907188108243511     -0.110873896428839      -1.09879907586537       0.0708156704726415      
-0.952837847501711      97.8543387141536        -0.368616383125967      5.10862712583821        749.851993704128        28.8646649364491        5.10862712583823        -0.110873896428839      -0.108778595450179      -0.68139832646498       0.829124698207785       
-0.942972883001974      97.8796868370816        -0.366453323989457      5.10648114958012        749.731163640544        28.8623392376168        5.10648114958011        -0.108778595450179      -0.0842405692112588     0.0708156704726415      0.948301295065045       
-0.933106251014632      97.899620455837         -0.362687745874477      5.10481883311801        749.639739387093        28.8605794079647        5.10481883311801        -0.0842405692112588     -0.0561715719762227     0.829124698207785       0.556548012334137       
-0.923238543357215      97.913109317708         -0.357070720519504      5.10371037469713        749.58022776546         28.859433808365         5.10371037469714        -0.0561715719762227     -0.0396980191872596     0.948301295065045       -0.0515094014344387     
-0.913373707968793      97.9228084070542        -0.350374811011737      5.10292703956915        749.539420216358        28.8586482361558        5.10292703956914        -0.0396980191872596     -0.0412226548009461     0.556548012334137       -0.498108742385036      
-0.90350639047899       97.9329813277005        -0.343811257413672      5.10211359703976        749.497793446052        28.8578468713653        5.10211359703975        -0.0412226548009461     -0.0559673421657361     -0.0515094014344387     -0.671529804713285      
-0.893640060630138      97.9466005981953        -0.338279939955315      5.10100906666495        749.439746550607        28.8567293625018        5.10100906666496        -0.0559673421657361     -0.0758480343632929     -0.498108742385036      -0.488790259083362      
-0.883769506180879      97.9646644686304        -0.334115510514359      5.0995119588779         749.357967007862        28.8551548833492        5.09951195887789        -0.0758480343632929     -0.0903218066940425     -0.671529804713285      -0.104216239930842      
-0.873900436416725      97.9861736616573        -0.330958570686552      5.09772873769333        749.26040005746         28.853276341161         5.09772873769333        -0.0903218066940425     -0.0934085617275353     -0.488790259083362      0.332965624665351       
-0.864023180105263      98.0083208488429        -0.328035238048531      5.09588401756077        749.15855370238         28.851315273357         5.09588401756076        -0.0934085617275353     -0.0835436311588833     -0.104216239930842      0.566364663340527       
-0.854148881389093      98.0283366615582        -0.324491913667859      5.09423367064652        749.068879948174        28.8495884805654        5.09423367064652        -0.0835436311588833     -0.0667591691858556     0.332965624665351       0.465260352437583       
-0.844266112121398      98.0446505444601        -0.319852393484417      5.09291453247006        748.999538383245        28.8482531414766        5.09291453247005        -0.0667591691858556     -0.0529678130950374     0.566364663340527       0.14271515533039        
-0.834386638615886      98.0583335248299        -0.314333586733932      5.09186769251868        748.950090685954        28.8473008690386        5.0918676925187         -0.0529678130950374     -0.0487367086412952     0.465260352437583       -0.221872142067982      
-0.824500955510629      98.0715937191149        -0.308570161986595      5.09090435900657        748.909655939044        28.8465221462185        5.09090435900657        -0.0487367086412952     -0.0553152291624139     0.14271515533039        -0.402831366733798      
-0.814619642195198      98.0872704928515        -0.303287719007413      5.08981091667632        748.868490212248        28.8457293240409        5.08981091667631        -0.0553152291624139     -0.0672605219378739     -0.221872142067982      -0.346821401809446      
-0.804733004799427      98.1048894879562        -0.298832883705373      5.08848118725056        748.807326805141        28.8445513207365        5.08848118725055        -0.0672605219378739     -0.0775451632136041     -0.402831366733798      -0.114242335668108      
-0.794847922756837      98.1227200832797        -0.29510752164844       5.086948117591          748.717779330823        28.8428265553311        5.086948117591          -0.0775451632136041     -0.0809327942400932     -0.346821401809446      0.163190072298362       
-0.784964678256324      98.1393571241947        -0.291646314871761      5.08534830553541        748.609220186787        28.8407354696402        5.0853483055354         -0.0809327942400932     -0.0760946142258813     -0.114242335668108      0.342741491731688       
-0.775081915396906      98.1562289810939        -0.287891510883458      5.08384442095743        748.516495631631        28.8389492725768        5.08384442095743        -0.0760946142258813     -0.0659344866298799     0.163190072298362       0.318397759597124       
-0.765203983410719      98.1741458381245        -0.283495489543956      5.08254150927511        748.461257039845        28.8378851328103        5.0825415092751         -0.0659344866298799     -0.0564952338249337     0.342741491731688       0.11911471964662        
-0.755321208046816      98.1942011263235        -0.278499623786203      5.08142483828689        748.449678868557        28.8376620810078        5.0814248382869         -0.0564952338249337     -0.0529626666808486     0.318397759597124       -0.12810469873553       
-0.7454331794245        98.2109503485312        -0.273297871761727      5.08037742240585        748.42304217555         28.8371489224027        5.08037742240586        -0.0529626666808486     -0.0567637311327366     0.11911471964662        -0.228337531993692      
-0.735539023232637      98.2241411460376        -0.268383388740952      5.0792542870515         748.358085011945        28.8358974777378        5.07925428705149        -0.0567637311327366     -0.0635417685621582     -0.12810469873553       -0.2238152629842        
-0.725643076372579      98.2409897413945        -0.263971117482316      5.07799659229547        748.301116695804        28.834799899038         5.07799659229547        -0.0635417685621582     -0.0701873447659138     -0.228337531993692      -0.0706954876162444     
-0.715742731870957      98.2602521855745        -0.26005303059969       5.07660708029688        748.243037935566        28.8336808829837        5.07660708029687        -0.0701873447659138     -0.0722865270164686     -0.2238152629842        0.11406689812881        
-0.705844993470844      98.2765380537952        -0.256322191505937      5.07517615741284        748.156114145545        28.83200602235          5.07517615741288        -0.0722865270164686     -0.0688997541205935     -0.0706954876162444     0.200025854753994       
-0.695950508167899      98.2889049553535        -0.252402760569375      5.07381248871028        748.049210196195        28.8299460475888        5.07381248871029        -0.0688997541205935     -0.0629605249154011     0.11406689812881        0.18211531469933        
-0.686053078740037      98.3006815695727        -0.248112222961921      5.07256610983533        747.955058855294        28.8281316860091        5.07256610983531        -0.0629605249154011     -0.057551454964864      0.200025854753994       0.0729277252618122      
-0.676150031422922      98.313761548077         -0.243474854375229      5.07142628091059        747.886491135142        28.8268102666625        5.07142628091059        -0.057551454964864      -0.0553848528905585     0.18211531469933        -0.04391157037341       
-0.666242778471116      98.3272802901237        -0.238716028408101      5.07032918142145        747.82751787723         28.8256737008527        5.07032918142143        -0.0553848528905585     -0.056689538917191      0.0729277252618122      -0.144307790428266      
-0.656343020029809      98.3415242933564        -0.234084941790649      5.06920635902208        747.770220455709        28.8245693897818        5.06920635902207        -0.056689538917191      -0.060977252206593      -0.04391157037341       -0.13085541751938       
-0.646436752933503      98.3570705536121        -0.229774701674217      5.06799847447403        747.710225279162        28.8234130386925        5.06799847447405        -0.060977252206593      -0.0648660126490799     -0.144307790428266      -0.0351371156320168     
-0.636531499538137      98.3734417159795        -0.225769673440571      5.06671315568572        747.645016968654        28.8221561566918        5.06671315568568        -0.0648660126490799     -0.0659105071930679     -0.13085541751938       0.0818580730023423      
-0.626618312036057      98.3900179194736        -0.221864784987364      5.065406777415          747.578195398927        28.8208681224584        5.06540677741497        -0.0659105071930679     -0.0634768311550313     -0.0351371156320168     0.143574093620338       
-0.616708968871463      98.4061775420197        -0.217824371108902      5.06414858958811        747.515257809264        28.8196549021143        5.0641485895881         -0.0634768311550313     -0.0592077268979941     0.0818580730023423      0.0972577358852869      
-0.606798415569067      98.4212662787826        -0.213528594023143      5.06297490077099        747.456601307361        28.8185241604416        5.06297490077102        -0.0592077268979941     -0.0563152466565861     0.143574093620338       0.0187948691108558      
-0.596882390847048      98.4355497669636        -0.209079295144063      5.06185814614644        747.400184187462        28.8174365462506        5.06185814614648        -0.0563152466565861     -0.0557561163757109     0.0972577358852869      -0.0516487101773268     
-0.586964166700438      98.4499256522372        -0.20463235412057       5.06075217883463        747.346013626           28.8163922027801        5.06075217883467        -0.0557561163757109     -0.0572928743013491     0.0187948691108558      -0.0846178766696118     
-0.577045034743726      98.4645973614429        -0.200331868004164      5.05961566477261        747.289528853226        28.8153032037806        5.05961566477258        -0.0572928743013491     -0.0598107753207184     -0.0516487101773268     -0.0306431135840958     
-0.56712768636447       98.479797290161         -0.196253263317314      5.05842917105124        747.229619057645        28.8141481270273        5.05842917105127        -0.0598107753207184     -0.0607226944603803     -0.0846178766696118     0.018178537818509       
-0.557206599817465      98.4954223922324        -0.192289301136537      5.05722436540627        747.17017500447         28.8130019841442        5.0572243654063         -0.0607226944603803     -0.0601816125282492     -0.0306431135840958     0.0741423869855828      
-0.547283901794891      98.5109336735794        -0.188342358986029      5.05603002164708        747.111357171153        28.8118678705524        5.05603002164704        -0.0601816125282492     -0.057974110002895      0.018178537818509       0.0662186649452438      
-0.537359066421943      98.5263866665441        -0.184298422670337      5.05487912346115        747.058462606162        28.810847930099         5.05487912346118        -0.057974110002895      -0.0560019179689287     0.0741423869855828      0.0507094253058598      
-0.527427567867332      98.5414904513131        -0.180164184505002      5.05376696700797        747.008593983866        28.8098863043741        5.05376696700793        -0.0560019179689287     -0.0544912871665584     0.0662186649452438      0.00651227193410842     
-0.517496887356228      98.5566673737172        -0.175979665218546      5.05268467335985        746.963644044909        28.8090194990101        5.05268467335985        -0.0544912871665584     -0.0542972745859333     0.0507094253058598      -0.0265336449453856     
-0.507566198294048      98.5716818327367        -0.171839320113937      5.05160628859542        746.917991735519        28.8081391225836        5.05160628859544        -0.0542972745859333     -0.0550876636342922     0.00651227193410842     -0.0279482393147783     
-0.497636750735105      98.5863074315396        -0.167819862250138      5.05051238546083        746.867050079759        28.8071567126365        5.05051238546086        -0.0550876636342922     -0.0559199995212796     -0.0265336449453856     -0.00811342936284764    
-0.487711340216916      98.5984342620684        -0.163920541266999      5.04940230261846        746.794741496195        28.8057621839064        5.04940230261849        -0.0559199995212796     -0.0561615792623911     -0.0279482393147783     0.0224055457057529      
-0.477789074768289      98.6099373728343        -0.160094643745939      5.04828761520158        746.716988362625        28.8042625773537        5.0482876152016         -0.0561615792623911     -0.0554945264525822     -0.00811342936284764    0.0567575622378061      
-0.467863287127451      98.6234099080199        -0.15627963104909       5.04718616347372        746.656064823532        28.803087504709         5.04718616347375        -0.0554945264525822     -0.0538046776048216     0.0224055457057529      0.0577967904409372      
-0.457941258796103      98.6407997075122        -0.152413210332625      5.04611819021836        746.629700552645        28.8025789846952        5.04611819021837        -0.0538046776048216     -0.0520834304215484     0.0567575622378061      0.0328459537055358      
-0.448012946622161      98.6614483476101        -0.148484866659884      5.0450839638765         746.632936367037        28.8026413982977        5.04508396387654        -0.0520834304215484     -0.051104779280668      0.0577967904409372      0.00464856619743927     
-0.438077381806267      98.6766435561507        -0.144545996784538      5.04406851135505        746.597625851678        28.8019603085098        5.04406851135505        -0.051104779280668      -0.0509662054161436     0.0328459537055358      -0.00217284381771233    
-0.428136801806362      98.6878907363028        -0.140657906538622      5.04305540082501        746.532750560611        28.8007089141263        5.04305540082497        -0.0509662054161436     -0.0510310018071999     0.00464856619743927     0.00530813555509446     
-0.418197357929515      98.7007199747201        -0.136836678039646      5.04204075474542        746.479578952882        28.7996832342318        5.04204075474545        -0.0510310018071999     -0.0508726684674153     -0.00217284381771233    0.0266143337469663      
-0.408250956168986      98.7135359799479        -0.133067818065211      5.04102897794338        746.426693085261        28.7986630300255        5.04102897794339        -0.0508726684674153     -0.0500785558813881     0.00530813555509446     0.0488902360954989      
-0.398306371230686      98.724762174785         -0.129322079929842      5.04003267231876        746.364040391724        28.797454370361         5.04003267231879        -0.0500785558813881     -0.0486193494807203     0.0266143337469663      0.0589423280308069      
-0.38835223219954       98.7359026318075        -0.125558452796159      5.03906509437434        746.304960770227        28.7963145938702        5.03906509437437        -0.0486193494807203     -0.0468600579742708     0.0488902360954989      0.0533997344822964      
-0.378402919533472      98.7470544321855        -0.121774610206133      5.03813265822863        746.251139758011        28.7952762283062        5.03813265822865        -0.0468600579742708     -0.0452665150558601     0.0589423280308069      0.0271428536838298      
-0.368459055978164      98.7583922989464        -0.117980987503722      5.03723230497105        746.203446112885        28.7943560463753        5.03723230497102        -0.0452665150558601     -0.044456639918525      0.0533997344822964      0.0140330309612054      
-0.358515995319835      98.7699326616945        -0.114213099911359      5.03634802146953        746.159632412106        28.7935106966079        5.03634802146952        -0.044456639918525      -0.0440378896200882     0.0271428536838298      0.0130659429777309      
-0.348564138688895      98.7819198037578        -0.110497404052733      5.03547180532323        746.120358071284        28.7927529090083        5.03547180532323        -0.0440378896200882     -0.0436479468659814     0.0140330309612054      0.0237990193373818      
-0.338617173451512      98.7940759011675        -0.106861033727523      5.0346033529504         746.083478675481        28.7920413130566        5.03460335295043        -0.0436479468659814     -0.0429376478342096     0.0130659429777309      0.0353834515665302      
-0.328669456617135      98.8066406730048        -0.103279896345754      5.033749051942          746.051750719968        28.79142910119          5.03374905194204        -0.0429376478342096     -0.0418815147856811     0.0237990193373818      0.0420361593073708      
-0.31871922357979       98.8194098104541        -0.0997156476469374     5.03291557298335        746.024619822087        28.7909055822627        5.03291557298331        -0.0418815147856811     -0.0406266251102689     0.0353834515665302      0.0401866187264301      
-0.308765648458231      98.8329215735432        -0.0961534310785382     5.03210695487785        746.006748031686        28.7905607222554        5.03210695487783        -0.0406266251102689     -0.0394267491171259     0.0420361593073708      0.0332295185161463      
-0.298815732791826      98.847907913175         -0.0926147245383015     5.03132213799304        746.003501066781        28.790498067298         5.03132213799302        -0.0394267491171259     -0.0384344512126306     0.0401866187264301      0.0293324162691343      
-0.288857747113621      98.8655417033469        -0.0891150276418603     5.0305569005709         746.023099566678        28.7908762470698        5.03055690057091        -0.0384344512126306     -0.0375583563656754     0.0332295185161463      0.0290001510617393      
-0.278903243941104      98.8874396040041        -0.0856679872876809     5.02980896898765        746.077395960666        28.7919239440636        5.02980896898768        -0.0375583563656754     -0.0366919713313141     0.0293324162691343      0.0338625562957882      
-0.268942530196548      98.9165215686406        -0.0822804504172524     5.02907810359331        746.188369056699        28.7940651496238        5.02907810359333        -0.0366919713313141     -0.0356800028771079     0.0290001510617393      0.0354690504347348      
-0.258980568925241      98.9564095052886        -0.078953774327561      5.02836710900003        746.383732171697        28.7978342583006        5.02836710900007        -0.0356800028771079     -0.0346194819422105     0.0338625562957882      0.0456191192365913      
-0.249011251404943      99.0124336249118        -0.0756594842795458     5.02767684641905        746.703780065359        28.8040078242471        5.0276768464191         -0.0346194819422105     -0.0332546593406953     0.0354690504347348      0.0518279396083289      
-0.239034729848554      99.0913669003275        -0.0723789429394423     5.02701334490526        747.200435659275        28.8135854465924        5.02701334490528        -0.0332546593406953     -0.0317028348227283     0.0456191192365913      0.0508087192060864      
-0.229052816796346      99.2031152113235        -0.069123264708631      5.02638027312515        747.948871996137        28.8280124569477        5.02638027312517        -0.0317028348227283     -0.0301798120973011     0.0518279396083289      0.0406435508854267      
-0.219055298733134      99.3598406066925        -0.0658929662276997     5.02577678552885        749.040570502443        28.8490433213698        5.02577678552889        -0.0301798120973011     -0.0289596000855338     0.0508087192060864      0.0434403105063927      
-0.209039447802177      99.5761262347425        -0.0626931721240127     5.02519665051179        750.58442403865         28.8787585151488        5.02519665051179        -0.0289596000855338     -0.0276527220372652     0.0406435508854267      0.0417312336466403      
-0.199003541456141      99.8708576564224        -0.059520482550836      5.0246414455166         752.722875869624        28.9198677549924        5.02464144551663        -0.0276527220372652     -0.0263937872443679     0.0434403105063927      0.0468547999474941      
-0.188935664918037      100.266871406517        -0.0563683485132623     5.02410982691321        755.62766092099         28.9756154362977        5.02410982691321        -0.0263937872443679     -0.0249749067247247     0.0417312336466403      0.0537547434217969      
-0.178823707707297      100.7886134753          -0.0532198244801581     5.02360456933006        759.483208786433        29.0494446071681        5.02360456933004        -0.0249749067247247     -0.0233388846352414     0.0468547999474941      0.0587753066784964      
-0.168654279833666      101.459552477282        -0.0500613173633531     5.02312973931324        764.46674307907         29.1445962797579        5.02312973931322        -0.0233388846352414     -0.0215387238432542     0.0537547434217969      0.0493279282305177      
-0.158415057749736      102.303404432926        -0.0468898724542584     5.02268847226402        770.757195177932        29.2642594905635        5.02268847226401        -0.0215387238432542     -0.0200157163564802     0.0587753066784964      0.045338809722854       
-0.148088631367757      103.340066576895        -0.0437174603357105     5.02227473077037        778.5033075679          29.4109448177961        5.02227473077039        -0.0200157163564802     -0.0186013696566932     0.0493279282305177      0.0441608711660229      
-0.137639043869118      104.573482456788        -0.0405351333544459     5.0218857346204         787.734119653981        29.5847956381123        5.02188573462043        -0.0186013696566932     -0.0172067404513852     0.045338809722854       0.0446413149293292      
-0.127040182088834      105.993236034383        -0.0373277300907107     5.02152107823808        798.370903345975        29.783867806172         5.02152107823806        -0.0172067404513852     -0.0157775094433341     0.0441608711660229      0.0444144969811398      
-0.116302198454606      107.586490319814        -0.0341001780622238     5.02118199343342        810.317021895823        30.0058702015275        5.02118199343339        -0.0157775094433341     -0.0143343538588496     0.0446413149293292      0.0485605543576963      
-0.105393715607061      109.323052394204        -0.030845826599362      5.0208691537255         823.34511233576         30.2461221083842        5.02086915372553        -0.0143343538588496     -0.0127314197851181     0.0444144969811398      0.0466786918146439      
-0.0942997204590312     111.153874141997        -0.0275514737220806     5.02058669774736        837.086492880593        30.497476997297         5.02058669774734        -0.0127314197851181     -0.0111656213606871     0.0485605543576963      0.0432660992598242      
-0.0830247121868475     113.016972442701        -0.0242154905249764     5.02033499180758        851.07459213337         30.7512347021017        5.02033499180757        -0.0111656213606871     -0.00969127095710241    0.0466786918146439      0.0417142669392621      
-0.0715828425588109     114.842712184652        -0.0208396648058322     5.02011314077876        864.785112841266        30.997941021968         5.02011314077878        -0.00969127095710241    -0.00824780804373117    0.0432660992598242      0.0410197990166666      
-0.0599579091281877     116.552299826724        -0.017429950411467      5.01992141932929        877.625079558391        31.2272153303349        5.01992141932927        -0.00824780804373117    -0.00680766178896197    0.0417142669392621      0.0391812962910393      
-0.0481593663849529     118.054205812529        -0.0139925577738461     5.01976092759398        888.905834513806        31.427267610465         5.01976092759394        -0.00680766178896197    -0.00541462436865381    0.0410197990166666      0.038290974294991       
-0.0362310595939819     119.227245396128        -0.0105282419441713     5.01963183268994        897.715314471511        31.5826132630582        5.01963183268992        -0.00541462436865381    -0.00403975610842687    0.0391812962910393      0.0464735164242356      
-0.0242024265262702     119.971722965244        -0.00703614933118608    5.01953470733711        903.303340984616        31.6807572332449        5.0195347073371         -0.00403975610842687    -0.00235971410456636    0.038290974294991       0.0451104273326839      
-0.0121032387815489     120.281794222264        -0.00351866331345555    5.01947766819851        905.627669984255        31.721490612031         5.0194776681985         -0.00235971410456636    -0.000722691702443519   0.0464735164242356      0.0437348025814915      
1.38622228547858e-05    120.330918199908        2.53296403712725e-06    5.01946016076541        905.994375019143        31.7279122648802        5.01946016076538        -0.000722691702443519   0.000866364777737373    0.0451104273326839      0.042174955281502       
0.012131099652963       120.281688590174        0.00352520520124992     5.01948114911742        905.627502693584        31.7214876821792        5.0194811491174         0.000866364777737373    0.00239692349876385     0.0437348025814915      0.0413226722767286      
0.0242310595810109      119.97158226106         0.00704325800984967     5.01953909122545        903.303070493343        31.6807524898942        5.01953909122544        0.00239692349876385     0.00389085030492891     0.042174955281502       0.038831337673955       
0.0362609672458149      119.227115617161        0.0105333368215314      5.01963264328393        897.714482274735        31.5825986242554        5.01963264328391        0.00389085030492891     0.00528518536862716     0.0413226722767286      0.043755086151135       
0.0481894252256125      118.054061021951        0.0139972993014094      5.01975865550349        888.904341948412        31.4272412256277        5.01975865550347        0.00528518536862716     0.00684086743134751     0.038831337673955       0.0407575695253822      
0.0599876725204311      116.552161455085        0.0174439300246495      5.01991992984903        877.62377723304         31.2271921609826        5.01991992984907        0.00684086743134751     0.00827176255105706     0.043755086151135       0.0394063761289023      
0.0716129818769972      114.842620538944        0.0208595643999691      5.02011219966253        864.784260613149        30.9979257480444        5.02011219966258        0.00827176255105706     0.00963532790043637     0.0407575695253822      0.0463979899404704      
0.0830523491382237      113.016964403378        0.0242257817221273      5.02033276079247        851.074153379393        30.7512267755178        5.0203327607925         0.00963532790043637     0.0112164268523984      0.0394063761289023      0.0507638539668654      
0.0943300642612536      111.153753183896        0.0275547075815452      5.02058563004768        837.085403941402        30.4974571606917        5.02058563004764        0.0112164268523984      0.0129192371969665      0.0463979899404704      0.0438329415274778      
0.105424359469313       109.322972463591        0.0308532880872271      5.02087224610337        823.345017455949        30.2461203656482        5.02087224610344        0.0129192371969665      0.0143660044797701      0.0507638539668654      0.0436962211289472      
0.116328484077148       107.586467135427        0.0341206638352554      5.02118571788895        810.3174483278          30.00587809687          5.02118571788902        0.0143660044797701      0.0157856305916287      0.0438329415274778      0.0470230080984125      
0.127066714793125       105.993248252706        0.0373530812481798      5.02152494040137        798.371609422674        29.7838809765483        5.02152494040131        0.0157856305916287      0.0172909266656328      0.0436962211289472      0.0402861083441606      
0.137664774467626       104.573431413348        0.0405576307259061      5.02189134771591        787.73461562348         29.5848049516317        5.02189134771589        0.0172909266656328      0.018563149535115       0.0470230080984125      0.04280517093703        
0.14811187933163        103.340052150958        0.0437482978218527      5.02227953187516        778.503943111004        29.4109568228313        5.02227953187522        0.018563149535115       0.0198984211683114      0.0402861083441606      0.0527701973721316      
0.158442702351878       102.303400440836        0.0469298234522151      5.02269086376632        770.757532089618        29.2642658865271        5.02269086376629        0.0198984211683114      0.0215276729722692      0.04280517093703        0.0586795910542318      
0.168677120092297       101.459573808782        0.0500897245713232      5.0231318690121         764.467227922915        29.1446055218708        5.02313186901212        0.0215276729722692      0.0233247423867988      0.0527701973721316      0.0512251070538652      
0.178848470989432       100.788629200284        0.0532367154187945      5.02360635253426        759.48359687065         29.0494520290764        5.02360635253429        0.0233247423867988      0.0248835237122684      0.0586795910542318      0.0515283484489856      
0.188956347181536       100.266895802321        0.0563847682620829      5.02410967508707        755.627821937081        28.9756185234928        5.02410967508713        0.0248835237122684      0.0264436802755477      0.0512251070538652      0.0449295740716021      
0.199023526714773       99.8709249931808        0.0595425628944925      5.02464219850679        752.723496186964        28.9198796713911        5.02464219850676        0.0264436802755477      0.0277988901850814      0.0515283484489856      0.0430219456741861      
0.209057335794836       99.5762438554088        0.0627149134696003      5.02520027383666        750.585851834739        28.8787859823847        5.0252002738366         0.0277988901850814      0.0290931114406887      0.0449295740716021      0.0392784356204237      
0.219073445287507       99.3599017741478        0.0659121661927429      5.02578307639042        749.04196921249         28.8490702567785        5.02578307639047        0.0290931114406887      0.0302723945177127      0.0430219456741861      0.0483100436109201      
0.229072059675735       99.2031264328318        0.0691440696682805      5.02638848547294        747.950178637353        28.8280376377148        5.02638848547288        0.0302723945177127      0.0317206157978511      0.0392784356204237      0.048381873985756       
0.239056157490269       99.0913974469915        0.0724009058192028      5.0270219551117         747.201945793089        28.8136145635105        5.02702195511165        0.0317206157978511      0.0331692384162293      0.0483100436109201      0.0474966202632163      
0.249029911225514       99.0123927560624        0.075674732473907       5.02768368395497        746.704487353493        28.8040214660209        5.02768368395503        0.0331692384162293      0.0345901934405993      0.048381873985756       0.0397662079470949      
0.258998458911765       98.9564428549113        0.0789618333366438      5.02837334480595        746.384909322675        28.7978569673871        5.02837334480592        0.0345901934405993      0.0357791846905935      0.0474966202632163      0.0331678607152709      
0.268963700816696       98.9164269041321        0.0822851421690804      5.02908636625925        746.188880913975        28.7940750254472        5.02908636625925        0.0357791846905935      0.0367704303973347      0.0397662079470949      0.0238801417415286      
0.278921444118577       98.8873570449669        0.0856691819831748      5.029818790377          746.078229893241        28.7919400352336        5.02981879037693        0.0367704303973347      0.0374838487426443      0.0331678607152709      0.02593905073479        
0.288878384615358       98.8655318001819        0.0891203267560061      5.03056522388043        746.02425917166         28.790898623073         5.03056522388035        0.0374838487426443      0.0382585663009381      0.0238801417415286      0.0323214468768822      
0.29883370063962        98.8478905739978        0.09261577911019        5.03132693285182        746.004081150817        28.7905092608816        5.03132693285181        0.0382585663009381      0.0392236733001485      0.02593905073479        0.0386336313301678      
0.308785130482923       98.832934282218         0.096144373383526       5.03210762197434        746.006942855457        28.7905644816619        5.03210762197436        0.0392236733001485      0.0403770362865529      0.0323214468768822      0.0469355390433642      
0.318733992556537       98.819518214702         0.0996987519026782      5.03291114462662        746.024781794111        28.7909087077098        5.03291114462657        0.0403770362865529      0.0417780133741093      0.0386336313301678      0.0424776780257261      
0.328685810906322       98.8067489447005        0.103264332822357       5.03374247759924        746.051593854635        28.7914260743375        5.0337424775992         0.0417780133741093      0.0430458117566488      0.0469355390433642      0.0217530362043343      
0.338630942776012       98.7941941339454        0.10684676439252        5.03459891215792        746.08371347142         28.7920458435508        5.03459891215786        0.0430458117566488      0.0436950811747758      0.0424776780257261      0.0123303015846658      
0.348580632462535       98.7820787944911        0.110487970707321       5.03546839296822        746.121053342034        28.7927663242395        5.03546839296815        0.0436950811747758      0.0440631144571208      0.0217530362043343      0.0143233927573211      
0.358533772896649       98.7700188043642        0.114194518504839       5.03634526933636        746.159875436435        28.7935153856334        5.03634526933635        0.0440631144571208      0.0444906017324774      0.0123303015846658      0.0234871742221483      
0.368478727855267       98.7584890350947        0.117956211404454       5.03723036435294        746.203889557793        28.7943646021577        5.03723036435288        0.0444906017324774      0.0451915307476517      0.0143233927573211      0.0514067391709118      
0.378423631906116       98.7471332809451        0.121755159764383       5.038129404963          746.251253757794        28.7952784277368        5.03812940496306        0.0451915307476517      0.0467257933305118      0.0234871742221483      0.063094077715794       
0.388376882011279       98.7360467602267        0.125548137980563       5.03905927740585        746.305188662248        28.7963189904977        5.0390592774058         0.0467257933305118      0.0486091225170128      0.0514067391709118      0.0536550813813595      
0.398326725689049       98.7248649598509        0.129311313301627       5.04002662143836        746.363921393333        28.7974520746644        5.04002662143839        0.0486091225170128      0.0502104290687155      0.063094077715794       0.0157011364555458      
0.40827471375409        98.7136832955443        0.13305619161994        5.04102545278695        746.427285046784        28.7986744495642        5.04102545278691        0.0502104290687155      0.0506788575629918      0.0536550813813595      0.0104202602927542      
0.41821470605914        98.7008659671958        0.13683117400497        5.04203320868054        746.479565898192        28.7996829824024        5.0420332086806         0.0506788575629918      0.0509896559366884      0.0157011364555458      0.00113030126302096     
0.42815700217678        98.6880708645153        0.140652385947234       5.04304700357776        746.532870093245        28.8007112198687        5.04304700357775        0.0509896559366884      0.051023363821124       0.0104202602927542      0.00374213430920077     
0.438097145541374       98.6767937616131        0.14453413899205        5.04406139352903        746.597708775268        28.8019619080072        5.04406139352904        0.051023363821124       0.0511349225990976      0.00113030126302096     0.0323977090910654      
0.448036345349722       98.6615562043872        0.148465045482636       5.045077460699          746.632790166363        28.8026385783271        5.04507746069902        0.0511349225990976      0.052100189165522       0.00374213430920077     0.0558222704038134      
0.457958438252209       98.6409037873066        0.152376799701648       5.046111889795          746.629556131879        28.8025761990501        5.04611188979505        0.052100189165522       0.0537624987019598      0.0323977090910654      0.0555629054320016      
0.467884278750963       98.6235571878215        0.156245994551706       5.04717896583457        746.656115061234        28.8030884736966        5.04717896583456        0.0537624987019598      0.0554166109159818      0.0558222704038134      0.0325595335496842      
0.477806429158103       98.6100259804436        0.160069272979557       5.04827877024749        746.716351035941        28.80425028506          5.04827877024755        0.0554166109159818      0.0563858339525464      0.0555629054320016      -0.00600607690542227    
0.487728517117514       98.5985088772914        0.163895201920063       5.04939767513301        746.794622244865        28.8057598839936        5.04939767513304        0.0563858339525464      0.0562070210325079      0.0325595335496842      -0.0350395209889617     
0.497649637338142       98.5863282164374        0.167791551244586       5.05051337778669        746.86735428598         28.8071625793536        5.05051337778672        0.0562070210325079      0.0551634494379189      -0.00600607690542227    -0.0328047734638661     
0.507585070041561       98.5717329530918        0.171823800337511       5.05160898442984        746.918777694986        28.8081542795513        5.05160898442991        0.0551634494379189      0.0541861634591609      -0.0350395209889617     0.0041728935643594      
0.517515279249567       98.5567565053483        0.175975796254796       5.05268526751715        746.964407413273        28.8090342198661        5.05268526751707        0.0541861634591609      0.0543104827531681      -0.0328047734638661     0.0556015783720487      
0.527444812562519       98.5416598735233        0.180172830421741       5.05376383496106        747.009415358768        28.8099021433559        5.05376383496101        0.0543104827531681      0.0559666697927957      0.0041728935643594      0.0764391751864586      
0.53737410998573        98.5265678708192        0.184314842656512       5.05487515504002        747.059250062353        28.8108631145027        5.05487515504009        0.0559666697927957      0.0582431248510033      0.0556015783720487      0.0667495157194369      
0.547299621504931       98.5110914922505        0.188351546191562       5.05603138858768        747.112756063278        28.8118948442263        5.05603138858764        0.0582431248510033      0.0602305579191585      0.0764391751864586      0.0105771880229954      
0.557222993127543       98.495511336448         0.192294152081405       5.05722678987457        747.171207919619        28.8130219002068        5.05722678987464        0.0602305579191585      0.0605453803183925      0.0667495157194369      -0.0379226894915132     
0.567144917806145       98.4800045753287        0.196257818518044       5.05842800051391        747.231018951872        28.8141751178878        5.05842800051394        0.0605453803183925      0.0594170118284562      0.0105771880229954      -0.0767941903190292     
0.577057376200292       98.4648598417248        0.200348465038599       5.05960634648285        747.290144641102        28.8153150760938        5.0596063464828         0.0594170118284562      0.0571325707387936      -0.0379226894915132     -0.0428163017486458     
0.586974123749444       98.4502817668942        0.20465360655938        5.06073930738312        747.346816140998        28.8164076745832        5.06073930738308        0.0571325707387936      0.0558589327114896      -0.0767941903190292     0.0216494826239418      
0.596888941184104       98.4358905275075        0.20909047960846        5.06184709977777        747.401140471058        28.8174549819117        5.06184709977769        0.0558589327114896      0.0565029398494948      -0.0428163017486458     0.102853738330201       
0.606806488627516       98.4213962997873        0.213532031244425       5.06296762181139        747.456514138935        28.8185224800327        5.0629676218113         0.0565029398494948      0.0595619562049369      0.0216494826239418      0.128317950134784       
0.616719009325937       98.4063797661834        0.217806871376533       5.06414845181523        747.516773612488        28.8196841221892        5.06414845181515        0.0595619562049369      0.0633775326636747      0.102853738330201       0.0657842554470309      
0.62662689804201        98.3902038497884        0.221849722280265       5.06540461320185        747.579288711883        28.820889197322         5.06540461320189        0.0633775326636747      0.0653332647932464      0.128317950134784       -0.0153939820179941     
0.636539189689722       98.3736753588275        0.225787328847752       5.06669947158267        747.644773437325        28.8221514625533        5.06669947158265        0.0653332647932464      0.0648756763284227      0.0657842554470309      -0.114340526735755      
0.646445281122256       98.3573984475084        0.229787652029456       5.06798498715952        747.71072806206         28.8234227295568        5.06798498715943        0.0648756763284227      0.061477484618133       -0.0153939820179941     -0.139234713906195      
0.656350931473901       98.3418428624592        0.234062090609031       5.0692029011303         747.772132711317        28.8246062459628        5.06920290113025        0.061477484618133       0.0573401551528775      -0.114340526735755      -0.0639887701403098     
0.666255003305992       98.3273370658403        0.238648617908531       5.07033874728798        747.829360563864        28.8257092148247        5.07033874728795        0.0573401551528775      0.0554388512826862      -0.139234713906195      0.0642829699599549      
0.676159035739132       98.3138210668675        0.243396927131536       5.07143689255742        747.888508810202        28.8268491516387        5.07143689255744        0.0554388512826862      0.0573486493648902      -0.0639887701403098     0.176698090283723       
0.686063350106558       98.3008583813578        0.248055108166257       5.07257269324269        747.957374921389        28.8281763195776        5.07257269324262        0.0573486493648902      0.0625969502965726      0.0642829699599549      0.209396005165941       
0.695961061554342       98.2890598886099        0.252384356140772       5.07381198185986        748.050314622855        28.8299673299783        5.0738119818599         0.0625969502965726      0.0688148954741035      0.176698090283723       0.0976813613375042      
0.705857138828974       98.2767957952882        0.256323320264224       5.07517408027243        748.15777006871         28.8320379298352        5.07517408027248        0.0688148954741035      0.0717152868131718      0.209396005165941       -0.0441756930325595     
0.715754586107529       98.260559209507         0.260101771841349       5.07659371864414        748.243406510165        28.8336879845273        5.0765937186442         0.0717152868131718      0.0704035657216363      0.0976813613375042      -0.212252456438852      
0.725654569978605       98.2412168529863        0.264008294449546       5.07798746387219        748.30150142252         28.8348073115062        5.07798746387222        0.0704035657216363      0.0641013082277502      -0.0441756930325595     -0.247487312370458      
0.735550184479535       98.2241941464668        0.2683760495023         5.07925625668066        748.358779013786        28.8359108484501        5.0792562566806         0.0641013082277502      0.0567542893547486      -0.212252456438852      -0.12949312072168       
0.745446082804555       98.2110537422549        0.273282459300639       5.08037934729952        748.424113663012        28.8371695648942        5.08037934729961        0.0567542893547486      0.0529119898356208      -0.247487312370458      0.114959497957135       
0.755335966401885       98.1942443954134        0.278488932447564       5.0814257393805         748.450141394809        28.8376709915426        5.08142573938044        0.0529119898356208      0.0563215081620541      -0.12949312072168       0.313044665600595       
0.765212473615985       98.1742927976846        0.283498062945885       5.08253896439949        748.462002669895        28.8378994972067        5.08253896439942        0.0563215081620541      0.0656019984199103      0.114959497957135       0.34981255683714        
0.775100655467635       98.1564104498944        0.287922700002499       5.08383543719043        748.516556748873        28.8389504499436        5.08383543719049        0.0656019984199103      0.0759710337211951      0.313044665600595       0.182633691649339       
0.784973189943356       98.13953208691          0.291669802356836       5.08533657507681        748.608827973732        28.8407279144872        5.08533657507682        0.0759710337211951      0.0813847742902108      0.34981255683714        -0.112878784830446      
0.794858629693801       98.1227823583019        0.295110588683747       5.08694492204996        748.717784182466        28.842826648781         5.08694492204997        0.0813847742902108      0.0780381606280354      0.182633691649339       -0.367555055830375      
0.80473973334775        98.104831625103         0.298814918369213       5.08848764801105        748.80783590181         28.8445611261043        5.08848764801101        0.0780381606280354      0.0671386026892563      -0.112878784830446      -0.411830300440008      
0.814629818819871       98.0871476619144        0.303292104474933       5.08981504175338        748.868159358445        28.8457229519472        5.0898150417533         0.0671386026892563      0.0549261492481287      -0.367555055830375      -0.206136163184639      
0.824510437830375       98.0716639973722        0.308609121672745       5.09090084917036        748.909676285658        28.8465225380742        5.09090084917039        0.0549261492481287      0.0488138213033009      -0.411830300440008      0.173665690271634       
0.834396108353988       98.058311721669         0.314371934593533       5.09186572967499        748.949635448031        28.8472921018407        5.09186572967496        0.0488138213033009      0.0539624250768928      -0.206136163184639      0.465837311626867       
0.844277234574043       98.0443348333717        0.319822587136708       5.09293221567326        748.999727155702        28.8482567768295        5.09293221567328        0.0539624250768928      0.0677713315233768      0.173665690271634       0.54100524935924        
0.85415629716743        98.0277780884395        0.324381023196041       5.09427136342748        749.070154104541        28.8496130169413        5.09427136342753        0.0677713315233768      0.083805512822209       0.465837311626867       0.31453656147586        
0.864036639788245       98.0077285162723        0.327898547830366       5.09592716434664        749.160369092974        28.8513502301592        5.09592716434671        0.083805512822209       0.093125425280356       0.54100524935924        -0.11853481964396       
0.873912214117998       97.9857324137224        0.330833785855527       5.09776647667066        749.262572836044        28.8533181769069        5.09776647667071        0.093125425280356       0.0896146354924842      0.31453656147586        -0.506995299193404      
0.883782552084844       97.9642525321952        0.33404734217616        5.0995354925747         749.358274187221        28.85516079755          5.09953549257479        0.0896146354924842      0.0746040026381418      -0.11853481964396       -0.674361986313348      
0.893646815118367       97.9465895537712        0.338295520893132       5.10100773462343        749.439466340659        28.8567239678431        5.10100773462338        0.0746040026381418      0.0546418089229861      -0.506995299193404      -0.479547858747877      
0.903516129641276       97.9332442707446        0.343915042102229       5.10208605244114        749.495759496116        28.857807714842         5.1020860524411         0.0546418089229861      0.0404462342827942      -0.674361986313348      -0.00453306925909237    
0.913381836386891       97.9232961093387        0.35052829541034        5.1028842673272         749.536870681751        28.8585991552249        5.10288426732718        0.0404462342827942      0.0403120434099773      -0.479547858747877      0.615053647694627       
0.923251526335171       97.9133729944795        0.357192927650503       5.10367983121199        749.577760436792        28.8593863112697        5.10367983121194        0.0403120434099773      0.0585188326228176      -0.00453306925909237    0.960003279429445       
0.933116722886908       97.8993332134768        0.362656972948804       5.10483465676093        749.639863592914        28.8605817988811        5.10483465676084        0.0585188326228176      0.0869322248326981      0.615053647694627       0.766611122099489       
0.942985149275574       97.8787800954338        0.366241068200535       5.10654980688447        749.734298391636        28.8623995766818        5.10654980688451        0.0869322248326981      0.109615522237543       0.960003279429445       0.00678129486910903     
0.952842578338174       97.8532792368134        0.368328082299451       5.10871167072996        749.856284484459        28.864747520586         5.10871167072991        0.109615522237543       0.109816131183445       0.766611122099489       -0.701738468734773      
0.962703777621317       97.827907823416         0.370444306085286       5.1108772187629         749.9796381809          28.8671215934303        5.11087721876296        0.109816131183445       0.0890598816505018      0.00678129486910903     -1.08720250713046       
0.972563475128008       97.8071517317887        0.37398211658282        5.11263339166547        750.078164831451        28.869017703172         5.11263339166544        0.0890598816505018      0.0569074033439581      -0.701738468734773      -1.06357890932483       
0.98242090544896        97.7941157821464        0.379685767878976       5.11375521521482        750.142754397409        28.8702606384226        5.11375521521486        0.0569074033439581      0.0254629532706844      -1.08720250713046       -0.41160905388921       
0.992272625200931       97.788661442791         0.387493992063719       5.11425699304235        750.174518436067        28.8708718729924        5.11425699304232        0.0254629532706844      0.0132978922546867      -1.06357890932483       0.553792191277438       
1.00212413791681        97.7870853305702        0.396125121763412       5.11451896573081        750.200853790107        28.8713786337132        5.11451896573087        0.0132978922546867      0.029660602420377       -0.41160905388921       1.23441735612014        
1.01197002608719        97.7839619950437        0.40367113905291        5.1151031326247         750.262575481953        28.8725662847769        5.1151031326247         0.029660602420377       0.0661336015197344      0.553792191277438       1.39260742194428        
1.02181682665504        97.7723262894953        0.408791556590676       5.11640583441058        750.364351007203        28.8745245464887        5.11640583441058        0.0661336015197344      0.107289091804079       1.23441735612014        0.712766745854264       
1.03167340095188        97.7475886353038        0.411178865790497       5.1185201253478         750.48449945103         28.876836150394         5.11852012534785        0.107289091804079       0.128354521207507       1.39260742194428        -0.516954434192783      
1.04152642288967        97.7168929241855        0.412161677406608       5.12104906404894        750.619504576756        28.8794333696482        5.12104906404897        0.128354521207507       0.113080672749098       0.712766745854264       -1.46189039570959       
1.05136933055802        97.6880461214311        0.414160431247385       5.12327573931868        750.724195073058        28.881447237381         5.12327573931876        0.113080672749098       0.0699101052134229      -0.516954434192783      -1.82147892998727       
1.06121255947852        97.6676475146544        0.419037815250149       5.12465175762103        750.769022248028        28.8823095076867        5.12465175762108        0.0699101052134229      0.0161356312002173      -1.46189039570959       -1.27616916254414       
1.07104855604724        97.6623130465035        0.427484820488959       5.1249692964536         750.774533675954        28.882415520635         5.12496929645351        0.0161356312002173      -0.021537824514256      -1.82147892998727       -0.550913904012608      
1.08089204620755        97.6673015269475        0.438439081071476       5.12454540782769        750.750782302262        28.881958657463         5.12454540782775        -0.021537824514256      -0.0378025051522304     -1.27616916254414       0.846255325173231       
1.09073132017899        97.6769092014748        0.450455962620595       5.12380132802428        750.715615625736        28.8812822050264        5.12380132802423        -0.0378025051522304     -0.0128124777893552     -0.550913904012608      2.42770898686196        
1.10057597486596        97.6799370481089        0.460796033152825       5.12354906641509        750.701925405484        28.8810188610191        5.12354906641501        -0.0128124777893552     0.0588907161653956      0.846255325173231       2.1965495963612         
1.11042488171044        97.6661135028124        0.466343307801129       5.12470882301429        750.765590366067        28.882243494847         5.12470882301431        0.0588907161653956      0.123775423691572       2.42770898686196        0.712375581343486       
1.12026915117096        97.6370796881846        0.467539680483477       5.12714628250759        750.89938523726         28.8848169504953        5.12714628250751        0.123775423691572       0.144815639451311       2.1965495963612         -1.33141930473414       
1.13011689869352        97.603592245317         0.467308172166368       5.12999751371885        751.059278322756        28.8878920873003        5.12999751371879        0.144815639451311       0.105501644314679       0.712375581343486       -2.92287346727585       
1.13995452770803        97.5796077861824        0.469646656541772       5.13207398397597        751.178649729069        28.8901876792694        5.13207398397594        0.105501644314679       0.0192149765954721      -1.33141930473414       -3.21248761290497       
1.14979527370075        97.5751942126448        0.477682176996793       5.13245210569435        751.200016500336        28.8905985573226        5.13245210569439        0.0192149765954721      -0.0756025270220582     -2.92287346727585       -1.72868037216777       
1.15963313204075        97.5924874141872        0.491979165990039       5.13096454262134        751.115388822621        28.8889711524546        5.13096454262133        -0.0756025270220582     -0.126627832591542      -3.21248761290497       0.252887041439836       
1.16946887442382        97.6211467186824        0.509634089856994       5.12847280959992        750.971094883091        28.8861961436233        5.12847280959992        -0.126627832591542      -0.119162199694258      -1.72868037216777       2.62947857852361        
1.17931474999933        97.648282882919         0.526767039121064       5.12612712424818        750.836267283585        28.8836029470699        5.12612712424815        -0.119162199694258      -0.0415174282219851     0.252887041439836       3.92431633273967        
1.18915687800281        97.65830094832          0.538677489560452       5.12530973858196        750.793561355689        28.8827815172464        5.12530973858203        -0.0415174282219851     0.0743751684513648      2.62947857852361        3.25947630132171        
1.19900229067365        97.6422089294464        0.542805230304879       5.12677403082828        750.884311578293        28.8845270301187        5.12677403082828        0.0743751684513648      0.170619556955252       3.92431633273967        0.771785936930485       
1.20884517409616        97.6047307759097        0.54044502551491        5.13013247063733        751.087797961963        28.8884405556187        5.13013247063728        0.170619556955252       0.19340443420088        3.25947630132171        -3.77573632763022       
1.21868157786247        97.5625225073438        0.536484531346084       5.13393830779072        751.31995755772         28.8929048875656        5.13393830779077        0.19340443420088        0.0819605501906262      0.771785936930485       -6.36779120349516       
1.22852214230257        97.5452901496684        0.539844927072998       5.13555097651943        751.423215124501        28.8948902657835        5.13555097651939        0.0819605501906262      -0.105969613912018      -3.77573632763022       -4.6005693804703        
1.23835692549244        97.5701216246169        0.555577940500386       5.13346611656554        751.309370023724        28.8927013087259        5.13346611656549        -0.105969613912018      -0.241758919431953      -6.36779120349516       -1.64696148928371       
1.24819505455454        97.6254700329765        0.580233198764125       5.12870876351203        751.038905550161        28.8875002870361        5.12870876351203        -0.241758919431953      -0.290391569492385      -4.6005693804703        3.56366501701277        
1.25804018727231        97.6918133559199        0.608027505864431       5.12299029867439        750.71131812343         28.8811995388663        5.12299029867437        -0.290391569492385      -0.185089609202039      -1.64696148928371       8.85417141292753        
1.26789630278408        97.7348646835318        0.628701732717741       5.11934270979863        750.50740051619         28.8772767359503        5.11934270979865        -0.185089609202039      0.0766497539785289      3.56366501701277        8.61336005612245        
1.27775324102808        97.7198549889239        0.631761853426946       5.12085351566714        750.613594455771        28.8793196760391        5.12085351566706        0.0766497539785289      0.331223784544005       8.85417141292753        10.7589811949811        
1.28760427231892        97.6488223886249        0.617697063659777       5.12737835590743        751.023687592926        28.8872076184622        5.12737835590744        0.331223784544005       0.648933539086341       8.61336005612245        9.92430059308803        
1.29744365134915        97.5078494014042        0.582362130978418       5.14014660356465        751.806961382283        28.9022675270045        5.14014660356473        0.648933539086341       0.94152842976424        10.7589811949811        10.6154215528427        
1.30726534219801        97.3027238443139        0.527660199936949       5.1586358360727         752.923977256145        28.9237306886797        5.15863583607268        0.94152842976424        1.25377635801409        9.92430059308803        10.8682666597532        
1.31705751342847        97.0320606931547        0.452529634035217       5.18318982062423        754.403383888427        28.9521326001774        5.18318982062431        1.25377635801409        1.57258100195598        10.6154215528427        3.39919604614392        
1.32681952535208        96.6973079271308        0.356924748242873       5.21389698176204        756.254702918673        28.9876353510073        5.21389698176206        1.57258100195598        1.67199608552984        10.8682666597532        -7.36791070592438       
1.33655653147619        96.341452126961         0.255470226999161       5.24645000060707        758.175917354972        29.0244325689576        5.24645000060707        1.67199608552984        1.45718574940123        3.39919604614392        -10.5674553301514       
1.34625961622542        96.0317201532665        0.168347735544341       5.27472718786623        759.811687784994        29.0557259184828        5.27472718786615        1.45718574940123        1.15009027727056        -7.36791070592438       -9.04747555934749       
1.35592712382659        95.7883934895702        0.101223243352768       5.29697044970748        761.082434608809        29.0800128879845        5.29697044970748        1.15009027727056        0.887920985562105       -10.5674553301514       -10.2804857164443       
1.36556992098532        95.6010141096893        0.0507808824816605      5.31410001652158        762.05002598967         29.0984922478749        5.31410001652149        0.887920985562105       0.590624217052715       -9.04747555934749       -9.79795867566          
1.37520035767553        95.478546722647         0.0189901231899588      5.32547744728406        762.703270906371        29.1109614884987        5.32547744728414        0.590624217052715       0.30764818537296        -10.2804857164443       -4.9069756725369        
1.38482348788091        95.4150084188826        0.00475348824343857     5.33139798409211        763.043075304844        29.1174456164617        5.33139798409209        0.30764818537296        0.16605340560628        -9.79795867566          -2.30721036061316       
1.39443579926066        95.3792987161162        -0.00085480023980628    5.33459103018488        763.214327094476        29.1207128860861        5.33459103018495        0.16605340560628        0.09950721816613        -4.9069756725369        -1.0578375463527        
1.40404610840179        95.357021834065         -0.00271830098428922    5.33650405486701        763.309700516295        29.1225323325866        5.33650405486702        0.09950721816613        0.0690011468031857      -2.30721036061316       -0.56914903776642       
1.41366314683915        95.3407212397593        -0.00298573071145058    5.33783072843606        763.368947257266        29.1236625302303        5.33783072843613        0.0690011468031857      0.0525921690633894      -1.0578375463527        -0.326232969596503      
1.42327242806159        95.3271099424174        -0.00266315506301015    5.33884139468969        763.40448089507         29.1243403529509        5.33884139468965        0.0525921690633894      0.0431924154540458      -0.56914903776642       -0.254637891632052      
1.43287092379549        95.3135473538817        -0.00215995818084709    5.33967068256759        763.41443168556         29.1245301666551        5.33967068256758        0.0431924154540458      0.0358609660304752      -0.326232969596503      -0.184311984437074      
1.44246435018274        95.3006822464249        -0.00168511667825878    5.34035877484726        763.409752025438        29.1244409011751        5.34035877484729        0.0358609660304752      0.0305578896143858      -0.254637891632052      -0.201912173393966      
1.45205455904881        95.2739299537501        -0.00125768416115877    5.34094476274966        763.279195819589        29.1219504043788        5.34094476274972        0.0305578896143858      0.0247533797645029      -0.184311984437074      -0.210927575405284      
1.46163335706746        95.1887539224288        -0.000909549754092045   5.34141893549051        762.664518970511        29.110221934543         5.34141893549046        0.0247533797645029      0.0186976613577633      -0.201912173393966      -0.227572002229812      
1.47119730960863        95.0074327723658        -0.000612891751512348   5.34177653645958        761.262712759027        29.0834567859658        5.34177653645955        0.0186976613577633      0.0121768079233628      -0.210927575405284      -0.203550002704147      
1.48074148315502        94.7131643297426        -0.000357154495120466   5.34200890219812        758.937850507258        29.0390130400707        5.3420089021981         0.0121768079233628      0.00633249930715126     -0.227572002229812      -0.219092120834723      
1.49025447938619        94.4104530037173        -0.000103577083816429   5.34213021922764        756.529401003194        28.9928995331078        5.34213021922759        0.00633249930715126     5.54688074544433e-12    -0.203550002704147      -0.219092120834723      
1.5                     94.4104530037173        0.000103577083816429    5.34213021922764        756.529401003194        28.9928995331078        5.3421302192277         5.54688074544433e-12    5.54688074544433e-12    -0.219092120834723      -0.219092120834723      
