# xp[i]                    V[i]                   up[i]                    p[i]                    e[i]                   cs[i]                  dd1[i]             dd2_left[i]            dd2_right[i]             dd3_left[i]            dd3_right[i]
-1.5                    98.4654663036637        -0.00058670836228384    4.99907290468507        738.354066968739        28.6425105000076        4.99907290468507        0.0422109956036029      0.0422109956036029      0.47998966775125        0.47998966775125        
-1.49005125293487       98.4654663036637        0.00058670836228384     4.99907290468507        738.354066968739        28.6425105000076        4.99907290468507        0.0422109956036029      0.0422109956036029      0.47998966775125        0.47998966775125        
-1.48014497376725       98.7391699969827        0.000821329508823794    4.99991074030534        740.530554835123        28.6846950061279        4.99991074030534        0.0422109956036029      0.0565121985047528      0.47998966775125        -0.95195046025188       
-1.47020877342121       98.991603668707         0.000429050423265966    5.00103348516           742.590487045336        28.7245633763419        5.00103348515999        0.0565121985047528      0.0281165640370339      0.47998966775125        -1.71472346415863       
-1.46025285139458       99.142455472128         7.15804483932089e-05    5.00159322014585        743.805349677011        28.7480501691856        5.00159322014585        0.0281165640370339      -0.0231194648141581     -0.95195046025188       -1.45353154091508       
-1.45028557660192       99.2187897586798        0.000609968398186485    5.00113235691189        744.309449813657        28.7577902453049        5.00113235691189        -0.0231194648141581     -0.0666024136585243     -1.71472346415863       -0.239026731025951      
-1.44030806358138       99.2529639713876        0.00246763639109618     4.99980338687547        744.367958132359        28.758920512355         4.99980338687547        -0.0666024136585243     -0.0737591418621815     -1.45353154091508       1.18765206374429        
-1.4303228006071        99.2759943315957        0.00518415116353676     4.99833051072327        744.321347175007        28.7580200828107        4.99833051072327        -0.0737591418621815     -0.0381757124715307     -0.239026731025951      1.75515851749669        
-1.42033338599373       99.2895904655516        0.00744606809858877     4.99756776882433        744.309685635613        28.7577948010161        4.99756776882434        -0.0381757124715307     0.0144381975170708      1.18765206374429        1.13069608983437        
-1.41033794112009       99.2886769704493        0.00796633162159203     4.99785637957816        744.345821424953        28.7584928793981        4.99785637957816        0.0144381975170708      0.0483430233220903      1.75515851749669        -0.369491100682259      
-1.40033946648415       99.2797656365309        0.00648731993587838     4.99882291949976        744.422951859684        28.7599828438305        4.99882291949976        0.0483430233220903      0.0372629117753996      1.13069608983437        -1.74673714324761       
-1.39034512189529       99.2732339244895        0.00459273247463965     4.99956782495135        744.48489931162         28.7611794556409        4.99956782495136        0.0372629117753996      -0.0151107674294007     -0.369491100682259      -2.08794805050945       
-1.38035122056406       99.2778821418529        0.00480450027987684     4.99926580133708        744.474781531407        28.7609840183114        4.99926580133708        -0.0151107674294007     -0.077709940914744      -1.74673714324761       -1.35269566557863       
-1.37035874499286       99.2957666206378        0.0085924809663642      4.99771260730488        744.377557037946        28.759105940321         4.99771260730488        -0.077709940914744      -0.118268140735166      -2.08794805050945       0.210473331908811       
-1.36036345737791       99.3239293439085        0.0155539633741895      4.99534842098473        744.236450421139        28.7563799765691        4.99534842098474        -0.118268140735166      -0.111955720931068      -1.35269566557863       2.16082060085138        
-1.35036640355498       99.3527832368864        0.0231077234129545      4.99310956848085        744.118998952951        28.7541107969887        4.99310956848084        -0.111955720931068      -0.04712183312612       0.210473331908811       2.88974886694677        
-1.34036047771426       99.3645191214882        0.0271363502463344      4.99216674922599        744.066372616685        28.7530939903611        4.99216674922599        -0.04712183312612       0.0396105008214671      2.16082060085138        0.971928830532384       
-1.33035314478699       99.3531381216763        0.025464794407236       4.99295944670911        744.099284317228        28.7537298897847        4.99295944670911        0.0396105008214671      0.0687806208848507      2.88974886694677        -1.80135480809887       
-1.32034912347884       99.3305360468107        0.0212800791215099      4.99433547041536        744.135029210937        28.7544205144751        4.99433547041536        0.0687806208848507      0.0147332623629477      0.971928830532384       -3.26358156007266       
-1.31035253959123       99.3170240395231        0.0199735079415146      4.99463010693618        744.077697598659        28.7533128062115        4.99463010693617        0.0147332623629477      -0.0831646779658691     -1.80135480809887       -2.96969455331576       
-1.30035362821103       99.3294775874276        0.0248962258073209      4.99296708079237        743.923217619494        28.7503278748356        4.99296708079236        -0.0831646779658691     -0.172256895992248      -3.26358156007266       -1.00505019210715       
-1.29035446584661       99.3648480622549        0.0361484897976697      4.98952147475736        743.674564863934        28.7455226439012        4.98952147475737        -0.172256895992248      -0.202421270279409      -2.96969455331576       1.75874174101786        
-1.28034626687397       99.4081939824415        0.0501345034496831      4.98547026262025        743.394892440371        28.7401169958256        4.98547026262024        -0.202421270279409      -0.149608314685788      -1.00505019210715       3.99135988950359        
-1.27033429320432       99.4402958006954        0.0610212537379858      4.98247433387621        743.188082370034        28.7361190136508        4.98247433387622        -0.149608314685788      -0.029708271476536      1.75874174101786        4.14292984251267        
-1.26031614217393       99.445038120007         0.0636535947861091      4.98187928279884        743.134762780806        28.7350881672333        4.98187928279884        -0.029708271476536      0.0947462960157433      3.99135988950359        0.70857608201302        
-1.25030479492383       99.4206327227885        0.057261675703535       4.98377659330993        743.235333383844        28.7370325032555        4.98377659330992        0.0947462960157433      0.116025616527121       4.14292984251267        -4.03274170420111       
-1.24029530411687       99.3917132516344        0.0489404196900378      4.98609900297761        743.365383522316        28.7395465734416        4.98609900297762        0.116025616527121       -0.00504352858958927    0.70857608201302        -6.43325298037255       
-1.23029292749372       99.3916678963361        0.0488414096966368      4.98599807628094        743.349997394229        28.739249147275         4.98599807628096        -0.00504352858958927    -0.198193834934694      -4.03274170420111       -5.0461152614106        
-1.2202849153535        99.4379365840256        0.0623169594185698      4.98203067074798        743.104274846263        28.7344987166272        4.98203067074798        -0.198193834934694      -0.349755684076735      -6.43325298037255       1.22598239358065        
-1.21026770632718       99.5206861545471        0.0866657441491878      4.97502500919641        742.676853826888        28.7262337289819        4.97502500919642        -0.349755684076735      -0.312908174212257      -5.0461152614106        6.61046114303627        
-1.20024982087399       99.5946810060308        0.108701837989067       4.96875342627529        742.292118731264        28.7187921196647        4.96875342627528        -0.312908174212257      -0.114117283896092      1.22598239358065        10.3585233847069        
-1.19021702844279       99.6211848005829        0.116874655691217       4.96646484755809        742.147668576275        28.715997643131         4.96646484755808        -0.114117283896092      0.19743507007948        6.61046114303627        8.01315548996125        
-1.18019125957802       99.5726987805539        0.103159436420508       4.9704237304834         742.377757390712        28.7204487234891        4.9704237304834         0.19743507007948        0.438325693412364       10.3585233847069        12.1952864612365        
-1.17017245179346       99.4663373829168        0.0725737883139796      4.97920453920541        742.894857892734        28.7304495438538        4.97920453920541        0.438325693412364       0.804480653527162       8.01315548996125        9.38183897760702        
-1.16017061142316       99.2731600014706        0.0167693286926044      4.99529577200304        743.848194643091        28.7488781354661        4.99529577200305        0.804480653527162       1.08563612276778        12.1952864612365        10.8115304945872        
-1.15018907318377       99.0145720021628        -0.0579921037723573     5.01696260594027        745.128607767047        28.7736107448599        5.01696260594028        1.08563612276778        1.40882129563662        9.38183897760702        11.3488198508819        
-1.14023852759966       98.6824965956817        -0.154169753643978      5.04499948699095        746.779717050301        28.8054724170079        5.04499948699095        1.40882129563662        1.74699238123074        10.8115304945872        2.25355247288027        
-1.13031925858692       98.2761938443624        -0.272455457480387      5.07964560530139        748.812354250895        28.8446481508345        5.0796456053014         1.74699238123074        1.81389854812629        11.3488198508819        -8.82262746294709       
-1.12044461076564       97.8607538056063        -0.394102294516955      5.1154778855906         750.906782939708        28.8849592337086        5.11547788559061        1.81389854812629        1.55296133531906        2.25355247288027        -8.14516161435233       
-1.11060459284203       97.5109715259922        -0.497480480413653      5.14603853247007        752.692825217022        28.9192904711068        5.14603853247007        1.55296133531906        1.31292446571528        -8.82262746294709       -11.9486297906763       
-1.10080137855851       97.219453406971         -0.58414531652408       5.17178831483024        754.197649656534        28.9481845459652        5.17178831483025        1.31292446571528        0.961869705742562       -8.14516161435233       -9.28788145974885       
-1.09102274693904       97.0079459510264        -0.647232762118614      5.1906012551414         755.29434901813         28.9692240723406        5.19060125514138        0.961869705742562       0.68965318678423        -11.9486297906763       -9.90875758281349       
-1.0812657843367        96.8566527220352        -0.692199950741351      5.20406181076491        756.072011323893        28.9841338076904        5.20406181076491        0.68965318678423        0.399758959610951       -9.28788145974885       -9.16472853376502       
-1.07152261746241       96.7686568946452        -0.718142305475783      5.21185254033343        756.515955391517        28.9926418901133        5.21185254033345        0.399758959610951       0.131949695946832       -9.90875758281349       -3.61493776167323       
-1.06178877831086       96.7399351462968        -0.72658561094438       5.21442182123357        756.664243217355        28.9954832347951        5.21442182123355        0.131949695946832       0.0263798033606602      -9.16472853376502       -1.33078171533583       
-1.05205628403343       96.735977117094         -0.728253183014769      5.21493531174473        756.707794476095        28.9963176680552        5.21493531174473        0.0263798033606602      -0.0124777620397625     -3.61493776167323       -0.514704279368066      
-1.0423245326031        96.7432829039976        -0.727400424703084      5.21469242105188        756.72969622073         28.9967372919539        5.21469242105186        -0.0124777620397625     -0.0275093131852308     -1.33078171533583       -0.174071109679988      
-1.03258875782707       96.7527606374245        -0.725631616076326      5.21415675627758        756.726090849202        28.99666821568          5.21415675627758        -0.0275093131852308     -0.0325946501227924     -0.514704279368066      -0.0865997695009791     
-1.02284780958913       96.7615962280011        -0.723439519543193      5.21352180036391        756.703037059042        28.9962265180803        5.21352180036389        -0.0325946501227924     -0.0351249879897312     -0.174071109679988      -0.0492175748822668     
-1.01310473659046       96.7697225352665        -0.721074371353162      5.21283755160652        756.667265235571        28.9955411368248        5.21283755160654        -0.0351249879897312     -0.0365628875386358     -0.0865997695009791     -0.0518953815845474     
-1.00337103416687       96.7743074291285        -0.718620295833624      5.21212555686931        756.599761499533        28.9942477340963        5.21212555686933        -0.0365628875386358     -0.0380788027192583     -0.0492175748822668     -0.0642429339064952     
-0.993635204150661      96.7789851720053        -0.716090460746965      5.2113840637025         756.528691540034        28.9928859385278        5.21138406370252        -0.0380788027192583     -0.0399555408259482     -0.0518953815845474     -0.0730415774228605     
-0.983895373278092      96.7862404960578        -0.713448803881657      5.21060579456679        756.47241834464         28.9918076233929        5.2106057945668         -0.0399555408259482     -0.0420898268556286     -0.0642429339064952     -0.0836582331484988     
-0.974154108623203      96.7950084810956        -0.710652166843319      5.20978578700556        756.421889156842        28.990839341589         5.20978578700558        -0.0420898268556286     -0.0445347749337335     -0.0730415774228605     -0.0682951312299975     
-0.964411824734196      96.8049115807703        -0.707713209455796      5.20891803203213        756.373274283525        28.9899077129252        5.20891803203212        -0.0445347749337335     -0.0465309863920452     -0.0836582331484988     -0.0879635536605609     
-0.954667886925853      96.8155748549166        -0.704588241200425      5.20801126329369        756.324906459989        28.988980788875         5.20801126329371        -0.0465309863920452     -0.0491023672734644     -0.0682951312299975     -0.0911256643062776     
-0.94492321229545       96.8270420545253        -0.701286444038337      5.2070542957977         756.275497919101        28.9880338898484        5.20705429579772        -0.0491023672734644     -0.0517665773039876     -0.0879635536605609     -0.124382158865519      
-0.935178032576493      96.8390411968246        -0.697775467180549      5.20604524337826        756.22264469406         28.9870209403002        5.20604524337825        -0.0517665773039876     -0.0554036281855122     -0.0911256643062776     -0.0944476610954175     
-0.925428359831393      96.852080091273         -0.694094776069773      5.20496509369425        756.167544190134        28.9859648832199        5.20496509369424        -0.0554036281855122     -0.0581657101275117     -0.124382158865519      -0.136840213165696      
-0.915680865225676      96.8656086134796        -0.690177456015065      5.2038310280469         756.108389480208        28.984831080339         5.20383102804688        -0.0581657101275117     -0.0621679151347905     -0.0944476610954175     -0.0891211344985034     
-0.905931224701305      96.8799048938832        -0.686093675228624      5.2026188343044         756.043826799804        28.9835935736794        5.20261883430441        -0.0621679151347905     -0.0647746773416641     -0.136840213165696      -0.139721456561924      
-0.896180593418938      96.8948161118439        -0.681746894402822      5.20135565782546        755.976599995945        28.9823049462167        5.20135565782547        -0.0647746773416641     -0.0688619934165522     -0.0891211344985034     -0.106286696459752      
-0.886429326808988      96.9106793100555        -0.677235158165916      5.20001262989009        755.905134575275        28.9809350085971        5.20001262989011        -0.0688619934165522     -0.0719715528691927     -0.139721456561924      -0.1289020649198        
-0.87667612891215       96.9273123659858        -0.672496278238721      5.19860879679384        755.830768073097        28.9795093906999        5.19860879679385        -0.0719715528691927     -0.0757434404375273     -0.106286696459752      -0.0973400335325905     
-0.866923014410304      96.944907279442         -0.667573451102425      5.19713108610227        755.753086891935        28.9780201549752        5.19713108610227        -0.0757434404375273     -0.0785924676891439     -0.1289020649198        -0.129189886515274      
-0.857163598674615      96.9630960264066        -0.662398514698529      5.19559730246546        755.671800230246        28.9764617161786        5.19559730246545        -0.0785924676891439     -0.082374779078577      -0.0973400335325905     -0.0946308397191194     
-0.847404230784813      96.982118885819         -0.657050132314832      5.19398927407505        755.586127905022        28.9748191041237        5.19398927407503        -0.082374779078577      -0.0851459842769163     -0.129189886515274      -0.10351783061586       
-0.837640617128673      97.0019498349637        -0.651484523128073      5.19232679998232        755.498735667933        28.9731434199163        5.19232679998231        -0.0851459842769163     -0.088178174665261      -0.0946308397191194     -0.0918140718254668     
-0.827877241698865      97.0228177635605        -0.645742240973089      5.19060468124645        755.410638106887        28.9714541135252        5.19060468124644        -0.088178174665261      -0.0908683202552558     -0.10351783061586       -0.0940843962488923     
-0.818107629244041      97.044911209782         -0.639808574903483      5.18882943845722        755.324238206676        28.9697972647889        5.18882943845723        -0.0908683202552558     -0.0936256557866309     -0.0918140718254668     -0.0755619328434462     
-0.80833736493224       97.0684309321557        -0.633701496539432      5.1869999416528         755.240918372131        28.9681993912123        5.18699994165281        -0.0936256557866309     -0.0958404885661364     -0.0940843962488923     -0.0770550322147572     
-0.798566406090967      97.0918288608618        -0.627410218394426      5.18512706987388        755.150205135026        28.9664596297746        5.18512706987389        -0.0958404885661364     -0.0980991460993922     -0.0755619328434462     -0.0590481086922591     
-0.788795486424577      97.1134522339703        -0.620971141611274      5.1832100503477         755.039132464614        28.9643292586783        5.18321005034772        -0.0980991460993922     -0.0998298743639782     -0.0770550322147572     -0.0486813938456671     
-0.779024977507896      97.1335977368773        -0.614391397137822      5.18125942069384        754.911552510122        28.9618820849083        5.18125942069382        -0.0998298743639782     -0.101256558396138      -0.0590481086922591     -0.0606542452895302     
-0.769257838402048      97.1554005912311        -0.607656435022311      5.17928128851955        754.792722541176        28.9596025629032        5.17928128851954        -0.101256558396138      -0.103034010846599      -0.0486813938456671     -0.0474520472210912     
-0.759490940582572      97.1808308396265        -0.600787132634042      5.17726843227795        754.696871592813        28.9577637180009        5.17726843227793        -0.103034010846599      -0.104424861433942      -0.0606542452895302     -0.0572039972278764     
-0.749720189675863      97.210843380667         -0.593766934295075      5.17522759073576        754.63235817348         28.9565259996867        5.17522759073576        -0.104424861433942      -0.1061023875328        -0.0474520472210912     -0.0198129647781276     
-0.739941316141267      97.238798669096         -0.586644954676871      5.17315259879063        754.546716057469        28.9548828362999        5.17315259879063        -0.1061023875328        -0.106683769027927      -0.0572039972278764     -0.045087270261001      
-0.730156802744357      97.2624579486565        -0.579388836508625      5.17106493869869        754.425729224929        28.952561376326         5.17106493869868        -0.106683769027927      -0.108007467680678      -0.0198129647781276     -0.0180416604206988     
-0.720367351421683      97.2885223896624        -0.572059991596268      5.16895048774859        754.319332887577        28.950519720677         5.16895048774858        -0.108007467680678      -0.108537336433259      -0.045087270261001      -0.0491214545473141     
-0.710576975684525      97.3156314028469        -0.56460829065817       5.16682508829437        754.219268723155        28.9485994426741        5.1668250882944         -0.108537336433259      -0.109980231318258      -0.0180416604206988     -0.00892624042340349    
-0.700782785397532      97.3396986886559        -0.557104257733815      5.16467122307035        754.09131101946         28.9461436890317        5.16467122307037        -0.109980231318258      -0.110242440853705      -0.0491214545473141     -0.033593584667389      
-0.690993316688343      97.3605923071878        -0.549513946792024      5.16251236144648        753.937891955413        28.9431990083914        5.16251236144644        -0.110242440853705      -0.111229419852693      -0.00892624042340349    -0.0238929832091997     
-0.681200736392144      97.3825368851077        -0.541885390209131      5.1603335823224         753.789563129957        28.9403517434271        5.16033358232244        -0.111229419852693      -0.111931607145824      -0.033593584667389      -0.0301235547575399     
-0.671399055561299      97.4071263400917        -0.534194958229988      5.1581399662482         753.659387058322        28.9378527011541        5.15813996624822        -0.111931607145824      -0.11281720701813       -0.0238929832091997     -0.00666160270862005    
-0.661599347065029      97.4328376646867        -0.526483219275347      5.15592854750142        753.535123769145        28.9354669675881        5.15592854750141        -0.11281720701813       -0.113013098521162      -0.0301235547575399     -0.0109691599172556     
-0.651796872928788      97.4590754436572        -0.518726955968305      5.15371288417817        753.414139191103        28.9331439930652        5.15371288417813        -0.113013098521162      -0.11333571857914       -0.00666160270862005    -0.000213168090473013   
-0.64199079479561       97.4857227607092        -0.510950091090179      5.15149031810462        753.295135432837        28.9308588694732        5.1514903181046         -0.11333571857914       -0.113341989735311      -0.0109691599172556     -0.0128453480381012     
-0.632184496414364      97.5123789887411        -0.50314223503273       5.14926716535261        753.175937013216        28.9285698270223        5.14926716535262        -0.113341989735311      -0.113719983280342      -0.000213168090473013   0.00581606830380234     
-0.622374060242359      97.5390183987618        -0.495324175478095      5.14703594461732        753.055250551675        28.9262520242172        5.14703594461729        -0.113719983280342      -0.113548794087371      -0.0128453480381012     0.0084394846991158      
-0.612560621340972      97.565726709807         -0.487479834917253      5.14480749645964        752.935323261221        28.9239486174274        5.14480749645966        -0.113548794087371      -0.113300317814061      0.00581606830380234     0.00785674929409472     
-0.602747000498831      97.5923202340043        -0.479605939493142      5.1425833911914         752.814967714834        28.9216368008227        5.1425833911914         -0.113300317814061      -0.113068927195821      0.0084394846991158      0.0117645690693017      
-0.592927327518581      97.6187945076645        -0.471704085441557      5.14036298199931        752.694056451895        28.9193141237996        5.14036298199933        -0.113068927195821      -0.112722315525421      0.00785674929409472     0.00664477321571316     
-0.583104973556319      97.6453933029849        -0.463771170546274      5.13814847459246        752.574792976068        28.9170229176147        5.13814847459242        -0.112722315525421      -0.112526472621707      0.0117645690693017      0.0313046139471943      
-0.573277979074073      97.6720410287915        -0.455822499723192      5.13593708042027        752.456185860151        28.9147441408964        5.13593708042027        -0.112526472621707      -0.111603578704088      0.00664477321571316     0.0168528285930467      
-0.563449896639812      97.6985099914242        -0.447839767462641      5.133743354872          752.338614674054        28.9124850900486        5.13374335487204        -0.111603578704088      -0.111106620013163      0.0313046139471943      0.0264198593566517      
-0.553620238718821      97.7248800381031        -0.439852616876754      5.13155893108316        752.221471422836        28.9102340861201        5.13155893108315        -0.111106620013163      -0.110327359453466      0.0168528285930467      0.00478326488503375     
-0.543786419436057      97.7511052177381        -0.431819503511812      5.12938919047963        752.105193691954        28.9079995405338        5.12938919047959        -0.110327359453466      -0.110186225991896      0.0264198593566517      0.0322210854409552      
-0.533950940909983      97.7777211053131        -0.423800213292073      5.1272213936214         751.992035206061        28.9058247726044        5.12722139362142        -0.110186225991896      -0.109235154513417      0.00478326488503375     0.0123438045588628      
-0.524107843431077      97.8043922850573        -0.415771749667175      5.12507138319664        751.881738076628        28.9037048389731        5.12507138319664        -0.109235154513417      -0.108870679261282      0.0322210854409552      0.0280319274341918      
-0.514264709232751      97.8312596520241        -0.407781554098835      5.1229279709563         751.773744757864        28.9016290344           5.12292797095629        -0.108870679261282      -0.108042792162614      0.0123438045588628      0.0194634346809839      
-0.504418694061985      97.8580213461822        -0.39977763275578       5.12080054309267        751.667113283257        28.8995792603602        5.12080054309267        -0.108042792162614      -0.107467950434225      0.0280319274341918      0.0409715950998337      
-0.494572650081688      97.8840020372347        -0.391797128264179      5.11868451315573        751.555987970546        28.897442946672         5.11868451315571        -0.107467950434225      -0.106257949337924      0.0194634346809839      0.0345829103534602      
-0.484731013887893      97.9072737561432        -0.383826298447755      5.11659264982111        751.427455897058        28.8949718020485        5.11659264982113        -0.106257949337924      -0.105236694622838      0.0409715950998337      0.0407378136849047      
-0.474887025056136      97.9294796718367        -0.375863668982886      5.11452087838542        751.293552586544        28.8923971657779        5.11452087838546        -0.105236694622838      -0.104033681070477      0.0345829103534602      0.0371545453229074      
-0.465043083081204      97.9536281114262        -0.367915376538504      5.11247268162302        751.17787167829         28.8901727174232        5.11247268162306        -0.104033681070477      -0.102936364758295      0.0407378136849047      0.0570797229214042      
-0.455199308643078      97.9818470772226        -0.359996129723761      5.11044587774412        751.09638973432         28.8886057841019        5.11044587774408        -0.102936364758295      -0.101250022959518      0.0371545453229074      0.0482011670663737      
-0.445351054858011      98.0133108757742        -0.352084559355835      5.10845127613506        751.044334532357        28.8876046953698        5.1084512761351         -0.101250022959518      -0.0998251572640211     0.0570797229214042      0.0384369618138184      
-0.435491807845458      98.0390768440174        -0.344180526389575      5.10648324321603        750.952354626516        28.88583571823          5.10648324321603        -0.0998251572640211     -0.0986882446882122     0.0482011670663737      0.0543289018081355      
-0.425628957486044      98.0608649157366        -0.336300187423229      5.10453662971801        750.832915356311        28.8835384750613        5.104536629718          -0.0986882446882122     -0.0970805224255507     0.0384369618138184      0.0485579239937649      
-0.415764151010557      98.0837255471825        -0.328425461363115      5.10262110041607        750.726131376709        28.8814844835601        5.10262110041611        -0.0970805224255507     -0.095643111650764      0.0543289018081355      0.0560239897943177      
-0.405893923885525      98.1063029469831        -0.320574710724917      5.10073328202314        750.621126926882        28.8794645788872        5.10073328202318        -0.095643111650764      -0.0939840685158568     0.0485579239937649      0.049541137159278       
-0.396022878155812      98.1272574180633        -0.312741928418305      5.09887751325053        750.508299428863        28.8772940296787        5.09887751325053        -0.0939840685158568     -0.0925164909176578     0.0560239897943177      0.0685142630458803      
-0.386144061658475      98.1481515362107        -0.304936106435448      5.09705005561708        750.399061869535        28.8751923874213        5.09705005561706        -0.0925164909176578     -0.0904866219238311     0.049541137159278       0.0545760267987634      
-0.376267185960285      98.1692014395719        -0.297149375583144      5.09526276169186        750.296814660117        28.8732250952354        5.09526276169188        -0.0904866219238311     -0.0888697198835451     0.0685142630458803      0.0830776360965004      
-0.366395705914422      98.1903125300291        -0.28941594478482       5.09350769558714        750.199668755715        28.8713558307598        5.09350769558711        -0.0888697198835451     -0.0864083483122248     0.0545760267987634      0.055138379229793       
-0.356518036658227      98.2113566236839        -0.281666662301069      5.0918008551852         750.109004468059        28.8696111752298        5.09180085518518        -0.0864083483122248     -0.0847743663044638     0.0830776360965004      0.0698065973317534      
-0.34663847799097       98.232429948838         -0.273965613708781      5.09012574508348        750.023131027035        28.8679586128719        5.09012574508345        -0.0847743663044638     -0.0827052777581168     0.055138379229793       0.0571672712143643      
-0.336756004816026      98.2532896994302        -0.266284184247393      5.08849134928027        749.941522010819        28.8663880281167        5.08849134928025        -0.0827052777581168     -0.0810106516882        0.0698065973317534      0.0756846938318689      
-0.326877136053215      98.2742180934387        -0.258647399922733      5.08689039447798        749.86526406652         28.8649203487655        5.08689039447794        -0.0810106516882        -0.0787668639149617     0.0571672712143643      0.0598967110842313      
-0.316992796119015      98.2951493563421        -0.251006164210926      5.08533350055392        749.795423945636        28.8635761229662        5.08533350055394        -0.0787668639149617     -0.076990811853243      0.0756846938318689      0.0784322609928036      
-0.30710864711454       98.3168428180616        -0.24340955080262       5.08381136844582        749.736424842243        28.8624405074647        5.08381136844585        -0.076990811853243      -0.074664496608168      0.0598967110842313      0.0667280737499225      
-0.297220667899519      98.3397955969023        -0.235834584755887      5.08233480792104        749.693649248965        28.8616171343527        5.08233480792107        -0.074664496608168      -0.0726848092523198     0.0784322609928036      0.0630495239760045      
-0.287328897484142      98.3652162368721        -0.228278732998251      5.08089696292186        749.675292652614        28.8612637871558        5.08089696292183        -0.0726848092523198     -0.0708136483039164     0.0667280737499225      0.0665445731449145      
-0.27743657980298       98.3947155470254        -0.220733305361423      5.07949571921918        749.693304622357        28.8616105006548        5.0794957192192         -0.0708136483039164     -0.0688380972065008     0.0630495239760045      0.0863195131136933      
-0.267537459218336      98.4309891140608        -0.213180967101783      5.07813302830298        749.768485242965        28.8630576120134        5.07813302830294        -0.0688380972065008     -0.0662744801760053     0.0665445731449145      0.0726363505943753      
-0.257636833200138      98.4777238388817        -0.205610441881071      5.07682056555425        749.930600451309        28.866177833646         5.07682056555423        -0.0662744801760053     -0.0641160805937441     0.0863195131136933      0.0617397724874396      
-0.247730324100658      98.5401707233818        -0.198048927392807      5.07555008809226        750.21835829353         28.8717154609746        5.07555008809228        -0.0641160805937441     -0.0622801697757278     0.0726363505943753      0.0692169679978658      
-0.237813427892214      98.6255756971031        -0.190484000086721      5.07431490374116        750.685842974794        28.8807094975713        5.07431490374115        -0.0622801697757278     -0.0602200291023235     0.0617397724874396      0.084417643282667       
-0.227888315663539      98.7433441671592        -0.182889203299883      5.07311942666888        751.405166323           28.8945432434531        5.07311942666884        -0.0602200291023235     -0.0577046273555272     0.0692169679978658      0.0753523001071543      
-0.217951799844042      98.9055764362206        -0.175273138368209      5.07197248342978        752.469543213406        28.9150007822431        5.07197248342975        -0.0577046273555272     -0.0554559148963829     0.084417643282667       0.0637564797956197      
-0.207997733476469      99.1271764640817        -0.167622556192426      5.07086825424514        753.991278397002        28.9442237261216        5.07086825424515        -0.0554559148963829     -0.0535490855510403     0.0753523001071543      0.0962845061865733      
-0.198018706354073      99.4267086523436        -0.15992091217681       5.06979926897815        756.110182263832        28.9848654428064        5.06979926897814        -0.0535490855510403     -0.0506609348349054     0.0637564797956197      0.0755296630324605      
-0.18800539197517       99.8265074711505        -0.152142533423704      5.0687845578002         758.998589293341        29.0401750318673        5.06878455780024        -0.0506609348349054     -0.0483865951332714     0.0962845061865733      0.0978430989534713      
-0.177952127458113      100.351267701351        -0.144340185962878      5.06781122740803        762.841921712304        29.1136073896021        5.067811227408          -0.0483865951332714     -0.0454252677362826     0.0755296630324605      0.0751635258934172      
-0.167840564236373      101.024749398143        -0.136434233887437      5.06689214732388        767.822264116222        29.2084893313233        5.06689214732385        -0.0454252677362826     -0.0431353399735627     0.0978430989534713      0.0986018271502961      
-0.157651367212158      101.870235896488        -0.128406207217281      5.06601289682641        774.113893281536        29.3279141448995        5.06601289682639        -0.0431353399735627     -0.0401063664903838     0.0751635258934172      0.0948474931734545      
-0.147374264433769      102.906826158257        -0.120257441224635      5.06518795447573        781.863624435194        29.4743508916405        5.06518795447571        -0.0401063664903838     -0.0371627821035925     0.0986018271502961      0.0985906976448828      
-0.13697994136812       104.138726295783        -0.111985631097497      5.0644149028168         791.102576119088        29.6479824331192        5.06441490281677        -0.0371627821035925     -0.0340654263137982     0.0948474931734545      0.0895492779608948      
-0.126442149575335      105.556374590288        -0.103547973089337      5.06369678333546        801.758211710095        29.8469840596275        5.06369678333547        -0.0340654263137982     -0.0312129065838982     0.0985906976448828      0.0956794259218375      
-0.11575086471858       107.146765145127        -0.0949304342531182     5.06302919754614        813.730800528594        30.0690095267646        5.06302919754617        -0.0312129065838982     -0.0281191461659615     0.0895492779608948      0.0945465979504977      
-0.104894960740015      108.879053420842        -0.0861177779109959     5.06241844664865        826.786992736969        30.3092760413737        5.06241844664864        -0.0281191461659615     -0.025013451115298      0.0956794259218375      0.103631834562087       
-0.0938578371317196     110.704726431653        -0.0771208351687096     5.06186628206983        840.558782985221        30.5606643140641        5.06186628206983        -0.025013451115298      -0.0215540210750437     0.0945465979504977      0.0966160084193685      
-0.0826385763751515     112.562950658183        -0.0679326935289296     5.0613827087623         854.586258162889        30.814611580347         5.06138270876231        -0.0215540210750437     -0.0182769986528121     0.103631834562087       0.0779616947796464      
-0.0712434007954611     114.383586612668        -0.0585792823591341     5.06096617935281        868.337194979677        31.0615373980905        5.06096617935282        -0.0182769986528121     -0.0155918215906294     0.0966160084193685      0.0819985771670535      
-0.0596733836486116     116.087956078009        -0.0490839456673294     5.06060546188796        881.213016881673        31.2909823162037        5.06060546188798        -0.0155918215906294     -0.0127271479785338     0.0779616947796464      0.0843649164118788      
-0.0479385072790072     117.588445720579        -0.0394295938582488     5.06030697140072        892.550447454031        31.4916293543756        5.06030697140074        -0.0127271479785338     -0.0097428475783663     0.0819985771670535      0.0858717533302734      
-0.0360721694113685     118.772049287708        -0.0296420035997783     5.06007585871245        901.493368935803        31.6490015453499        5.06007585871248        -0.0097428475783663     -0.00667476602440109    0.0843649164118788      0.0687521317723385      
-0.024097187616363      119.54447510924         -0.019768138440502      5.05991614464548        907.327529412615        31.75124720932          5.05991614464547        -0.00667476602440109    -0.00420119779004398    0.0858717533302734      0.0780135762290341      
-0.0120574094985864     119.891568995422        -0.00987907446772022    5.05981507475442        909.94375220849         31.7969906369296        5.05981507475441        -0.00420119779004398    -0.00138352456781494    0.0687521317723385      0.0730777766025588      
2.85025771562401e-06    119.959492733816        2.34466934926606e-05    5.05978171749382        910.453272261589        31.8058917019681        5.05978171749386        -0.00138352456781494    0.00125899689996663     0.0780135762290341      0.0835474377932954      
0.012063251167498       119.891704108515        0.009936321477451       5.05981207238604        909.944237740795        31.7969991201265        5.05981207238602        0.00125899689996663     0.00427654432972191     0.0730777766025588      0.0733683925476818      
0.0241029471942185      119.544565132491        0.0198324839422321      5.05991495510794        907.327999373649        31.7512554322861        5.05991495510793        0.00427654432972191     0.00691623367029919     0.0835474377932954      0.0771110109487418      
0.036078040445977       118.772006496576        0.0297077805847743      5.06008045030651        901.493862175503        31.6490102035067        5.06008045030649        0.00691623367029919     0.00967133302821326     0.0733683925476818      0.0786240940990582      
0.0479451871725563      117.588323306494        0.0394959983423628      5.06030986985791        892.550029511841        31.4916219813009        5.06030986985788        0.00967133302821326     0.0124525239544971      0.0771110109487418      0.0890853877821823      
0.0596790124270243      116.08789853329         0.0491544783803183      5.060601908257          881.211961264665        31.2909635742523        5.06060190825705        0.0124525239544971      0.0155645209611791      0.0786240940990582      0.082270881369685       
0.0712485054760151      114.383581911903        0.0586379715258073      5.06096195076498        868.336433772528        31.0615237834085        5.06096195076493        0.0155645209611791      0.0183978219632933      0.0890853877821823      0.0898865219651265      
0.0826402092702369      112.562964713547        0.067973069876875       5.06138118241713        854.586107157344        30.8146088578732        5.06138118241715        0.0183978219632933      0.0214463921777227      0.082270881369685       0.108465626140489       
0.093861361154697       110.70470182606         0.0771585139577542      5.06186233581217        840.557940855973        30.560649005179         5.06186233581219        0.0214463921777227      0.0250671007073665      0.0898865219651265      0.0929278948532368      
0.1048976880565         108.879116164356        0.0861380062832385      5.06241568537151        826.787018219733        30.3092765084614        5.06241568537153        0.0250671007073665      0.0281195676921263      0.108465626140489       0.0908647171179337      
0.115753348698645       107.146843369724        0.0949305443757993      5.06302641296476        813.73094707007         30.0690122342674        5.06302641296478        0.0281195676921263      0.0310574787366927      0.0929278948532368      0.0940215522091314      
0.126443608231721       105.556498642938        0.103544001946622       5.06369063335346        801.75818020175         29.8469834731483        5.06369063335347        0.0310574787366927      0.0340522144089109      0.0908647171179337      0.101855470190931       
0.136981047999489       104.138827228277        0.111993899298145       5.06440840728455        791.102328209458        29.6479777876906        5.06440840728456        0.0340522144089109      0.0372518720440986      0.0940215522091314      0.0920551052660224      
0.14737316322691        102.906910303064        0.120274572285155       5.06518324081339        781.863536146449        29.4743492275053        5.06518324081335        0.0372518720440986      0.0401086012379887      0.101855470190931       0.104341986381157       
0.157651202564066       101.870298240443        0.128415925695907       5.0660081960898         774.113648736293        29.3279095125046        5.06600819608981        0.0401086012379887      0.0433137387030917      0.0920551052660224      0.079940759622573       
0.167839086760163       101.024760070908        0.136419580880224       5.06689104020987        767.822177463954        29.2084876831671        5.06689104020981        0.0433137387030917      0.0457491148369451      0.104341986381157       0.0964923869834572      
0.177950364033074       100.351220490708        0.144314779031819       5.06781662711504        762.842375631149        29.1136160514314        5.06781662711504        0.0457491148369451      0.0486694538461891      0.079940759622573       0.0646819828869896      
0.188003523702692       99.8263878290431        0.152121100097827       5.06879563202973        758.999337883739        29.0401893528365        5.06879563202965        0.0486694538461891      0.0506171221876132      0.0964923869834572      0.083047242257172       
0.198016701724054       99.4266037239294        0.159874821849003       5.06980945412661        756.110903326915        28.9848792634849        5.06980945412668        0.0506171221876132      0.053108277600099       0.0646819828869896      0.0785323138701105      
0.207995650547854       99.1272109146214        0.167572329500097       5.07086969068334        753.991754023393        28.9442328552952        5.07086969068338        0.053108277600099       0.0554571225882995      0.083047242257172       0.0812876899918352      
0.217951931012722       98.9055757915913        0.175253950586437       5.07197402039285        752.469766330421        28.9150050690798        5.07197402039292        0.0554571225882995      0.0578830522312061      0.0785323138701105      0.0729556878771581      
0.227886855015343       98.7433096144533        0.182883688697904       5.07312451187699        751.405656583412        28.8945526696914        5.07312451187691        0.0578830522312061      0.0600568882642859      0.0812876899918352      0.0746202842047908      
0.237813000817072       98.6255687383808        0.19049019913538        5.07431670480493        750.68605645508         28.8807136041238        5.07431670480496        0.0600568882642859      0.0622777239484701      0.0729556878771581      0.0657479127797031      
0.247727906400035       98.5401538649306        0.198069535028602       5.07555175228514        750.218475929394        28.8717177245482        5.07555175228521        0.0622777239484701      0.0642327385987591      0.0746202842047908      0.0774483225235543      
0.25763452545305        98.4776742263499        0.205621949661657       5.07682449068698        749.930802447341        28.8661817212411        5.07682449068698        0.0642327385987591      0.0665341226662551      0.0657479127797031      0.0737274881363683      
0.267535344487327       98.4308813171668        0.213172598291208       5.07814215442042        749.769011570187        28.8630677427475        5.07814215442041        0.0665341226662551      0.0687238433512473      0.0774483225235543      0.0616441646500569      
0.277435747723033       98.3946169818071        0.220716312423455       5.07950264424951        749.69357570851         28.8616157187768        5.0795026442495         0.0687238433512473      0.0705538964145172      0.0737274881363683      0.0704326494527553      
0.287327071701702       98.3652135112861        0.228268487138264       5.08089867711503        749.675524805446        28.8612682559063        5.08089867711498        0.0705538964145172      0.0726440117488274      0.0616441646500569      0.068862410356063       
0.297217536258367       98.3397872796631        0.235838188337378       5.08233554022411        749.693693864265        28.8616179931499        5.0823355402241         0.0726440117488274      0.0746868072481041      0.0704326494527553      0.0755482568975205      
0.307104307359184       98.3168040526474        0.243428958023444       5.08381239647501        749.73628083698         28.8624377355948        5.08381239647498        0.0746868072481041      0.0769274253774393      0.068862410356063       0.0644015124878883      
0.316988282508212       98.2951334587513        0.251024058119247       5.08533321221774        749.795260165744        28.8635729705905        5.08533321221769        0.0769274253774393      0.0788370634672789      0.0755482568975205      0.0699886279674044      
0.326872535285116       98.2741828398957        0.258636587893559       5.08689156047226        749.86516695086         28.8649184796058        5.08689156047229        0.0788370634672789      0.0809120237666994      0.0644015124878883      0.0576907248878591      
0.336753446265492       98.253253306357         0.26627229719841        5.08849062418513        749.941137367627        28.8663806253655        5.08849062418522        0.0809120237666994      0.0826221603556083      0.0699886279674044      0.0759544052051594      
0.346633356381354       98.2324371716302        0.273961494807439       5.09012328755886        750.022824061466        28.8679527054072        5.09012328755885        0.0826221603556083      0.0848734130247538      0.0576907248878591      0.0535735149198647      
0.356513823031909       98.211304178198         0.281657624185957       5.09180031123883        750.108523772579        28.8696019249117        5.09180031123874        0.0848734130247538      0.0864610288609924      0.0759544052051594      0.07356121990162        
0.366391213184841       98.1902437164135        0.289391659826751       5.09350827564112        750.199228435156        28.8713473579133        5.09350827564109        0.0864610288609924      0.0886406299566392      0.0535735149198647      0.0547852121985639      
0.3762642724526         98.1691915737884        0.29713310523193        5.09525900156068        750.29618556342         28.8732129906562        5.09525900156074        0.0886406299566392      0.0902638284820014      0.07356121990162        0.0760956415991219      
0.386142421649565       98.1482118205663        0.304936815789456       5.09704199935424        750.398336716414        28.8751784355509        5.09704199935426        0.0902638284820014      0.0925183728672959      0.0547852121985639      0.0549783452821099      
0.396019427134747       98.1273279357659        0.312740235006706       5.09886943785666        750.507650145322        28.8772815384405        5.09886943785673        0.0925183728672959      0.0941470113055043      0.0760956415991219      0.0555484613872103      
0.405891604232146       98.1063393945533        0.320567981999584       5.10072843592969        750.62069264215         28.8794562245312        5.10072843592961        0.0941470113055043      0.0957919771475825      0.0549783452821099      0.0392011629976536      
0.41576163248062        98.0837363997193        0.328411883366315       5.10261923308566        750.725939709167        28.8814807967006        5.10261923308562        0.0957919771475825      0.0969524197716102      0.0555484613872103      0.0606605077079579      
0.425626549526916       98.0608522078373        0.336294137012046       5.10453221555559        750.832168769611        28.8835241149616        5.10453221555564        0.0969524197716102      0.0987475169388376      0.0392011629976536      0.0535900417510431      
0.435488981670618       98.0391194526926        0.344176435819604       5.10648001480735        750.952206231727        28.8858328641823        5.10648001480733        0.0987475169388376      0.100332627033006       0.0606605077079579      0.0393860220320849      
0.445349291074807       98.013165545124         0.352079893987491       5.10845804949779        751.044216728621        28.8876024298126        5.10845804949785        0.100332627033006       0.101496844800578       0.0535900417510431      0.0390059486651698      
0.455195780622489       97.9816794221818        0.360000747066776       5.11045731305833        751.096785223239        28.8886133897315        5.11045731305837        0.101496844800578       0.102649159546284       0.0393860220320849      0.0418202348111026      
0.465038072634781       97.95353341233          0.36792589123335        5.11247833401346        751.177975965902        28.890174722865         5.11247833401338        0.102649159546284       0.103884197876612       0.0390059486651698      0.0453286892154556      
0.474884251909884       97.9293901210824        0.375862212664745       5.11452357334473        751.293261446322        28.8923915676067        5.11452357334474        0.103884197876612       0.105222719674244       0.0418202348111026      0.0301645016756886      
0.484724970713713       97.9072352211236        0.383820202390602       5.11659488316737        751.427488136197        28.8949724219014        5.11659488316736        0.105222719674244       0.106113439993724       0.0453286892154556      0.0393387760513406      
0.494567364965996       97.883982785704         0.391797030523496       5.11868375919202        751.555729455321        28.8974379766965        5.11868375919196        0.106113439993724       0.107275182369262       0.0301645016756886      0.0205616953372649      
0.50441247884799        97.8580383436976        0.399760773022092       5.12079602685824        751.666580919821        28.8995690263871        5.1207960268583         0.107275182369262       0.107882472966217       0.0393387760513406      0.0330283284339579      
0.514260217129289       97.831284354951         0.407759391818352       5.12292037201949        751.772819464214        28.9016112481297        5.12292037201948        0.107882472966217       0.108857881961566       0.0205616953372649      0.0107345703506721      
0.524102208539976       97.8044864717998        0.415755239862427       5.12506335595413        751.881284496799        28.903696120754         5.12506335595422        0.108857881961566       0.109174825103826       0.0330283284339579      0.0435302161502176      
0.533942628363183       97.7777685759474        0.423789152958397       5.1272119816382         751.991019870667        28.9058052583573        5.12721198163814        0.109174825103826       0.110459702650502       0.0107345703506721      0.00108683182074945     
0.543780990362897       97.7511422241444        0.431797124291614       5.12938535428218        752.104915933321        28.9079942025524        5.12938535428225        0.110459702650502       0.110491773118661       0.0435302161502176      0.0258179017769333      
0.553615258719609       97.7248361437855        0.439839802126832       5.13155859764528        752.221084675678        28.9102266541651        5.13155859764525        0.110491773118661       0.111253300428552       0.00108683182074945     0.00928281317668309     
0.563446010252466       97.6984265268803        0.447847619824237       5.1337458131498         752.338332200542        28.9124796622985        5.13374581314979        0.111253300428552       0.111526999271061       0.0258179017769333      0.028873199295834       
0.573269800516962       97.6719663851848        0.455832986493624       5.13593753747539        752.455677775057        28.9147343787645        5.13593753747539        0.111526999271061       0.112378051779708       0.00928281317668309     0.00422222361365046     
0.583095391988033       97.6453584152809        0.463761894497677       5.13814556921751        752.574098544197        28.9170095761454        5.13814556921753        0.112378051779708       0.112502477094858       0.028873199295834       0.0161966408652443      
0.592916913197732       97.6188596709898        0.471683893737825       5.14035561884227        752.693480722121        28.9193030637193        5.14035561884222        0.112502477094858       0.112979677103637       0.00422222361365046     0.0118120745913406      
0.602737185325411       97.5922798812897        0.479592808660503       5.1425744655379         752.813349826722        28.9216057228026        5.14257446553786        0.112979677103637       0.113327588657032       0.0161966408652443      0.00849554287496004     
0.612553807010449       97.5658018861692        0.487479758525099       5.14479942540425        752.934722224602        28.9239370730389        5.14479942540418        0.113327588657032       0.113577739397464       0.0118120745913406      0.00462424241605075     
0.622366279480653       97.5390534160235        0.495322424362825       5.14702855799113        753.054440177542        28.9262364602246        5.14702855799119        0.113577739397464       0.113713860358538       0.00849554287496004     -0.00527640135685362    
0.632177696738042       97.5124081536319        0.503142463264126       5.14925983246108        753.175089708071        28.9285535550388        5.149259832461          0.113713860358538       0.113558590930571       0.00462424241605075     -0.00240926710755851    
0.641986057372325       97.4857622216646        0.510955304160746       5.15148730695272        753.295000040274        28.9308562695471        5.15148730695273        0.113558590930571       0.11348771177771        -0.00527640135685362    -0.0136480326378676     
0.651788319179467       97.4591207650272        0.518738305559764       5.15371274361269        753.414469002013        28.9331503258808        5.15371274361267        0.11348771177771        0.11308629522306        -0.00240926710755851    -0.018705945688856      
0.661594423931213       97.4328105201007        0.52649309068591        5.1559299965349         753.535125610933        28.9354670029501        5.15592999653485        0.11308629522306        0.112536213215906       -0.0136480326378676     -0.024191425850918      
0.671393420844974       97.4071897838256        0.534203769574408       5.15813600081056        753.659298542607        28.937851001809         5.15813600081058        0.112536213215906       0.111824981922108       -0.018705945688856      -0.0103242102816266     
0.681194556077954       97.3826525703759        0.541894982635952       5.16032750080468        753.789570240327        28.9403518799219        5.16032750080475        0.111824981922108       0.111521558936166       -0.024191425850918      -0.0408271446155727     
0.690988465956447       97.3605920411116        0.549515146740618       5.16251214077915        753.937857668527        28.9431983502654        5.16251214077915        0.111521558936166       0.110322028481827       -0.0103242102816266     -0.0133584080312039     
0.70077830285641        97.3396949980665        0.557101480628518       5.16467259762927        754.091483127158        28.9461469922482        5.16467259762936        0.110322028481827       0.109929624799887       -0.0408271446155727     -0.0439336835950134     
0.71057109202186        97.3156241032368        0.564596818850689       5.16682536706054        754.219252841897        28.9485991378953        5.16682536706052        0.109929624799887       0.108639146300648       -0.0133584080312039     -0.00870117563850142    
0.720361996790442       97.2884814623124        0.572040471506423       5.16895274045136        754.319344303456        28.9505199397458        5.16895274045128        0.108639146300648       0.108383597446781       -0.0439336835950134     -0.0604364442926643     
0.730151428056762       97.2623104298603        0.579356876578707       5.17107463288016        754.425999298748        28.9525665586307        5.17107463288016        0.108383597446781       0.106609094317161       -0.00870117563850142    -0.0256939825015693     
0.739936892337835       97.2386974610656        0.586630223890899       5.17316111215944        754.547172453932        28.9548915931494        5.17316111215941        0.106609094317161       0.105855105049576       -0.0604364442926643     -0.0517739471476312     
0.749719145860007       97.210769107691         0.593774561805302       5.17523137623141        754.632333590565        28.9565255280426        5.17523137623138        0.105855105049576       0.104336774486854       -0.0256939825015693     -0.0359815711994884     
0.759484228475505       97.1808086895196        0.600789016527703       5.1772703558962         754.696979985404        28.9577657975159        5.17727035589617        0.104336774486854       0.103282167641084       -0.0517739471476312     -0.0700187922146902     
0.769256392791257       97.1553241596042        0.60764487214021        5.17928807327286        754.793117512195        28.9596101399517        5.17928807327286        0.103282167641084       0.101230423848324       -0.0359815711994884     -0.0507814154157571     
0.779018922476151       97.133527939335         0.614376254554697       5.18126552209119        754.911899026736        28.9618887318938        5.18126552209111        0.101230423848324       0.0997423342446668      -0.0700187922146902     -0.0602913303992393     
0.788789969831424       97.1134273655923        0.620972907403427       5.18321413579974        755.039534245949        28.9643369651168        5.18321413579967        0.0997423342446668      0.0979753785682369      -0.0507814154157571     -0.069507547285894      
0.79855829722361        97.0917584716126        0.627419202928988       5.18512859160823        755.149879291019        28.9664533803237        5.18512859160832        0.0979753785682369      0.0959380291400309      -0.0602913303992393     -0.0871506708177951     
0.808330940301919       97.0683539095478        0.633695052164823       5.1870033655514         755.240817626038        28.9681974590918        5.18700336555137        0.0959380291400309      0.0933835068493689      -0.069507547285894      -0.086949434752447      
0.818100346486823       97.0449217905623        0.639806580542221       5.18882817982695        755.324137343958        28.9697953305384        5.18882817982689        0.0933835068493689      0.0908351977610413      -0.0871506708177951     -0.0902437223172389     
0.827871044560053       97.0228153882846        0.645747527291725       5.19060281968168        755.410348691828        28.971448563712         5.19060281968173        0.0908351977610413      0.0881910609581761      -0.086949434752447      -0.104420992912064      
0.837634079212073       97.0018900759545        0.651501503956387       5.19232518234084        755.498034864054        28.9731299821069        5.19232518234081        0.0881910609581761      0.085132418503974       -0.0902437223172389     -0.0961897748887544     
0.847397113142845       96.9820821306413        0.65707334194359        5.19398735749768        755.585562735528        28.9748082677105        5.19398735749771        0.085132418503974       0.0823155156560371      -0.104420992912064      -0.117929666830631      
0.85715718099475        96.9630318931609        0.662418363958194       5.19559430558363        755.670864534346        28.9764437764031        5.19559430558365        0.0823155156560371      0.0788626539388205      -0.0961897748887544     -0.109629108510549      
0.86691763693031        96.9448256781263        0.66756515453121        5.1971335027512         755.752802175248        28.9780146964949        5.19713350275114        0.0788626539388205      0.0756538549931793      -0.117929666830631      -0.125364801390824      
0.876671538500666       96.9271483925137        0.67249659067584        5.19860945855309        755.82958563585         28.9794867226199        5.19860945855305        0.0756538549931793      0.0719855635844187      -0.109629108510549      -0.108543871305833      
0.886421933584042       96.9106039181614        0.677241898049557       5.20001344749823        755.90466536942         28.9809260140647        5.20001344749821        0.0719855635844187      0.0688101026291485      -0.125364801390824      -0.138692111079265      
0.896174755999789       96.8947334454562        0.681760137892326       5.20135544706292        755.97592439735         28.9822919958099        5.20135544706292        0.0688101026291485      0.0647529850908442      -0.108543871305833      -0.0986567091152567     
0.905924603692498       96.8798384841448        0.68609279153408        5.20261820038319        756.043216421693        28.9835818739908        5.20261820038325        0.0647529850908442      0.0618672322993524      -0.138692111079265      -0.124724475099322      
0.915674251383829       96.8655956226595        0.690175775056563       5.20382455644039        756.107347763129        28.9848111136224        5.20382455644047        0.0618672322993524      0.0582192272023669      -0.0986567091152567     -0.0936170673404711     
0.925423331192907       96.8520342350521        0.694079763724816       5.20495975933198        756.166411204334        28.9859431679935        5.20495975933202        0.0582192272023669      0.0554812769537818      -0.124724475099322      -0.121562900089278      
0.935173049137557       96.8390003076584        0.697764744234324       5.20604147271809        756.221777667344        28.9870043231511        5.20604147271811        0.0554812769537818      0.0519266806524769      -0.0936170673404711     -0.0855079518336119     
0.944918350650251       96.8269429313775        0.701293036502473       5.20705359641655        756.274622131274        28.9880171053733        5.20705359641664        0.0519266806524769      0.0494267759796612      -0.121562900089278      -0.104169785273083      
0.95466082949769        96.8154688016666        0.704595405480927       5.20801684630278        756.324888752671        28.9889804495254        5.20801684630281        0.0494267759796612      0.0463816162237772      -0.0855079518336119     -0.076715864784979      
0.964407415009343       96.8047852368633        0.707720897687442       5.20892076687432        756.372684229659        28.9898964052739        5.20892076687435        0.0463816162237772      0.0441391549386799      -0.104169785273083      -0.0712094055594229     
0.974149301720436       96.7949717321196        0.710650064826849       5.20978087149827        756.420888280818        28.9908201616538        5.20978087149835        0.0441391549386799      0.0420579081237945      -0.076715864784979      -0.0671432082926807     
0.9838913528926         96.7862403746369        0.713429369078685       5.21060028141397        756.471616999625        28.9917922676138        5.21060028141388        0.0420579081237945      0.0400959965124383      -0.0712094055594229     -0.0638385174142497     
0.993631158955524       96.7789672740419        0.716075612541003       5.21138126475484        756.528145311396        28.9928754718081        5.21138126475488        0.0400959965124383      0.0382311293537156      -0.0671432082926807     -0.0593186308891938     
1.00336517247971        96.77427818744          0.718617228516869       5.21212567561784        756.599550120209        28.9942436838803        5.21212567561789        0.0382311293537156      0.0364984693122039      -0.0638385174142497     -0.0512512656322114     
1.01309999555432        96.7696965205835        0.721075767557689       5.2128363907347         756.666893314277        28.9955340107993        5.21283639073468        0.0364984693122039      0.0350012104760753      -0.0593186308891938     -0.0951441583956664     
1.0228412631711         96.7615850561538        0.723409487023183       5.21351820265261        756.702427511665        28.9962148394055        5.21351820265269        0.0350012104760753      0.0322211679508467      -0.0512512656322114     -0.188120467240241      
1.03258323848235        96.7528597181563        0.725559223570118       5.2141459103531         756.725291721588        28.9966529049588        5.21414591035313        0.0322211679508467      0.0267249859134294      -0.0951441583956664     -0.510313438708842      
1.04232046265989        96.7435620574418        0.727315671961917       5.2146663705829         756.728099447013        28.996706698961         5.21466637058286        0.0267249859134294      0.011820262820089       -0.188120467240241      -1.33636387760639       
1.05205337512561        96.7363822609103        0.728153196162594       5.21489648033527        756.705329059183        28.9962704318098        5.21489648033531        0.011820262820089       -0.0272045594412363     -0.510313438708842      -3.76701870221449       
1.06178512060587        96.7405201083076        0.726418658164628       5.21436688443341        756.660846653436        28.9954181563118        5.21436688443335        -0.0272045594412363     -0.137226961148798      -1.33636387760639       -9.48890809964101       
1.07152306589439        96.7704037155098        0.717631557829583       5.21169446778737        756.506666534509        28.992463896953         5.21169446778743        -0.137226961148798      -0.414530568636587      -3.76701870221449       -8.26659304489258       
1.08126428687732        96.8616524429705        0.690699467240674       5.20361562804991        756.04621261647         28.9836393048153        5.20361562804999        -0.414530568636587      -0.65638856851049       -9.48890809964101       -12.1632886027133       
1.09102215767522        97.0056051439102        0.647994059980879       5.19080443712709        755.30568841081         28.9694415320468        5.19080443712713        -0.65638856851049       -1.01288800555856       -8.26659304489258       -8.60479007002579       
1.100800582175          97.228457781255         0.581475393114157       5.17099243338023        754.151429244149        28.9472974989635        5.17099243338021        -1.01288800555856       -1.26571858834269       -12.1632886027133       -10.9797806446268       
1.11060569327335        97.5094915453477        0.497916997680477       5.14616613321196        752.70006458608         28.9194295430537        5.14616613321191        -1.26571858834269       -1.58930616382659       -8.60479007002579       -7.80775706392427       
1.12044582996829        97.8675338192058        0.392103874539435       5.11488945207909        750.872424649273        28.8842983999049        5.11488945207906        -1.58930616382659       -1.82022593226885       -10.9797806446268       2.87850046262241        
1.13031935799764        98.2844571032444        0.270032675792275       5.07893441685995        748.770467736095        28.8438413941943        5.07893441685999        -1.82022593226885       -1.73476577429152       -7.80775706392427       11.4314956058428        
1.14023828872204        98.6879669548419        0.152586145972494       5.0445300356137         746.751620186029        28.804930522897         5.04453003561363        -1.73476577429152       -1.39413737454034       2.87850046262241        9.29994980258472        
1.15019148308134        99.0166409693407        0.0573616711488689      5.01678512441561        745.117817226884        28.7734024023515        5.01678512441561        -1.39413737454034       -1.11614299115559       11.4314956058428        12.4946944321446        
1.16016842660711        99.282502692542         -0.0194743737047283     4.99451141061887        743.801388859049        28.7479736263474        4.9945114106189         -1.11614299115559       -0.741708184357589      9.29994980258472        8.51329184637674        
1.17017328116363        99.4607155783867        -0.0709617516764786     4.9796754407451         742.923124026938        28.7309961158278        4.97967544074517        -0.741708184357589      -0.486092389708417      12.4946944321446        10.5864005867357        
1.18019149886767        99.5785475609362        -0.104865913086421      4.96993677652507        742.348628514071        28.7198852619588        4.9699367765251         -0.486092389708417      -0.167839444491796      8.51329184637674        9.16837988558159        
1.19021939914862        99.6198888322799        -0.116510332650536      4.96657144534109        742.153942893682        28.7161190292855        4.96657144534114        -0.167839444491796      0.107897311873329       10.5864005867357        6.90992092927367        
1.20024717214095        99.5948950244516        -0.108768097269899      4.96873496917472        742.290956488917        28.7187696364613        4.96873496917476        0.107897311873329       0.315682327699743       9.16837988558159        1.16313649157107        
1.21026711299512        99.5202174022337        -0.0865425655392482     4.97506209469553        742.678891880567        28.7262731442174        4.97506209469561        0.315682327699743       0.350640958734417       6.90992092927367        -4.96964065716881       
1.22028485405893        99.4372716727828        -0.0621238738404927     4.98208600386668        743.107559195489        28.7345622164801        4.98208600386674        0.350640958734417       0.201366361917006       1.16313649157107        -6.56767493449063       
1.23029268664483        99.3902787762516        -0.0484152324538913     4.98611704852019        743.357345195163        28.7393911865301        4.98611704852019        0.201366361917006       0.00417557579950223     -4.96964065716881       -3.9462490989187        
1.2402962023168         99.3904682190368        -0.0485673037967477     4.98620060871014        743.37121970062         28.7396593906326        4.98620060871022        0.00417557579950223     -0.114299441674546      -6.56767493449063       0.485786307054828       
1.25030465207846        99.4190404408845        -0.0567711325225897     4.98391273278107        743.243732301301        28.737194873955         4.98391273278114        -0.114299441674546      -0.0997106708551241     -3.9462490989187        4.24007957924126        
1.26031725708977        99.4445950844674        -0.0635106129058032     4.981915999785          743.136929015173        28.7351300485268        4.98191599978501        -0.0997106708551241     0.027659919714122       0.485786307054828       4.15252063431407        
1.27033413510654        99.4403566875578        -0.061034505237474      4.98247000425666        743.18789161251         28.7361153257343        4.98247000425666        0.027659919714122       0.152395313562014       4.24007957924126        1.69026415807971        
1.28034605892793        99.4075969245911        -0.0499759918362095     4.98552152764173        743.398071718022        28.7401784522029        4.98552152764167        0.152395313562014       0.20314910845893        4.15252063431407        -1.0633469358417        
1.29035280341286        99.3641140982572        -0.0359490033018841     4.98958709730936        743.678852460359        28.7456055087915        4.98958709730934        0.20314910845893        0.171237384425051       1.69026415807971        -2.84755061694209       
1.30035286450633        99.3289757977588        -0.0247553011564179     4.99301206892117        743.926162427683        28.7503847786364        4.99301206892121        0.171237384425051       0.085814957364102       -1.0633469358417        -3.39690329831778       
1.3103486131906         99.3158946899487        -0.0196285651710499     4.99472795275681        744.083813041408        28.7534309651602        4.99472795275674        0.085814957364102       -0.0160804278896292     -2.84755061694209       -1.87063267824872       
1.32034737548939        99.32972803873          -0.0210334766582976     4.99440636595949        744.139539068487        28.7545076479514        4.99440636595954        -0.0160804278896292     -0.0722075343738471     -3.39690329831778       1.0878439185459         
1.33035139573905        99.3531444983012        -0.0254761174560706     4.99296170342409        744.099668392166        28.7537373105589        4.99296170342416        -0.0722075343738471     -0.0395578251186423     -1.87063267824872       2.82726861640094        
1.34035877007378        99.3645361990627        -0.0271390439547153     4.99217007862485        744.066996734095        28.7531060493006        4.99217007862486        -0.0395578251186423     0.0452984655878402      1.0878439185459         2.21442839744701        
1.35036367773068        99.3532531543148        -0.0232277065593923     4.99307640241419        744.117575741839        28.7540832992433        4.99307640241412        0.0452984655878402      0.111739607953802       2.82726861640094        0.219067709032221       
1.36036213883347        99.3244572605141        -0.0157167297691412     4.9953109267147         744.23481996518         28.7563484771466        4.99531092671478        0.111739607953802       0.118309740801439       2.21442839744701        -1.32885660154789       
1.37035551463853        99.2962932345367        -0.00876492959431349    4.99767589698953        744.376037037973        28.7590765776259        4.99767589698947        0.118309740801439       0.0784661571390048      0.219067709032221       -2.0671049475048        
1.38034960132513        99.2782370687431        -0.00486854403252284    4.99924423458805        744.47423142897         28.7609733923703        4.99924423458813        0.0784661571390048      0.0164904130661797      -1.32885660154789       -1.76321402363576       
1.39034293191263        99.2732455409807        -0.00450611069547221    4.99957384782901        744.485883293692        28.7611984623901        4.99957384782907        0.0164904130661797      -0.0363793339582358     -2.0671049475048        -0.388755748256081      
1.40033853147395        99.2795874115842        -0.00636004787468487    4.99884658261643        744.42513938395         28.7600251001272        4.9988465826164         -0.0363793339582358     -0.0480371715892297     -1.76321402363576       1.10469588944661        
1.41033632873596        99.288425552446         -0.0078878416049323     4.99788617072363        744.348373472238        28.7585421797157        4.99788617072362        -0.0480371715892297     -0.0149126864819219     -0.388755748256081      1.7472880508901         
1.4203313312146         99.2894624280701        -0.00743696557731431    4.99758808903428        744.311752195709        28.7578347236928        4.99758808903421        -0.0149126864819219     0.0374631249720864      1.10469588944661        1.19657907941996        
1.43032045599367        99.2760572038065        -0.00519187682106135    4.99833656809796        744.322720587557        28.75804661477          4.99833656809789        0.0374631249720864      0.0733120822791768      1.7472880508901         -0.258255440719502      
1.44030537958898        99.2531183241141        -0.00243659276720667    4.99980042527739        744.368674810519        28.7589343569094        4.99980042527747        0.0733120822791768      0.0655801920658392      1.19657907941996        -1.46075792216358       
1.4502813578779         99.2191668778406        -0.000595814364667556   5.00110887475027        744.308784027145        28.7577773833473        5.00110887475033        0.0655801920658392      0.0218835213537717      -0.258255440719502      -1.64548526106271       
1.46024827888735        99.1431498365989        -0.000156572493879609   5.00154508437865        743.803400572586        28.7480125027528        5.00154508437864        0.0218835213537717      -0.0272839278973381     -1.46075792216358       -0.899176456613015      
1.47020495184281        98.9920465718048        -0.000541753530142785   5.00100189512881        742.589118762412        28.7245369126662        5.00100189512875        -0.0272839278973381     -0.0541080838693175     -1.64548526106271       0.456305181380872       
1.48014221060577        98.7389513263369        -0.0008492259641601     4.99992676109564        740.531287648607        28.6847091990103        4.9999267610956         -0.0541080838693175     -0.0405106397908312     -0.899176456613015      1.35938139114499        
1.49005125693419        98.4649729320764        -0.000565664309304391   4.99912254196056        738.357698667419        28.642580941036         4.99912254196064        -0.0405106397908312     -3.88735942547719e-12   0.456305181380872       1.35938139114499        
1.5                     98.4649729320764        0.000565664309304391    4.99912254196056        738.357698667419        28.642580941036         4.99912254196056        -3.88735942547719e-12   -3.88735942547719e-12   1.35938139114499        1.35938139114499        
