# xp[i]                    V[i]                   up[i]                    p[i]                    e[i]                   cs[i]                  dd1[i]             dd2_left[i]            dd2_right[i]             dd3_left[i]            dd3_right[i]
-1.5                    97.6612521917541        -0.00350553143813976    5.0574252534995         740.871724684441        28.6913019085042        5.0574252534995         0.00206165753671385     0.00206165753671385     0.0783649948275376      0.0783649948275376      
-1.4900896165045        97.6612521917541        0.00350553143813976     5.0574252534995         740.871724684441        28.6913019085042        5.0574252534995         0.00206165753671385     0.00206165753671385     0.0783649948275376      0.0783649948275376      
-1.48025766066215       97.9580331174113        0.0104260679705444      5.05746590726293        743.129119250761        28.734979056713         5.05746590726293        0.00206165753671385     0.00438074897587329     0.0783649948275376      0.0667951237276799      
-1.4703940155347        98.2410335914382        0.0173713618962352      5.05755230567166        745.288748927917        28.7767025546693        5.05755230567166        0.00438074897587329     0.00635882077138627     0.0783649948275376      0.0622967181014921      
-1.46050867843473       98.4113109373012        0.0243305084149262      5.05767799548704        746.599082751932        28.8019884103691        5.05767799548704        0.00635882077138627     0.00820714077864583     0.0667951237276799      0.0710343436379021      
-1.45061056874646       98.4877320896304        0.0312781724283286      5.05784045690365        747.202853807431        28.8136320709377        5.05784045690365        0.00820714077864583     0.0103172473865678      0.0622967181014921      0.079021822763387       
-1.44070186571864       98.5058586599525        0.0382132471809892      5.05804487994494        747.370581059329        28.8168658381266        5.05804487994494        0.0103172473865678      0.0126664341224168      0.0710343436379021      0.0654363198495252      
-1.43078994332227       98.5084665784479        0.0451090619833588      5.05829599102005        747.427472362944        28.817962615219         5.05829599102006        0.0126664341224168      0.01461289704869        0.079021822763387       0.06826859247177        
-1.42087264609785       98.5096820809707        0.0519653160874326      5.05858584657124        747.479525287546        28.8189660792168        5.05858584657124        0.01461289704869        0.0166446753236517      0.0654363198495252      0.0608416454661712      
-1.41094796698276       98.5086882039052        0.0588017742210592      5.05891619223882        747.520796746412        28.8197616758288        5.05891619223881        0.0166446753236517      0.0184559847810106      0.06826859247177        0.0648476184354125      
-1.40102076705696       98.5069399210925        0.0656432351760474      5.05928254158013        747.561662050899        28.8205494212974        5.05928254158013        0.0184559847810106      0.0203865401447508      0.0608416454661712      0.063678502542243       
-1.39110005805088       98.5041268768054        0.0724662522921115      5.05968710644499        747.60009103529         28.8212901830745        5.059687106445          0.0203865401447508      0.02228202179989        0.0648476184354125      0.0678620068169463      
-1.38117926699729       98.5000700029093        0.0792653433130558      5.06012923690576        747.634626088478        28.8219558687177        5.06012923690576        0.02228202179989        0.0243018700632561      0.063678502542243       0.0664915003153109      
-1.37125660808798       98.4940896941783        0.0860497631816653      5.06061146623885        747.660479494674        28.8224541998976        5.06061146623885        0.0243018700632561      0.0262807308278813      0.0678620068169463      0.0651820161465929      
-1.36133611409139       98.4880527786468        0.0928032232683673      5.06113285974061        747.691680314815        28.8230555924095        5.06113285974061        0.0262807308278813      0.0282204214704029      0.0664915003153109      0.0583245362942575      
-1.35142099367363       98.4834635399516        0.0995011963329873      5.06169265379456        747.739535880626        28.8239779790026        5.06169265379456        0.0282204214704029      0.0299562294044962      0.0651820161465929      0.0627324454478509      
-1.34149875235667       98.4770497161448        0.106169784613024       5.06228708689002        747.778645699599        28.8247317747875        5.06228708689002        0.0299562294044962      0.0318236844237208      0.0583245362942575      0.059355200330757       
-1.33157157858289       98.4679337453813        0.112828062752801       5.06291878340917        747.802726984471        28.825195903439         5.06291878340917        0.0318236844237208      0.0335905504188731      0.0627324454478509      0.0578024942361357      
-1.321648394741         98.4540289414808        0.119460037021885       5.06358531942803        747.795563379938        28.8250578370806        5.06358531942803        0.0335905504188731      0.0353105646933497      0.059355200330757       0.0569832982068715      
-1.31173601199952       98.4359936755749        0.126064639407715       5.06428558334701        747.761975480477        28.8244104783212        5.06428558334701        0.0353105646933497      0.0370056450159767      0.0578024942361357      0.0537240672602622      
-1.30182082225771       98.4203945242059        0.132645843643474       5.06501937510061        747.751807755224        28.8242145070815        5.06501937510061        0.0370056450159767      0.0386036680167613      0.0569832982068715      0.0539884351898142      
-1.29190521596706       98.4061304225589        0.139199177560285       5.0657849331385         747.756439234592        28.8243037736983        5.06578493313851        0.0386036680167613      0.0402095810934344      0.0537240672602622      0.0403805073523531      
-1.28198916768779       98.391888234188         0.145718368737385       5.0665822932902         747.765898096088        28.8244860818808        5.06658229329021        0.0402095810934344      0.041410774355173       0.0539884351898142      0.0540520080082633      
-1.27207666368977       98.3787007673897        0.15221664701468        5.06740351167304        747.786860613752        28.8248901050956        5.06740351167305        0.041410774355173       0.0430186590252051      0.0403805073523531      0.0502888107355917      
-1.26215565637751       98.3663389942015        0.158683220736793       5.06825668853034        747.818783300407        28.8255053593632        5.06825668853033        0.0430186590252051      0.0445144118086731      0.0540520080082633      0.0500819661864602      
-1.25224474252893       98.354442243809         0.165117543247655       5.06913925336484        747.858545881346        28.8262716955933        5.06913925336484        0.0445144118086731      0.0460035315095818      0.0502888107355917      0.029826601545785       
-1.24233458433245       98.342624350182         0.171515525105307       5.07005093710769        747.903172116404        28.8271317437893        5.07005093710768        0.0460035315095818      0.0468900688384027      0.0500819661864602      0.0427201191615943      
-1.23243043385756       98.3305650609295        0.177896094368098       5.07097994687425        747.94848538318         28.8280050063819        5.07097994687425        0.0468900688384027      0.0481597228630952      0.029826601545785       0.0460131717758747      
-1.22252388115897       98.3183536525548        0.184243754710814       5.07193414165234        747.996321962163        28.8289268687269        5.07193414165235        0.0481597228630952      0.0495271326037167      0.0427201191615943      0.0522550094529705      
-1.21261488001064       98.3058334272563        0.190559724671198       5.07291539487869        748.045763699263        28.8298796332182        5.07291539487869        0.0495271326037167      0.0510799775158477      0.0460131717758747      0.0449734351369218      
-1.20271455972014       98.2928736165824        0.196843882620286       5.07392723273112        748.096332339863        28.8308540810759        5.07392723273111        0.0510799775158477      0.0524163316070556      0.0522550094529705      0.0442878303030953      
-1.19280641375127       98.2798717358289        0.203131136718795       5.07496558129149        748.150449589611        28.8318968734593        5.0749655812915         0.0524163316070556      0.0537321769593046      0.0449734351369218      0.0371472686991839      
-1.18290374975221       98.266705315698         0.2094066563585         5.07602985367284        748.207094706832        28.8329883352545        5.07602985367284        0.0537321769593046      0.0548356558176045      0.0442878303030953      0.0455532140760877      
-1.17300325527163       98.2532778257277        0.215665233655146       5.07711560585431        748.264875263013        28.8341016325965        5.07711560585431        0.0548356558176045      0.0561884436994102      0.0371472686991839      0.0527800931837694      
-1.16310668223718       98.2400792748548        0.221896463619878       5.07822787244124        748.328263146608        28.8353229206936        5.07822787244125        0.0561884436994102      0.0577554735003345      0.0455532140760877      0.0424789659996741      
-1.15320974103334       98.226527100386         0.228099311044804       5.07937092572709        748.393448833267        28.8365787929395        5.0793709257271         0.0577554735003345      0.0590165291169991      0.0527800931837694      0.0415289511461833      
-1.14331768709327       98.2128441486649        0.234280888490948       5.08053885293303        748.461255831522        28.8378851095322        5.08053885293303        0.0590165291169991      0.060249346113861       0.0424789659996741      0.0423682775644458      
-1.13341907185586       98.1991542218826        0.240439920791448       5.08173126140606        748.532567779464        28.8392588859057        5.08173126140606        0.060249346113861       0.061507097094407       0.0415289511461833      0.0431716591346355      
-1.12352590268616       98.1854377544733        0.246582604325366       5.08294853692045        748.60729077149         28.8406983035257        5.08294853692044        0.061507097094407       0.0627886298059163      0.0423682775644458      0.040961820114184       
-1.11362922838952       98.1719997243705        0.252728769761313       5.08419104171963        748.68780231952         28.842249147918         5.08419104171964        0.0627886298059163      0.0640043709727578      0.0431716591346355      0.0422659324446248      
-1.10373836397221       98.1584579630801        0.258868665798724       5.08545736437395        748.770979385904        28.843851248979         5.08545736437394        0.0640043709727578      0.0652585260832506      0.040961820114184       0.0329863706996245      
-1.09384688663897       98.1440402552757        0.264979371063444       5.08674812487462        748.851019104214        28.8453928365271        5.08674812487463        0.0652585260832506      0.0662370229634711      0.0422659324446248      0.0388881239799856      
-1.0839623344826        98.1285420007563        0.271078381535366       5.08805779648428        748.925539776876        28.8468280516415        5.08805779648431        0.0662370229634711      0.0673901786007214      0.0329863706996245      0.0368882453887127      
-1.07407791392057       98.1121840838155        0.277181834764029       5.08938977293613        748.996719414896        28.8481988541341        5.08938977293611        0.0673901786007214      0.068483603243795       0.0388881239799856      0.0447937623165617      
-1.06420102313103       98.0965203988688        0.283296295722094       5.0907428076079         749.076233507855        28.8497300874694        5.09074280760792        0.068483603243795       0.0698108792132795      0.0368882453887127      0.0274612611146237      
-1.05432510487772       98.0823630733203        0.289414437069903       5.09212158403933        749.170977028855        28.851554493627         5.09212158403932        0.0698108792132795      0.0706243823575921      0.0447937623165617      0.0378413402045654      
-1.04445350079473       98.0709582752739        0.295548663928582       5.09351622197134        749.289025319074        28.8538275011416        5.09351622197133        0.0706243823575921      0.0717453936681822      0.0274612611146237      0.0259018164727013      
-1.03457811029343       98.0580013480474        0.301684656185465       5.09493320958549        749.398451300619        28.8559343270943        5.0949332095855         0.0717453936681822      0.0725128207791988      0.0378413402045654      0.0383597785147401      
-1.02470004687021       98.0431767695678        0.307845760915681       5.0963656869553         749.495822892777        28.8578089353217        5.09636568695528        0.0725128207791988      0.0736492299129977      0.0259018164727013      0.0348737347102138      
-1.0148219339377        98.026875650742         0.314011339554839       5.09782013339155        749.585070458734        28.8595270319821        5.09782013339157        0.0736492299129977      0.0746819464747725      0.0383597785147401      0.0307639465996251      
-1.00495964089896       98.0065319271662        0.320161185154201       5.09929397642433        749.646176859657        28.8607033266816        5.09929397642435        0.0746819464747725      0.0755925920233332      0.0348737347102138      0.0315759823412508      
-0.995092478654643      97.9857614438503        0.326318813287399       5.10078548334239        749.706524320563        28.8618649647778        5.10078548334237        0.0755925920233332      0.0765271694283224      0.0307639465996251      0.0393461168862221      
-0.985227374389087      97.9669689099413        0.332479937015396       5.10229559416972        749.784650765032        28.8633687639817        5.10229559416971        0.0765271694283224      0.0776917717241384      0.0315759823412508      0.0336634438999742      
-0.975358740120229      97.9488689744088        0.338639919473592       5.10382866879943        749.871368322101        28.8650378355335        5.10382866879944        0.0776917717241384      0.0786880904857153      0.0393461168862221      0.0289584604635741      
-0.965495553168401      97.9310391966172        0.34479281706198        5.10538115259861        749.962922653208        28.8667998967905        5.10538115259859        0.0786880904857153      0.0795450201815108      0.0336634438999742      0.037568692962159       
-0.955631380426131      97.9133566098422        0.350958433731363       5.10695023987346        750.057960038174        28.8686288793865        5.10695023987344        0.0795450201815108      0.0806565118112243      0.0289584604635741      0.0247369388159078      
-0.945771360238199      97.895723797969         0.357128560926373       5.10854093967183        750.156469261096        28.8705245547753        5.10854093967185        0.0806565118112243      0.0813882520499318      0.037568692962159       0.0224465324725176      
-0.935911769931552      97.8778974808426        0.36331254894431        5.11014581640415        750.255492495242        28.8724299961677        5.11014581640416        0.0813882520499318      0.0820521321101508      0.0247369388159078      0.0120836067672429      
-0.926053418213951      97.8602176814464        0.369479113243764       5.11176357739614        750.357444630112        28.8743916651669        5.11176357739615        0.0820521321101508      0.0824094351116804      0.0224465324725176      0.0233780984696877      
-0.916197196300664      97.8423669971777        0.375636263129702       5.11338788907215        750.458961662282        28.87634482991          5.11338788907215        0.0824094351116804      0.0831005162361195      0.0120836067672429      0.0133447945355403      
-0.906347464964552      97.8242482618847        0.381778246910682       5.11502528191719        750.560254566126        28.8782935508109        5.11502528191721        0.0831005162361195      0.0834948886874816      0.0233780984696877      0.0134440275852468      
-0.896495624321183      97.8061237697171        0.387956078287458       5.1166700939992         750.662502753743        28.8802605165563        5.11667009399921        0.0834948886874816      0.0838921059590961      0.0133447945355403      0.00671124635607216     
-0.886649928618783      97.7879598416084        0.394153596740051       5.11832236718314        750.765453147765        28.8822408554262        5.11832236718315        0.0838921059590961      0.0840903515347097      0.0134440275852468      0.0107159183284121      
-0.876802727799559      97.7698564574531        0.400355697288438       5.11997815162968        750.869293425195        28.8842381744245        5.11997815162967        0.0840903515347097      0.0844068268515298      0.00671124635607216     0.0103288209115779      
-0.866961744759698      97.751787779435         0.406551813978431       5.12163984754133        750.974177189337        28.8862554242082        5.12163984754135        0.0844068268515298      0.0847118277940144      0.0107159183284121      0.0282613825516355      
-0.857117416085638      97.7336775822953        0.412769959738197       5.12330740184199        751.079510649919        28.8882811813202        5.12330740184199        0.0847118277940144      0.0855462873276043      0.0103288209115779      0.00882801061480316     
-0.84727700995081       97.7153958294924        0.418954476264343       5.12499128108898        751.185827481461        28.8903257064341        5.12499128108899        0.0855462873276043      0.0858069230159854      0.0282613825516355      0.00243362528661991     
-0.837434475227857      97.6972210481747        0.425125452226929       5.12668007715141        751.293595111101        28.8923979834585        5.12668007715139        0.0858069230159854      0.0858787651055828      0.00882801061480316     0.00467650238542259     
-0.827597251319186      97.6794671883789        0.431305533490215       5.12837009688411        751.404687912681        28.8945340450535        5.12837009688411        0.0858787651055828      0.086016798800905       0.00243362528661991     0.00725434744590142     
-0.817755965709095      97.6623239296563        0.437489162066995       5.13006261152149        751.520754818746        28.8967655786892        5.13006261152148        0.086016798800905       0.086230879266212       0.00467650238542259     0.0158458980901981      
-0.807922642355049      97.6458854208448        0.443656693429289       5.1317588927166         751.64271126841         28.8991101606263        5.13175889271659        0.086230879266212       0.0866983989075823      0.00725434744590142     0.0128223617230557      
-0.798087796087587      97.6287172900402        0.449812691382121       5.13346397611757        751.760254864482        28.9013697265657        5.13346397611756        0.0866983989075823      0.0870765800732112      0.0158458980901981      0.0130278578461157      
-0.788257135173742      97.6092468378689        0.455930856887214       5.13517588362793        751.860975571365        28.9033057619398        5.13517588362791        0.0870765800732112      0.087460649951847       0.0128223617230557      0.00223676736626712     
-0.778433717935877      97.5878203691303        0.462002602637363       5.13689430250043        751.947477671431        28.9049683862948        5.13689430250042        0.087460649951847       0.0875265497612373      0.0130278578461157      -0.00254415007368219    
-0.768615395755999      97.5676773438382        0.468072943575985       5.13861288950752        752.043786597537        28.9068193914619        5.13861288950751        0.0875265497612373      0.0874516310701604      0.00223676736626712     -0.0069982269147784     
-0.758805384175031      97.5509623092505        0.474123935191111       5.14032926455662        752.16609951585         28.9091700083757        5.14032926455663        0.0874516310701604      0.0872455945703101      -0.00254415007368219    0.00902452807299025     
-0.748990601173553      97.5384994635082        0.480153636879396       5.14204164049086        752.320538688532        28.9121377565535        5.14204164049087        0.0872455945703101      0.0875113115478348      -0.0069982269147784     -0.00164186186310641    
-0.739176026323068      97.5235175561956        0.486123520276183       5.14375961589286        752.456296808066        28.9147462726022        5.14375961589288        0.0875113115478348      0.0874629595901769      0.00902452807299025     0.0129471281786671      
-0.729357025546043      97.5041108932603        0.492066475779098       5.14547693261679        752.55773015487         28.916695103826         5.14547693261679        0.0874629595901769      0.0878442782357778      -0.00164186186310641    -0.0136204188839497     
-0.719540024704046      97.486725778222         0.497948104701848       5.14720177248206        752.675771578705        28.9189628594324        5.14720177248201        0.0878442782357778      0.0874431755091715      0.0129471281786671      -0.00962114307048709    
-0.709722629596544      97.4702982192497        0.503811442390248       5.14891833735954        752.799908773496        28.9213475322583        5.14891833735955        0.0874431755091715      0.0871599460116121      -0.0136204188839497     -0.0361896811552134     
-0.699913154864885      97.4505054010555        0.509630198264305       5.15062850613089        752.897026583309        28.923213026205         5.15062850613089        0.0871599460116121      0.0860950896902443      -0.00962114307048709    -0.0269011435215044     
-0.690107419797145      97.4278203939242        0.51545534109761        5.15231690599965        752.96850919547         28.9245860278735        5.15231690599965        0.0860950896902443      0.0853037584220433      -0.0361896811552134     -0.0123355171022396     
-0.680306618689411      97.4060621081151        0.521256791008256       5.15398959872587        753.044746437108        28.9260502822304        5.1539895987259         0.0853037584220433      0.0849409172801838      -0.0269011435215044     -0.00988009896402676    
-0.670496628220713      97.3869427503724        0.52700938043299        5.15565538149173        753.140273216977        28.9278849174398        5.1556553814917         0.0849409172801838      0.0846503324267462      -0.0123355171022396     -0.0142689112519165     
-0.660695258701327      97.3687960062968        0.532686566752573       5.15731501322504        753.242330194381        28.9298448395114        5.15731501322508        0.0846503324267462      0.0842307654801305      -0.00988009896402676    -0.0261840967948844     
-0.650896524158908      97.3512400848382        0.538297396393959       5.15896581762631        753.347579851818        28.9318659353665        5.15896581762629        0.0842307654801305      0.0834610594397738      -0.0142689112519165     -0.0553278643741768     
-0.641098178888519      97.3342087451459        0.543851209522226       5.16060131088457        753.454567866169        28.9339202679748        5.16060131088455        0.0834610594397738      0.0818348505769267      -0.0261840967948844     -0.0609339567180277     
-0.631301835517446      97.3174771692746        0.54938527138546        5.16220475691666        753.559115361537        28.9359275980098        5.16220475691669        0.0818348505769267      0.0800440843824552      -0.0553278643741768     -0.0483399559627398     
-0.621505503690698      97.3010784268907        0.554898463889004       5.16377292434199        753.661011435082        28.9378838862961        5.16377292434197        0.0800440843824552      0.0786237043659844      -0.0609339567180277     -0.0271427531739454     
-0.611711916838928      97.2850515072846        0.560353869524969       5.16531291182849        753.761599017715        28.939814923345         5.16531291182849        0.0786237043659844      0.0778263304630304      -0.0483399559627398     -0.00686885535683779    
-0.601921804210639      97.269158209821         0.565699258120539       5.16683691376008        753.860815813309        28.9417195183951        5.16683691376004        0.0778263304630304      0.0776245720267464      -0.0271427531739454     -0.0280773889193033     
-0.592131443410407      97.2532442635536        0.570878772267008       5.16835688705947        753.959212167621        28.943608240232         5.16835688705947        0.0776245720267464      0.0767999009503433      -0.00686885535683779    -0.0470691790764897     
-0.582340108760481      97.2376801645509        0.575915100975657       5.16986071532975        754.057894098765        28.9455023199492        5.16986071532976        0.0767999009503433      0.0754175197507815      -0.0280773889193033     -0.0893495803893206     
-0.572550893813856      97.2225232819792        0.58083480432843        5.17133726139716        754.155685942728        28.9473791932635        5.17133726139716        0.0754175197507815      0.0727939211957438      -0.0470691790764897     -0.106640831983966      
-0.562764078499037      97.207942506615         0.585696361976034       5.17276205866853        754.250335199175        28.9491956364781        5.17276205866852        0.0727939211957438      0.0696632799701558      -0.0893495803893206     -0.10163794665395       
-0.55298087319749       97.1941317959339        0.590504602858059       5.17412528940443        754.341922960574        28.9509532170949        5.1741252894044         0.0696632799701558      0.0666799161857646      -0.106640831983966      -0.0568579593102477     
-0.543196385919579      97.1809549947143        0.595226337182852       5.17543007156558        754.429855294658        28.9526405492114        5.17543007156557        0.0666799161857646      0.0650109662285593      -0.10163794665395       -0.0381087460035525     
-0.533412878877426      97.1685584733561        0.599756088351091       5.17670227918712        754.519047171524        28.9543519502207        5.17670227918713        0.0650109662285593      0.0638923328389283      -0.0568579593102477     -0.0241503898296972     
-0.523626133406166      97.156508450672         0.604049034171175       5.17795263431489        754.60769830949         28.9560528753775        5.17795263431485        0.0638923328389283      0.0631834557302312      -0.0381087460035525     -0.0741362694413956     
-0.513843689390288      97.1449810468705        0.608058826722099       5.17918897591           754.698322354407        28.9577915508917        5.17918897591005        0.0631834557302312      0.0610077345628229      -0.0241503898296972     -0.133018964626946      
-0.504060344253433      97.133998722572         0.611865822401472       5.18038247020162        754.786896364498        28.9594907944125        5.18038247020158        0.0610077345628229      0.0571053676177353      -0.0741362694413956     -0.179088344555626      
-0.494283479189342      97.1233154397864        0.615558293926811       5.18149911010683        754.866558782818        28.9610189888028        5.18149911010683        0.0571053676177353      0.0518539378007184      -0.133018964626946      -0.152438710348843      
-0.484512500279105      97.1111534212666        0.619213279067119       5.18251249261718        754.919648667267        28.9620373874197        5.18251249261722        0.0518539378007184      0.0473860544086341      -0.179088344555626      -0.0864841199539905     
-0.474745284441524      97.0992327785193        0.622771411201757       5.18343820067713        754.961808660926        28.9628460975039        5.18343820067708        0.0473860544086341      0.0448520636287023      -0.152438710348843      -0.0224249058845763     
-0.464979788135936      97.0899914237026        0.626091285184654       5.18431420510999        755.017532567863        28.9639149549892        5.18431420510995        0.0448520636287023      0.0441951471139823      -0.0864841199539905     -0.0133360235325151     
-0.455216051069074      97.0850552367867        0.629039362808093       5.185177234811          755.104827381233        28.9655893044993        5.18517723481104        0.0441951471139823      0.043804472309952       -0.0224249058845763     -0.0557580349903262     
-0.445453615770374      97.0838462526578        0.631594432225594       5.18603273978981        755.220007756505        28.9677983621758        5.18603273978983        0.043804472309952       0.0421707020785086      -0.0133360235325151     -0.148068982336821      
-0.435682057489098      97.0777771606024        0.633845886999354       5.18685667039436        755.292774018792        28.9691938678696        5.18685667039437        0.0421707020785086      0.0378310124774158      -0.0557580349903262     -0.235456468156837      
-0.425911636510228      97.0688560615251        0.635974895887302       5.1875959477582         755.331006537438        28.9699270611869        5.18759594775824        0.0378310124774158      0.0309290014805794      -0.148068982336821      -0.227160190386891      
-0.416140897522551      97.0628777430137        0.638147934395083       5.18820037254941        755.372487700532        28.9707225334768        5.18820037254941        0.0309290014805794      0.0242697561012615      -0.235456468156837      -0.129838272051783      
-0.406368134040767      97.0584247788434        0.640350146977245       5.18867471559987        755.406891878905        28.9713822759039        5.18867471559985        0.0242697561012615      0.0204629630206627      -0.227160190386891      0.0139844735860044      
-0.396595169061491      97.0533295653717        0.642401995931078       5.18907472043836        755.425468473065        28.9717384986945        5.18907472043841        0.0204629630206627      0.0208730231341229      -0.129838272051783      0.0654851719270758      
-0.386818367078886      97.0484074717811        0.644053810715563       5.1894827810153         755.446559249647        28.9721429278702        5.18948278101532        0.0208730231341229      0.0227928988745324      0.0139844735860044      0.0550241873974424      
-0.377045609175289      97.0436819517333        0.645229265307723       5.18992821884415        755.474615132756        28.9726809086835        5.18992821884419        0.0227928988745324      0.0244055694616666      0.0654851719270758      -0.10994715460692       
-0.367282259861149      97.0391191586182        0.645967506213719       5.19040494782927        755.50848632083         28.9733303865781        5.19040494782926        0.0244055694616666      0.021183952452717       0.0550241873974424      -0.245910069092844      
-0.357514487430143      97.0357130014214        0.646584546650492       5.19081874351718        755.542196757497        28.9739767676195        5.19081874351713        0.021183952452717       0.0139785233730145      -0.10994715460692       -0.356783423927908      
-0.347746480488483      97.0343000995303        0.6472975881139         5.19109182114103        755.570942425225        28.9745279402678        5.19109182114103        0.0139785233730145      0.0035245445355504      -0.245910069092844      -0.387605275525859      
-0.337979240971948      97.035420811201         0.648151249506185       5.19116066515165        755.589689462317        28.9748873924054        5.19116066515162        0.0035245445355504      -0.00783088722571984    -0.356783423927908      -0.591407248155848      
-0.328216247761007      97.0394845630259        0.648705649051997       5.19100773765324        755.599072836824        28.975067305776         5.19100773765324        -0.00783088722571984    -0.0251565672297264     -0.387605275525859      -1.2392405928929        
-0.318451958509241      97.0478043156158        0.648021220362306       5.1905164156092         755.59233209855         28.9749380614533        5.19051641560922        -0.0251565672297264     -0.0614648757753694     -0.591407248155848      -3.55280408097861       
-0.308682394455006      97.0652088089375        0.643901212097559       5.18931568720772        755.553016131469        28.9741842207367        5.18931568720768        -0.0614648757753694     -0.165592058700042      -1.2392405928929        -7.78140360578173       
-0.298915419615138      97.1073401730482        0.631946204115838       5.18607976602595        755.409618006065        28.9714345521022        5.18607976602596        -0.165592058700042      -0.393789528731847      -3.55280408097861       -12.0497785048524       
-0.289135885440568      97.2026872618147        0.604536966002812       5.17837813511709        755.028405586809        28.9641235091278        5.1783781351171         -0.393789528731847      -0.747563911945414      -7.78140360578173       -7.7252630700074        
-0.279346460355654      97.3813583861249        0.554161162462712       5.16373623236496        754.277472983025        28.9497164250749        5.16373623236493        -0.747563911945414      -0.974777425693929      -12.0497785048524       -12.7964849765404       
-0.269532534431447      97.6193661862733        0.489616102056037       5.14460401131482        753.319474295868        28.9313262417491        5.14460401131483        -0.974777425693929      -1.35208722966593       -7.7252630700074        -7.29315213384844       
-0.259695268643945      97.9560704446077        0.401101213967293       5.11798986436328        752.007263532536        28.9061174519731        5.11798986436326        -1.35208722966593       -1.56786130677141       -12.7964849765404       -4.89620249266715       
-0.249816226225054      98.3628353791838        0.297744223546901       5.08700853248814        750.558874280452        28.8782669971046        5.0870085324881         -1.56786130677141       -1.71331047173817       -7.29315213384844       9.08315661188716        
-0.239891076227798      98.8323732699919        0.182983352128826       5.05300210965927        749.100285953852        28.850193258622         5.05300210965925        -1.71331047173817       -1.44228981087206       -4.89620249266715       11.0231186884672        
-0.229923675535033      99.277023764131         0.0840211493434399      5.02424916621681        748.188755807132        28.8326349781927        5.02424916621677        -1.44228981087206       -1.11197024402854       9.08315661188716        10.8540685624989        
-0.219912384362071      99.6927513314034        0.00504822722390319     5.0019877481901         747.992881114563        28.8288605608755        5.00198774819015        -1.11197024402854       -0.785373641433759      11.0231186884672        8.45420470448306        
-0.209862774351985      100.093172314334        -0.0529806993095369     4.98620139221234        748.627072717022        28.8410793586937        4.98620139221234        -0.785373641433759      -0.529981028025773      10.8540685624989        10.3149039402661        
-0.199772404983382      100.512639788548        -0.0923383836141254     4.97550717247066        750.152040287821        28.8704393279089        4.97550717247066        -0.529981028025773      -0.21715369394432       8.45420470448306        8.88401306688331        
-0.189645762909627      100.958352534066        -0.107188542526607      4.97110813538581        752.812331425867        28.9215861603188        4.9711081353858         -0.21715369394432       0.0534248394054485      10.3149039402661        7.17566204507271        
-0.179473991567405      101.464136557053        -0.100434756817234      4.97219523928383        756.749245120538        28.99711183167          4.97219523928384        0.0534248394054485      0.273054254622433       8.88401306688331        2.46631957174679        
-0.169247604838104      102.065036960502        -0.0772998815090932     4.97778147621597        762.086175526925        29.0991824155274        4.97778147621601        0.273054254622433       0.348991921700258       7.17566204507271        -3.08782340035245       
-0.158955468520793      102.819568524859        -0.050329382783946      4.98496749706801        768.82831073847         29.227618421594         4.98496749706804        0.348991921700258       0.253209200241297       2.46631957174679        -5.96601017367137       
-0.14858453939968       103.790390676417        -0.0334293977541145     4.99022417909586        776.905975666889        29.3807566589443        4.99022417909582        0.253209200241297       0.0663484709183232      -3.08782340035245       -4.44445670623311       
-0.138098067698327      105.006135906486        -0.0331238016087285     4.9916167906449         786.225586667332        29.5564542052311        4.99161679064493        0.0663484709183232      -0.0745372952028119     -5.96601017367137       -1.36223418992552       
-0.127463232051932      106.447051206701        -0.0440851208839991     4.99003134439842        796.761183060333        29.7538267017937        4.99003134439839        -0.0745372952028119     -0.118319098574869      -4.44445670623311       1.96038642677434        
-0.116678356024085      108.075798038953        -0.0557398937156749     4.98747813063925        808.538518755993        29.9729233134024        4.98747813063923        -0.118319098574869      -0.0543632284299972     -1.36223418992552       3.27971225201287        
-0.105724843471546      109.831279516927        -0.0572661037995444     4.98628680082036        821.475389058696        30.2117598343334        4.98628680082035        -0.0543632284299972     0.0543295706572718      1.96038642677434        2.47668566431255        
-0.0945882284075315     111.649582589421        -0.0455155734558744     4.98749681606602        835.277906519759        30.4645131718814        4.98749681606604        0.0543295706572718      0.137724593551703       3.27971225201287        0.529656704069811       
-0.083271447881523      113.47454725991         -0.0262214736697813     4.99061310517116        849.461343988004        30.7220757398397        4.99061310517113        0.137724593551703       0.155838313954361       2.47668566431255        -1.17158458360288       
-0.0717877005735582     115.254985900463        -0.0100202427933108     4.9941930673017         863.408477334068        30.9732586692684        4.9941930673017         0.155838313954361       0.115165965086672       0.529656704069811       -2.10313340524202       
-0.0601274061198648     116.929992399361        -0.00456264879858616    4.9968782090446         876.427396506172        31.2059003770151        4.99687820904461        0.115165965086672       0.0411205983808978      -1.17158458360288       -2.09219954341226       
-0.0483009214865166     118.421618796017        -0.00961036490451933    4.9978501003506         887.780249075027        31.407363769859         4.99785010035057        0.0411205983808978      -0.0334574017554083     -2.10313340524202       -0.977010214258447      
-0.0363438951708593     119.614878743741        -0.0183813999482874     4.99705038982148        896.582364682292        31.5626777606839        4.99705038982151        -0.0334574017554083     -0.0686304071999248     -2.09219954341226       0.310502376897419       
-0.0242797323028775     120.400957338013        -0.02197177991172       4.99539578638524        902.175652444588        31.6609758473282        4.99539578638521        -0.0686304071999248     -0.0573739720470297     -0.977010214258447      1.00981311647543        
-0.0121472898284881     120.753031481129        -0.0153033048830458     4.99400494163948        904.56185390206         31.702818905546         4.99400494163947        -0.0573739720470297     -0.0206206048063044     0.310502376897419       1.16884917769525        
7.13651939928604e-06    120.820205588694        -0.000128993370344184   4.99350390415627        904.974252462159        31.7100448940107        4.99350390415623        -0.0206206048063044     0.0219742888431586      1.00981311647543        0.967675128499525       
0.0121616500507736      120.752620436336        0.0150224927238221      4.99403784206297        904.564733980991        31.7028693755872        4.994037842063          0.0219742888431586      0.0571947760037644      1.16884917769525        0.277898038159317       
0.0242948006598439      120.400565305138        0.0219067880771451      4.99542438905623        902.177880572162        31.6610149442876        4.99542438905621        0.0571947760037644      0.067269480543174       0.967675128499525       -1.01345508593455       
0.0363590780844044      119.614899202252        0.0186670559698473      4.99704621646836        896.581769237787        31.5626672798698        4.99704621646835        0.067269480543174       0.030784407843883       0.277898038159317       -2.03064583117848       
0.048316190403671       118.422470708983        0.0103757074737522      4.99778202435131        887.774543082935        31.4072628380927        4.99778202435131        0.030784407843883       -0.0415973493874771     -1.01345508593455       -1.93323660788677       
0.0601416212072106      116.93098271751         0.00531635040255105     4.99679891246915        876.420910915203        31.2057849144674        4.99679891246916        -0.0415973493874771     -0.109656441770039      -2.03064583117848       -1.17538867314081       
0.0718016533735867      115.254211865982        0.0101089012763175      4.99424244046108        863.41121451447         30.9733077649929        4.99424244046106        -0.109656441770039      -0.150458826313581      -1.93323660788677       0.353801227637842       
0.0832830953663213      113.472177533474        0.0257201571597532      4.99078621776733        849.473069601167        30.7222877765234        4.99078621776735        -0.150458826313581      -0.138358941629654      -1.17538867314081       2.32104580131954        
0.0946026177990526      111.647349118029        0.0449342716355079      4.98765530277206        835.287739303473        30.4646924835123        4.98765530277214        -0.138358941629654      -0.0602019308309379     0.353801227637842       3.27025501494663        
0.105739993690279       109.830937631798        0.056999674984856       4.98631444290029        821.477385886075        30.2117965534082        4.98631444290033        -0.0602019308309379     0.0481758345673759      2.32104580131954        1.91461523741137        
0.116691130338116       108.077285055075        0.0559236138493418      4.98737007245508        808.532125493817        29.9728048124706        4.98737007245513        0.0481758345673759      0.110633470767474       3.27025501494663        -1.04959323544177       
0.127475508873071       106.450661404548        0.0449928339453209      4.98975723869879        796.744437461427        29.7535140307723        4.98975723869884        0.110633470767474       0.0769027660279405      1.91461523741137        -4.34415793117953       
0.138110118528474       105.009018198729        0.0339976096998907      4.99139289691771        786.211901324155        29.5561969686403        4.99139289691777        0.0769027660279405      -0.0608016153133536     -1.04959323544177       -5.66567174847631       
0.14859486626911        103.791788036788        0.0339662504787783      4.99011671618287        776.899704727327        29.3806380826127        4.99011671618286        -0.0608016153133536     -0.238254305187409      -4.34415793117953       -3.51324242180713       
0.158969275299411       102.817103027063        0.0498184977623915      4.98517031832444        768.841155339931        29.2278625694337        4.98517031832446        -0.238254305187409      -0.347230947739001      -5.66567174847631       2.33455922142211        
0.169257711415539       102.062161732019        0.0766760326363174      4.97802109562979        762.101391251356        29.0994729095325        4.97802109562971        -0.347230947739001      -0.27535641148646       -3.51324242180713       7.07078380165467        
0.17948491808038        101.461799234814        0.099910154639238       4.97238846680125        756.761220504141        28.9973412670913        4.97238846680131        -0.27535641148646       -0.0589600756145119     2.33455922142211        8.6485912149301         
0.189653618854098       100.957409330447        0.10694166855508        4.97118883732444        752.817519463067        28.9216858172984        4.97118883732452        -0.0589600756145119     0.204427839844277       7.07078380165467        10.3921711435073        
0.199781952917945       100.514836108983        0.0929064261464664      4.97532982500649        750.141692922995        28.8702402122746        4.97532982500648        0.204427839844277       0.519591092465726       8.6485912149301         8.48585122280788        
0.209869536509774       100.097978810423        0.0542679549909444      4.98581437873292        748.604913052662        28.8406525017237        4.98581437873297        0.519591092465726       0.77595061617627        10.3921711435073        10.7651381867369        
0.219922977013293       99.6997399531605        -0.00307484868443404    5.00141274903216        747.959325715392        28.8282139138301        5.00141274903209        0.77595061617627        1.09990167516635        8.48585122280788        11.4406663650197        
0.229933056296307       99.2867948057598        -0.081207037801159      5.0234350834042         748.141152519012        28.8317177296696        5.02343508340418        1.09990167516635        1.44277030958091        10.7651381867369        9.1763135394545         
0.239903644574253       98.8419140986848        -0.18021425162          5.05220035816447        749.053730716555        28.8492967508464        5.05220035816439        1.44277030958091        1.71658442067648        11.4406663650197        -4.94397760852423       
0.249827446558751       98.3714388521638        -0.295215804626645      5.08627266059822        750.515940026206        28.8774410228662        5.08627266059818        1.71658442067648        1.56969878580219        9.1763135394545         -8.1103626668786        
0.259707042574807       97.964137103048         -0.39873087592563       5.11729433049429        751.966985083788        28.905343317721         5.11729433049427        1.56969878580219        1.32971140295737        -4.94397760852423       -9.29006027635374       
0.269549682618285       97.6322694461562        -0.485806018019889      5.14347437600579        753.253614251397        28.930061532588         5.14347437600588        1.32971140295737        1.05575054243903        -8.1103626668786        -11.6323072082618       
0.27936184043915        97.3761393288788        -0.555735336900011      5.16419723592893        754.304384351439        28.9502328593866        5.16419723592886        1.05575054243903        0.713626077875591       -9.29006027635374       -10.7204950540314       
0.289151999176268       97.2050582855623        -0.603898129839651      5.17817301399033        755.016914456483        28.9639030990201        5.17817301399039        0.713626077875591       0.398911201360995       -11.6323072082618       -7.82282435499646       
0.298927874071313       97.1085698965326        -0.631621037839911      5.18597380911661        755.403750186281        28.9713220307079        5.18597380911653        0.398911201360995       0.169532937177596       -10.7204950540314       -3.61523381486407       
0.308696399643331       97.0655597701065        -0.643748644957211      5.1892862541621         755.551462601345        28.974154433091         5.1892862541621         0.169532937177596       0.0635889620771142      -7.82282435499646       -1.31852340956218       
0.3184607774099         97.0477131080683        -0.647959636805545      5.19052831667822        755.593354434438        28.9749576633655        5.19052831667815        0.0635889620771142      0.0249592863952499      -3.61523381486407       -0.566861347853952      
0.328228845870938       97.0394254960979        -0.64875656708506       5.19101580217617        755.599786776512        28.9750809945472        5.19101580217616        0.0249592863952499      0.00835270418036718     -1.31852340956218       -0.394361439183635      
0.33799078595675        97.0352678404483        -0.648204954696755      5.19117892585752        755.591156217412        28.9749155155017        5.19117892585749        0.00835270418036718     -0.00320115847450381    -0.566861347853952      -0.370637093941453      
0.347757728388228       97.0341135155268        -0.64734762930943       5.19111639876933        755.573066865744        28.9745686741119        5.1911163987693         -0.00320115847450381    -0.0140610326095547     -0.394361439183635      -0.246600313053715      
0.357527191018867       97.0354633683338        -0.646652982792036      5.19084170077698        755.543594559846        28.9740035694806        5.19084170077701        -0.0140610326095547     -0.0212870469906641     -0.370637093941453      -0.101257845175452      
0.367293559329173       97.0389187470368        -0.646051790204202      5.19042587251721        755.509971758572        28.9733588694199        5.19042587251718        -0.0212870469906641     -0.0242543845455985     -0.246600313053715      0.045617766481194       
0.377060025639016       97.043452744529         -0.645309563454389      5.18995201820861        755.476295138101        28.9727131230232        5.18995201820854        -0.0242543845455985     -0.0229172518058266     -0.101257845175452      0.0691138493751291      
0.386834427672198       97.0482386588767        -0.644147266928283      5.18950409482013        755.448347872983        28.9721772256108        5.18950409482019        -0.0229172518058266     -0.0208908920282326     0.045617766481194       0.011817888708337       
0.396609654895454       97.0531236260003        -0.642496389858011      5.18909570456924        755.426920384059        28.9717663402005        5.18909570456927        -0.0208908920282326     -0.0205443868385998     0.0691138493751291      -0.131439122997451      
0.40638224340399        97.0582753117102        -0.640442460849948      5.18869415256229        755.408558351478        28.9714142321833        5.1886941525623         -0.0205443868385998     -0.0243976123960382     0.011817888708337       -0.221204598805548      
0.416153004076892       97.0627365409184        -0.638238386896645      5.18821738029806        755.373865051326        28.9707489461607        5.18821738029799        -0.0243976123960382     -0.0308818038164845     -0.131439122997451      -0.238749705302839      
0.425922412443181       97.0687122127027        -0.636047651356358      5.18761390598651        755.332501966229        28.9699557389726        5.18761390598644        -0.0308818038164845     -0.0378805469412398     -0.221204598805548      -0.146274320270163      
0.435695675867315       97.077659912942         -0.633903104819207      5.18687356634229        755.294322127207        28.9692235566415        5.18687356634235        -0.0378805469412398     -0.0421677619288414     -0.238749705302839      -0.0635680422096584     
0.445467858638072       97.0836702907531        -0.631639293641384      5.18604968920746        755.221107207719        28.9678194478655        5.18604968920753        -0.0421677619288414     -0.0440302483517712     -0.146274320270163      -0.00814807171278731    
0.45522639103991        97.0849370260354        -0.629095113091673      5.18518993798484        755.105757895936        28.965607151623         5.18518993798488        -0.0440302483517712     -0.044268918590551      -0.0635680422096584     -0.0157519480598525     
0.464989897189563       97.0898956984859        -0.626143681214967      5.18432553136354        755.018437660625        28.9639323155277        5.18432553136355        -0.044268918590551      -0.044730320323078      -0.00814807171278731    -0.0876706666735695     
0.474756881841075       97.0990922352375        -0.622803491943175      5.18345191663548        754.96271362546         28.9628634562235        5.18345191663542        -0.044730320323078      -0.0472988232973512     -0.0157519480598525     -0.154331935853598      
0.484520818058281       97.1109877036868        -0.619229439484338      5.18252807928902        754.920630872771        28.9620562282747        5.18252807928909        -0.0472988232973512     -0.0518217048973082     -0.0876706666735695     -0.185657704923574      
0.494289822689047       97.1231679080334        -0.615563458236333      5.18151544517847        754.867791900205        28.9610426435277        5.18151544517843        -0.0518217048973082     -0.057265458263362      -0.154331935853598      -0.132083332948474      
0.504069343660408       97.1338849851516        -0.611873584134611      5.18039562023339        754.78792853            28.9595105953506        5.18039562023332        -0.057265458263362      -0.0611404108508761     -0.185657704923574      -0.0763771236482614     
0.513851258975408       97.1448979019525        -0.608071693375053      5.17919953540426        754.69921512103         28.9578086786243        5.17919953540417        -0.0611404108508761     -0.0633818890833906     -0.132083332948474      -0.0270749662108343     
0.523633742889469       97.1565203303107        -0.604069908219817      5.17795935531192        754.608770060828        28.9560734381662        5.17795935531201        -0.0633818890833906     -0.064176591868872      -0.0763771236482614     -0.0331049352444642     
0.533420439073227       97.1686077909739        -0.599790969874902      5.17670343606617        754.51959874395         28.954362533399         5.17670343606614        -0.064176591868872      -0.065148385298498      -0.0270749662108343     -0.0410452201593296     
0.543204043692524       97.1810405474655        -0.595267403386087      5.17542845928473        754.430284428384        28.9526487836103        5.1754284592848         -0.065148385298498      -0.0663533323313265     -0.0331049352444642     -0.107735037071192      
0.552990840698912       97.1941172516441        -0.590526074299735      5.17412983012686        754.342472076868        28.9509637543836        5.17412983012694        -0.0663533323313265     -0.0695158148859351     -0.0410452201593296     -0.109336803148169      
0.562776488770421       97.2079606698203        -0.585713642018667      5.17276947085982        754.251556916082        28.9492190820808        5.1727694708598         -0.0695158148859351     -0.0727251259633364     -0.107735037071192      -0.0997264526894048     
0.572556518920583       97.2225184382179        -0.580855333546638      5.171346509162          754.156997006125        28.947404355066         5.17134650916205        -0.0727251259633364     -0.0756524566020207     -0.109336803148169      -0.0475994588317425     
0.582343412353412       97.2377373960563        -0.575939120833833      5.16986593284348        754.059098925978        28.9455254443772        5.16986593284341        -0.0756524566020207     -0.0770500215257156     -0.0997264526894048     -0.0253116572706916     
0.592131121869337       97.2533540264491        -0.570899939410694      5.16835748761456        753.960150717341        28.9436262551368        5.16835748761449        -0.0770500215257156     -0.07779342074665       -0.0475994588317425     0.00241134014381643     
0.601923768716807       97.2691763474427        -0.565716618174615      5.1668340952729         753.860545156619        28.9417143229595        5.16683409527298        -0.07779342074665       -0.0777225895720897     -0.0253116572706916     -0.0272288242577998     
0.611715834399633       97.2852157787036        -0.560356856579645      5.16531197480507        753.762735049849        28.9398367316643        5.16531197480501        -0.0777225895720897     -0.0785225442439462     0.00241134014381643     -0.0538555318114156     
0.621507088964222       97.3011742079167        -0.554886321082122      5.16377398446263        753.661908048759        28.9379010996682        5.16377398446271        -0.0785225442439462     -0.0801050159703114     -0.0272288242577998     -0.0580264469810359     
0.631305731401233       97.3175575818523        -0.549365623593835      5.16220456835249        753.559710494916        28.9359390242752        5.16220456835252        -0.0801050159703114     -0.0818102979431733     -0.0538555318114156     -0.052133730536237      
0.641101157939637       97.3343385869423        -0.543834461287563      5.16060165391579        753.45562304186         28.9339405282266        5.16060165391578        -0.0818102979431733     -0.0833426281098461     -0.0580264469810359     -0.0296035509913543     
0.650897791239453       97.3514156224448        -0.53829068941066       5.15896853311961        753.349334776262        28.9318996337618        5.15896853311955        -0.0833426281098461     -0.0842128958751964     -0.052133730536237      -0.0158602946496928     
0.660699626004512       97.3689044477901        -0.532690689406379      5.15731784402769        753.243582543023        28.9298688890339        5.1573178440277         -0.0842128958751964     -0.0846792904263314     -0.0296035509913543     -0.0126174049547807     
0.670502085998306       97.3870723710052        -0.527015321777087      5.15565752108391        753.141588188874        28.9279101712607        5.15565752108385        -0.0846792904263314     -0.0850504017681839     -0.0158602946496928     -0.0162421873642059     
0.680309711420538       97.4062936719646        -0.521264156336419      5.15398963978171        753.04654265226         28.9260847804319        5.15398963978177        -0.0850504017681839     -0.085528163150748      -0.0126174049547807     -0.0163804204873196     
0.690113009946186       97.4279909814152        -0.515469030848055      5.1523124496291         752.969176313846        28.9245988412371        5.15231244962902        -0.085528163150748      -0.0860100285324115     -0.0162421873642059     -0.0342445962172932     
0.699918386981579       97.4507267408675        -0.509638519896882      5.15062564728288        752.898318746801        28.9232378460028        5.15062564728285        -0.0860100285324115     -0.0870177095551834     -0.0163804204873196     -0.0200189954114273     
0.709727722051726       97.4704224439589        -0.503811687248022      5.14891821636167        752.800850517251        28.921365622384         5.14891821636175        -0.0870177095551834     -0.0876070441964782     -0.0342445962172932     -0.0120426390859177     
0.719546972127167       97.4868671467399        -0.497952448879584      5.14719836603845        752.67636493186         28.9189742582013        5.1471983660385         -0.0876070441964782     -0.0879616888498019     -0.0200189954114273     0.00899351275665422     
0.729361968771505       97.5042114274291        -0.49206548936944       5.14547125689239        752.557675988693        28.9166940631704        5.14547125689241        -0.0879616888498019     -0.0876967911292612     -0.0120426390859177     0.00306530915877942     
0.739182302166923       97.5237282297475        -0.486115751756592      5.14374913856109        752.456389606544        28.9147480555924        5.14374913856103        -0.0876967911292612     -0.0876065167221561     0.00899351275665422     0.0152029642866073      
0.749001013750398       97.5387056576417        -0.480133358374323      5.14202918800125        752.320307177185        28.9121333079919        5.14202918800132        -0.0876065167221561     -0.0871588544198526     0.00306530915877942     -0.00717101199661169    
0.758808613786386       97.5511578014092        -0.474110244842254      5.14031859069255        752.16604498525         28.9091689604459        5.1403185906926         -0.0871588544198526     -0.0873699737036277     0.0152029642866073      -0.00113728750277628    
0.768627106722544       97.5678828715838        -0.468060648061867      5.1386037366827         752.044031256211        28.9068240935176        5.13860373668268        -0.0873699737036277     -0.0874034619228083     -0.00717101199661169    -0.00057386662554278    
0.778437517404779       97.5879577902839        -0.462003315308527      5.13688777537061        751.947581094439        28.9049703740923        5.1368877753706         -0.0874034619228083     -0.0874203673687796     -0.00113728750277628    0.0139838875271046      
0.788263497048473       97.6093868223422        -0.455926492091651      5.13517045560602        751.861259099867        28.9033112116908        5.13517045560598        -0.0874203673687796     -0.0870081777046949     -0.00057386662554278    0.00784919659868813     
0.79808990648588        97.6287666387521        -0.449809052420204      5.13346006212523        751.760061681866        28.9013660131194        5.13346006212524        -0.0870081777046949     -0.0867766785039566     0.0139838875271046      0.0214697361298361      
0.8079268027874         97.6459242180848        -0.443661439461468      5.13175341061276        751.642206957887        28.8991004657755        5.13175341061282        -0.0867766785039566     -0.0861432165213023     0.00784919659868813     0.0104783746713639      
0.817760936696294       97.6623829637371        -0.437493928351067      5.13005869557047        751.520635429879        28.8967632833752        5.13005869557046        -0.0861432165213023     -0.0858339750730329     0.0214697361298361      0.000942832887475447    
0.827602226326811       97.6795067869729        -0.431304316678723      5.12836975471661        751.404942392922        28.8945389379478        5.12836975471668        -0.0858339750730329     -0.0858061472901653     0.0104783746713639      0.00201356680556054     
0.837439180567645       97.6971474675134        -0.425124101187443      5.12668131603621        751.293210827603        28.8923905942878        5.12668131603626        -0.0858061472901653     -0.0857467083085072     0.000942832887475447    0.00890421175716271     
0.847278707815912       97.7153096251825        -0.418953676466161      5.12499380984699        751.185535434514        28.8903200904254        5.12499380984702        -0.0857467083085072     -0.085483816986313      0.00201356680556054     0.0294879201813487      
0.85712295494206        97.7335306834905        -0.412763149433403      5.12331096361119        751.078903894737        28.8882695127035        5.12331096361126        -0.085483816986313      -0.084613039707405      0.00890421175716271     0.0048672851454285      
0.866967209857932       97.7517314702442        -0.406542152125122      5.12164509542105        750.974514080237        28.8862619034693        5.12164509542109        -0.084613039707405      -0.0844693113075834     0.0294879201813487      0.0119207390874007      
0.876810610426744       97.7696411468612        -0.400342489364735      5.11998229767831        750.868247883435        28.8842180646078        5.11998229767823        -0.0844693113075834     -0.0841172886556098     0.0048672851454285      -0.000665922097487269   
0.886650012522425       97.7878970366764        -0.394145707909495      5.11832632747486        750.765551866832        28.8822427543067        5.11832632747492        -0.0841172886556098     -0.0841369573323337     0.0119207390874007      0.0244480853042317      
0.896500693640421       97.8060566737204        -0.387952440712581      5.11666928365839        750.661868907265        28.8802483235566        5.11666928365835        -0.0841369573323337     -0.0834146320708429     -0.000665922097487269   0.0133947856836723      
0.906349131607178       97.8242146642193        -0.381763337164058      5.1150259964228         750.560101630689        28.8782906086656        5.1150259964228         -0.0834146320708429     -0.0830187688449692     0.0244480853042317      0.0172246032470365      
0.916202029721754       97.8422303586835        -0.375609883018679      5.11339019689713        750.458252337965        28.8763311831288        5.11339019689708        -0.0830187688449692     -0.0825095955261074     0.0133947856836723      0.0173932648952195      
0.926055740222821       97.8601278475535        -0.369465845180443      5.11176392060146        750.356806194855        28.8743793813988        5.11176392060141        -0.0825095955261074     -0.0819953249814519     0.0172246032470365      0.0221767969332944      
0.935915716049799       97.877754381867         -0.363299326263779      5.11014747141839        750.254638593912        28.8724135656226        5.11014747141839        -0.0819953249814519     -0.081339537084689      0.0173932648952195      0.0273348071503325      
0.945769891601155       97.8956237126773        -0.357130588750271      5.10854393896944        750.156142753546        28.8705182717893        5.10854393896936        -0.081339537084689      -0.0805310718349948     0.0221767969332944      0.0295098194698896      
0.955629683062593       97.9132711689082        -0.350958604469698      5.10695592047151        750.058139833182        28.8686323394091        5.10695592047148        -0.0805310718349948     -0.0796580203617685     0.0273348071503325      0.0278355308921112      
0.965494577562945       97.9309180058535        -0.344792783742736      5.10538441638073        749.962474003415        28.8667912623065        5.10538441638074        -0.0796580203617685     -0.0788342713680183     0.0295098194698896      0.0380585711041357      
0.975361264871532       97.9487549199992        -0.338634653629168      5.10382893006257        749.870533536451        28.8650217686938        5.10382893006259        -0.0788342713680183     -0.0777078899096807     0.0278355308921112      0.0294020307739477      
0.985225181200776       97.9668477759041        -0.332467878822756      5.102295737171          749.783744686613        28.8633513239851        5.10229573717093        -0.0777078899096807     -0.0768377776118843     0.0380585711041357      0.0320430854675571      
0.99509107879098        97.9857552529492        -0.326304636506718      5.10077985764217        749.705650095149        28.8618481370043        5.10077985764212        -0.0768377776118843     -0.0758895418460622     0.0294020307739477      0.0427037750461848      
1.00495198812374        98.0066815461053        -0.32015165583181       5.09928273784666        749.645669102534        28.8606935525837        5.09928273784669        -0.0758895418460622     -0.0746254976550049     0.0320430854675571      0.0401513398770611      
1.01481950532998        98.0269331624893        -0.313995743420675      5.09780986275194        749.584000036595        28.8595064259902        5.09780986275197        -0.0746254976550049     -0.0734364119984138     0.0427037750461848      0.0347271834422386      
1.02469733773389        98.0431929713913        -0.307833635906686      5.09635942902528        749.495026427242        28.8577936021766        5.09635942902528        -0.0734364119984138     -0.072407518463755      0.0401513398770611      0.0230646420924934      
1.0345759147852         98.0580010541876        -0.301671952198518      5.09492900215821        749.397830196961        28.8559223691498        5.09492900215813        -0.072407518463755      -0.0717241085727545     0.0347271834422386      0.0399104021431903      
1.04445137961018        98.070977546114         -0.295540497384686      5.09351230811344        749.288596799773        28.853819250371         5.09351230811343        -0.0717241085727545     -0.0705416589295811     0.0230646420924934      0.0389559113592244      
1.05432585763279        98.0823323526284        -0.289415147608498      5.09211906912569        749.170372375714        28.8515428506329        5.09211906912575        -0.0705416589295811     -0.0693874494898103     0.0399104021431903      0.0327446806679074      
1.06420260554196        98.0964043804471        -0.283292440619318      5.09074841464267        749.076172622861        28.8497289150149        5.09074841464274        -0.0693874494898103     -0.0684170774869082     0.0389559113592244      0.0221319491911259      
1.07408190551189        98.1120839437487        -0.277181679829031      5.08939656983125        748.996955223466        28.8482033953102        5.0893965698313         -0.0684170774869082     -0.0677610517868068     0.0327446806679074      0.0431605719932059      
1.08396431729509        98.1285759206587        -0.271089244934696      5.08805737122767        748.925736061773        28.8468318318547        5.08805737122776        -0.0677610517868068     -0.0664812932777323     0.0221319491911259      0.040373265047574       
1.09384728397437        98.1440450587479        -0.264984177994468      5.08674301971778        748.850304194179        28.8453790675229        5.08674301971781        -0.0664812932777323     -0.0652837484492624     0.0431605719932059      0.0437524141513908      
1.10373943045509        98.1584691673507        -0.258873210123848      5.08545176342248        748.770240182932        28.8438370113373        5.08545176342242        -0.0652837484492624     -0.0639854888840398     0.040373265047574       0.0377411953472349      
1.11363044760042        98.1720557400761        -0.252746146663023      5.08418579066371        748.687456250911        28.8422424819899        5.08418579066367        -0.0639854888840398     -0.0628653443606203     0.0437524141513908      0.0453815747694139      
1.12352688763154        98.1854969075096        -0.246604434269465      5.08294180851711        748.606750831812        28.8406879027185        5.08294180851706        -0.0628653443606203     -0.0615182792301573     0.0377411953472349      0.0491855725646579      
1.13341907671641        98.1992427071005        -0.240453502621007      5.08172440137819        748.532231792297        28.839252413494         5.08172440137825        -0.0615182792301573     -0.0600581491367907     0.0453815747694139      0.0445358786248106      
1.14331697086087        98.2128142329614        -0.234285635294262      5.08053574060752        748.460569344311        28.8378718845031        5.08053574060756        -0.0600581491367907     -0.0587360805530434     0.0491855725646579      0.0347352862257288      
1.15321265657922        98.226519083577         -0.228094217031262      5.07937332828659        748.393741745332        28.8365844360815        5.07937332828658        -0.0587360805530434     -0.0577049315330396     0.0445358786248106      0.0430896568204888      
1.16310425203076        98.2400051418519        -0.221892832308789      5.07823139773822        748.328217937974        28.8353220496817        5.07823139773815        -0.0577049315330396     -0.0564257075397436     0.0347352862257288      0.0538594397660223      
1.17300364083968        98.2533659231591        -0.215661011907529      5.0771145154691         748.265385483252        28.834111463166         5.07711451546918        -0.0564257075397436     -0.0548264010718699     0.0430896568204888      0.0415591206184008      
1.18290097761626        98.2667371979694        -0.209403186475555      5.07602903019604        748.207216079307        28.8329906738658        5.07602903019608        -0.0548264010718699     -0.0535919887625295     0.0538594397660223      0.0440401890505136      
1.19280408931181        98.2798440800654        -0.203140367623042      5.074967683836          748.150549018159        28.8318987893263        5.07496768383596        -0.0535919887625295     -0.0522837248362173     0.0415591206184008      0.0442830037272259      
1.20270892527306        98.292802499488         -0.196871253298844      5.07393215689906        748.096517090821        28.8308576411305        5.07393215689911        -0.0522837248362173     -0.0509680401636426     0.0440401890505136      0.0445283984784515      
1.21260796885733        98.3057160069797        -0.190583096517692      5.07292264039982        748.045938618784        28.82988300394          5.07292264039987        -0.0509680401636426     -0.0496448425200935     0.0442830037272259      0.0384900593656247      
1.2225187525131         98.3182818609501        -0.184255853208271      5.07193898369321        747.996489870434        28.828930104448         5.07193898369329        -0.0496448425200935     -0.0485009161440996     0.0445283984784515      0.0495589282002246      
1.2324258917177         98.330598341284         -0.177909058285064      5.07097793156748        747.948441279716        28.8280041564471        5.07097793156755        -0.0485009161440996     -0.0470279403499099     0.0384900593656247      0.0420363570530936      
1.24233109654855        98.342630944929         -0.171541515470043      5.07004617909209        747.902520396301        28.8271191838577        5.07004617909212        -0.0470279403499099     -0.0457784568199564     0.0495589282002246      0.0461024364008707      
1.25223903280838        98.3544521005018        -0.165150929828051      5.06913895511483        747.858576827444        28.8262722920033        5.06913895511486        -0.0457784568199564     -0.044407645443257      0.0420363570530936      0.0455407363216649      
1.26215336653477        98.3662987168851        -0.158706343925004      5.06825846418121        747.818739093046        28.8255045073522        5.06825846418118        -0.044407645443257      -0.0430530980525458     0.0461024364008707      0.0553804125344249      
1.27207168822498        98.3786532923548        -0.152233412997722      5.06740461328101        747.786662313078        28.8248862831539        5.06740461328105        -0.0430530980525458     -0.0414056798005292     0.0455407363216649      0.0469575043258892      
1.2819857265875         98.3918649197408        -0.145734995940927      5.06658349801378        747.765898711739        28.8244860937467        5.06658349801372        -0.0414056798005292     -0.0400088510875147     0.0553804125344249      0.0481418516176057      
1.29190129103761        98.4060518365517        -0.139206647889393      5.06579010346606        747.756605272157        28.8243069738826        5.06579010346609        -0.0400088510875147     -0.0385768340756249     0.0469575043258892      0.0490657766353435      
1.30181707509236        98.4203028339675        -0.132653946938096      5.06502508702726        747.751954390297        28.8242173333138        5.06502508702731        -0.0385768340756249     -0.0371173335862535     0.0481418516176057      0.05765448158869        
1.31173190324635        98.4359612986999        -0.126088567305989      5.06428904585373        747.762240784631        28.8244155917366        5.06428904585371        -0.0371173335862535     -0.035402196630302      0.0490657766353435      0.0586492426131286      
1.32164670258772        98.4539884129928        -0.119493501095824      5.06358690562075        747.795489801251        28.8250564189725        5.06358690562071        -0.035402196630302      -0.0336568885458645     0.05765448158869        0.0547684118561933      
1.33156875409585        98.4679006903022        -0.112857510177643      5.0629190319842         747.802512666691        28.8251917728359        5.06291903198413        -0.0336568885458645     -0.03202651051416       0.0586492426131286      0.0618337561056448      
1.34149704003365        98.4770926949984        -0.10618358519127       5.06228330069356        747.778412776113        28.8247272855195        5.06228330069356        -0.03202651051416       -0.0301857512748714     0.0547684118561933      0.0697088075687873      
1.35141873244258        98.4835835582778        -0.099500779078223      5.06168428501792        747.739210843776        28.8239717142168        5.06168428501794        -0.0301857512748714     -0.0281110460690368     0.0618337561056448      0.0742536923938035      
1.36133569955873        98.4881569815856        -0.0928046557152514     5.0611266331194         747.691551519521        28.8230531099196        5.06112663311934        -0.0281110460690368     -0.0259013226543969     0.0697088075687873      0.0606941421267682      
1.37125500335041        98.4941303956044        -0.0860711898027984     5.06061275670448        747.660979110765        28.8224638300438        5.06061275670439        -0.0259013226543969     -0.0240949264626311     0.0742536923938035      0.0666110969816754      
1.38117897875022        98.5000434839304        -0.0793021478948061     5.06013461344543        747.635219188374        28.8219673009702        5.06013461344549        -0.0240949264626311     -0.022112258274002      0.0606941421267682      0.060363206051039       
1.39110001784558        98.5040353122015        -0.0725141254991522     5.05969583562436        747.60068589201         28.8213016494554        5.05969583562429        -0.022112258274002      -0.0203154411145259     0.0666110969816754      0.0643647353649241      
1.40102035139452        98.5068457594333        -0.0657106212351696     5.05929269084504        747.562447123351        28.8205645546399        5.05929269084504        -0.0203154411145259     -0.0183993763261603     0.060363206051039       0.060621182406869       
1.41094715375844        98.5086165999718        -0.0588652801764485     5.0589274968303         747.521923788467        28.8197834016933        5.05892749683034        -0.0183993763261603     -0.016594805682852      0.0643647353649241      0.0651772217285527      
1.42086956259965        98.5095841316262        -0.0519939762754839     5.05859818253231        747.480604875387        28.8189868908867        5.0585981825323         -0.016594805682852      -0.0146551978346559     0.060621182406869       0.0673468512867585      
1.43078678306521        98.5083771310027        -0.0451129713749524     5.05830750580425        747.428495139521        28.817982332401         5.05830750580429        -0.0146551978346559     -0.0126520447296426     0.0651772217285527      0.0811094105783702      
1.44069868854156        98.5057384441906        -0.0382300705611318     5.05805669151126        747.371414234845        28.8168819007741        5.05805669151123        -0.0126520447296426     -0.010240923765997      0.0673468512867585      0.0646320625823314      
1.45060568215345        98.4875933444932        -0.0313045515853565     5.05785379618788        747.20377181228         28.813649770981         5.05785379618787        -0.010240923765997      -0.00832106107112881    0.0811094105783702      0.0648277150987954      
1.46050420771676        98.411250748775         -0.0243585831692706     5.05768908041674        746.600262453349        28.802011165375         5.05768908041667        -0.00832106107112881    -0.00639760293555988    0.0646320625823314      0.0717974189300665      
1.47039025126134        98.2409146864396        -0.0174052404188108     5.0575626155046         745.28936614667         28.7767144705319        5.05756261550457        -0.00639760293555988    -0.00427116262637623    0.0648277150987954      0.0774640883146911      
1.48025473116548        97.9577390722163        -0.0104553090360166     5.05747836707615        743.128719368136        28.7349713254722        5.05747836707623        -0.00427116262637623    -0.00197841347508416    0.0717974189300665      0.0667645261427221      
1.49008960865772        97.6609581020918        -0.00351528337697633    5.05743934818615        740.871558430616        28.6912986892971        5.0574393481862         -0.00197841347508416    -3.63657475202136e-12   0.0774640883146911      0.0667645261427221      
1.5                     97.6609581020918        0.00351528337697633     5.05743934818615        740.871558430616        28.6912986892971        5.05743934818613        -3.63657475202136e-12   -3.63657475202136e-12   0.0667645261427221      0.0667645261427221      
