# xp[i]                    V[i]                   up[i]                    p[i]                    e[i]                   cs[i]                  dd1[i]             dd2_left[i]            dd2_right[i]             dd3_left[i]            dd3_right[i]
-1.5                    98.6097429270641        0.00870596094941417     4.97088774661518        735.266944219524        28.5825693623759        4.97088774661518        0.0440656208905813      0.0440656208905813      -0.5683570497935        -0.5683570497935        
-1.49004039716154       98.6097429270641        -0.00870596094941417    4.97088774661518        735.266944219524        28.5825693623759        4.97088774661518        0.0440656208905813      0.0440656208905813      -0.5683570497935        -0.5683570497935        
-1.48010942054207       98.9096272612404        -0.0198938341011624     4.9717643302324         737.633035101026        28.6285218134531        4.9717643302324         0.0440656208905813      0.0270902854403949      -0.5683570497935        -3.14495693714844       
-1.47014560201216       99.2020301204029        -0.0125874434069382     4.97230402531907        739.893980531254        28.6723633977478        4.97230402531907        0.0270902854403949      -0.0669949691650543     -0.5683570497935        -3.61293824812085       
-1.46016003702029       99.3992805670024        0.0157449700753399      4.97096621401641        741.16569809416         28.6969936112974        4.97096621401641        -0.0669949691650543     -0.175310311775068      -3.14495693714844       0.230473568818546       
-1.4501573209799        99.5236494406225        0.0568505103750327      4.9674591036887         741.569487669214        28.7048096564015        4.9674591036887         -0.175310311775068      -0.168389923308246      -3.61293824812085       3.48744875669605        
-1.4401380038594        99.5857298775176        0.0925797747938484      4.96408580225285        741.528161687958        28.7040098183736        4.96408580225285        -0.168389923308246      -0.0635615104132217     0.230473568818546       6.28650234415709        
-1.4301139942953        99.6068475002174        0.108948775755697       4.96281153689578        741.495017891846        28.7033683252186        4.96281153689578        -0.0635615104132217     0.125530885227307       3.48744875669605        6.01564614346323        
-1.42008582781638       99.5810030771166        0.0978478933687538      4.96532936593242        741.678718301721        28.7069236383784        4.96532936593242        0.125530885227307       0.306530906051523       6.28650234415709        10.4594802419524        
-1.41005127698622       99.5096441014509        0.0654206406057756      4.97147902617504        742.065162828759        28.7144013969909        4.97147902617504        0.306530906051523       0.621111181927017       6.01564614346323        13.0363626230635        
-1.400024302374         99.3627294728647        0.0138888126113723      4.98392903335417        742.82518837969         28.7291023253752        4.98392903335417        0.621111181927017       1.01258239279355        10.4594802419524        12.9359606869499        
-1.39002333844406       99.1228450650901        -0.0553253296624449     5.00417907322375        744.042700429685        28.7526366023803        5.00417907322375        1.01258239279355        1.40003154787422        13.0363626230635        9.96019997428466        
-1.38005541692694       98.7927892112311        -0.14233259120185       5.03209199939841        745.701606282135        28.784671968141         5.03209199939841        1.40003154787422        1.69740620876208        12.9359606869499        -4.32556412888683       
-1.3701175136147        98.3954706005535        -0.244185997782808      5.06582260350226        747.680998575788        28.8228497044308        5.06582260350225        1.69740620876208        1.56871118426829        9.96019997428466        -8.74202277837436       
-1.36021753877027       98.0335072892999        -0.336086120612121      5.09688195846309        749.497821941539        28.8578474199449        5.09688195846309        1.56871118426829        1.30951798710718        -4.32556412888683       -10.7844894470215       
-1.35035682796649       97.7372945558877        -0.41387612813729       5.12271897250064        751.021039713494        28.8871566946954        5.12271897250065        1.30951798710718        0.990681069206341       -8.74202277837436       -12.7343283868637       
-1.34051788207582       97.5148285229646        -0.478293384460894      5.14221959146036        752.163992533029        28.9091295178728        5.14221959146037        0.990681069206341       0.614925953221826       -10.7844894470215       -10.5749119062036       
-1.33068837808081       97.3757566489172        -0.523816670569886      5.1543074552635         752.856882686158        28.9224419340599        5.1543074552635         0.614925953221826       0.303318585512323       -12.7343283868637       -5.99251136008565       
-1.32087147221359       97.3021661214593        -0.551105602459966      5.16026233867155        753.157054961594        28.9282072064542        5.16026233867155        0.303318585512323       0.126938378455025       -10.5749119062036       -1.67140867160073       
-1.31106991139094       97.2641295551277        -0.564785471227173      5.1627516297626         753.225815067264        28.9295276887985        5.1627516297626         0.126938378455025       0.0777799013671956      -5.99251136008565       0.0921480436384977      
-1.30126947427559       97.239990278526         -0.570250873382392      5.16427628472782        753.261263583833        28.9302084254088        5.16427628472781        0.0777799013671956      0.0804894729126882      -1.67140867160073       0.0669296880079611      
-1.29146756634564       97.2170587125643        -0.57067438004078       5.16585416403313        753.313721348031        28.9312157702067        5.16585416403314        0.0804894729126882      0.0824575041330099      0.0921480436384977      -0.412232707128092      
-1.28166472184017       97.1940201404951        -0.568884032777281      5.16747060205147        753.37086265681         28.9323130130542        5.16747060205146        0.0824575041330099      0.0703361529008278      0.0669296880079611      -1.06213676136342       
-1.2718657472186        97.1749062172329        -0.566916761273545      5.1688493152177         753.423671185933        28.9333270196985        5.16884931521771        0.0703361529008278      0.0391081335459418      -0.412232707128092      -1.3084840307895        
-1.26206299885158       97.1639491159252        -0.566474563372886      5.16961584319554        753.450436105699        28.9338409345969        5.16961584319555        0.0391081335459418      0.000640920748273338    -1.06213676136342       -0.954828468934716      
-1.25226703242939       97.1624766371455        -0.568217871836483      5.1696284036038         753.440848481816        28.9336568430803        5.16962840360379        0.000640920748273338    -0.0274249459348044     -1.3084840307895        -0.113619674252521      
-1.24246682636513       97.1675113999973        -0.571500362842758      5.16909103196806        753.401567664571        28.9329026017203        5.16909103196806        -0.0274249459348044     -0.0307640718699149     -0.954828468934716      0.581098132695996       
-1.23267467655887       97.1731180992105        -0.57465812206591       5.16848834724314        753.357192841577        28.932050525356         5.16848834724314        -0.0307640718699149     -0.0136861820634867     -0.113619674252521      0.829654251067351       
-1.22287810585075       97.1750618332817        -0.576336566746421      5.16822019638895        753.333175728167        28.9315893431416        5.16822019638896        -0.0136861820634867     0.010697970255549       0.581098132695996       0.557642909202112       
-1.21307776401031       97.1715999384024        -0.576060612688166      5.16842983787574        753.336894773645        28.9316607576015        5.16842983787574        0.010697970255549       0.0270889879563395      0.829654251067351       0.00187250596978072     
-1.20328225906792       97.1643907370804        -0.574343451369829      5.16896064490582        753.35836770933         28.9320730852521        5.16896064490582        0.0270889879563395      0.0271440249565915      0.557642909202112       -0.487754151100024      
-1.19348373548765       97.1574533119598        -0.572230519756783      5.16949251142853        753.382090988464        28.9325286176201        5.16949251142852        0.0271440249565915      0.012809053519864       0.00187250596978072     -0.793708712518633      
-1.18368780883303       97.1540294573733        -0.570626047224756      5.16974347579963        753.392114902351        28.932721093798         5.16974347579964        0.012809053519864       -0.0105165439570912     -0.487754151100024      -0.708424111927429      
-1.1738927188605        97.1556029587074        -0.570095618784542      5.16953744741715        753.374291582145        28.9323788548813        5.16953744741715        -0.0105165439570912     -0.0313338026853483     -0.793708712518633      -0.346206573539651      
-1.16409705941054       97.1622819711767        -0.5704882076072        5.16892362458738        753.336622049453        28.9316555206587        5.16892362458738        -0.0313338026853483     -0.0415067562095652     -0.708424111927429      0.118782802705144       
-1.15430387454336       97.1711151108192        -0.571123491839088      5.16811056194712        753.286599480607        28.9306949542179        5.16811056194711        -0.0415067562095652     -0.0380161130228292     -0.346206573539651      0.411890931136225       
-1.14450854011171       97.1792556162054        -0.571097619620048      5.16736573694641        753.241133719705        28.9298218629478        5.1673657369464         -0.0380161130228292     -0.0259093161689242     0.118782802705144       0.390642753555903       
-1.1347076933828        97.1849797820364        -0.569826976721015      5.16685794153147        753.211476876584        28.9292523403904        5.16685794153148        -0.0259093161689242     -0.0144242282438372     0.411890931136225       0.104332163712237       
-1.12490681951295       97.1884813823961        -0.567348142421582      5.16657519206453        753.19739529707         28.9289819173528        5.16657519206453        -0.0144242282438372     -0.0113564483543011     0.390642753555903       -0.237139264482921      
-1.11510461741738       97.1919289762584        -0.56422028000077       5.16635257035318        753.191658126114        28.9288717398402        5.16635257035317        -0.0113564483543011     -0.0183290134480213     0.104332163712237       -0.485741137174296      
-1.10530367458754       97.1971494311437        -0.561128917824549      5.16599329803804        753.179733824535        28.9286427423782        5.16599329803804        -0.0183290134480213     -0.0326102147307823     -0.237139264482921      -0.476391259788307      
-1.09550518156534       97.2049934153483        -0.558583865375491      5.16535416145814        753.147325878721        28.9280203624007        5.16535416145814        -0.0326102147307823     -0.0466152504785339     -0.485741137174296      -0.331378996011602      
-1.08570455960647       97.21502194712          -0.556584506135039      5.16444057426481        753.091805657625        28.9269540904831        5.1644405742648         -0.0466152504785339     -0.056355919571503      -0.476391259788307      0.00276934096391601     
-1.07590737348131       97.2265222806255        -0.554857067621586      5.16333629190094        753.019846540303        28.9255720492805        5.16333629190093        -0.056355919571503      -0.0562745292597061     -0.331378996011602      0.222982549410601       
-1.0661127893011        97.2388043067432        -0.552757616973511      5.16223382477934        752.954167010054        28.9243105556949        5.16223382477932        -0.0562745292597061     -0.0497216252547136     0.00276934096391601     0.23242491128751        
-1.05631739900423       97.2515475044402        -0.549873198337585      5.16125969688131        752.910738891009        28.9234764102913        5.1612596968813         -0.0497216252547136     -0.0428907384448185     0.222982549410601       0.112776042146833       
-1.04651949520886       97.2656225381271        -0.546220956127288      5.16041926732297        752.897088890871        28.9232142230053        5.16041926732295        -0.0428907384448185     -0.039575468980584      0.23242491128751        -0.130422993365444      
-1.03672136743695       97.2778331115222        -0.542066362097172      5.15964357691622        752.878420185289        28.9228556332817        5.15964357691621        -0.039575468980584      -0.0434109928749028     0.112776042146833       -0.288690306271751      
-1.02691496002481       97.2891114583138        -0.537898043250275      5.1587922732176         752.841474689033        28.9221459686562        5.15879227321758        -0.0434109928749028     -0.0519023173206498     -0.130422993365444      -0.319895547974142      
-1.01710525171003       97.301180951663         -0.534038886384855      5.15777441701353        752.786312786537        28.9210863632313        5.15777441701353        -0.0519023173206498     -0.0613109275545455     -0.288690306271751      -0.178662317101765      
-1.00730908118211       97.3114706849516        -0.530575332353819      5.15657251134733        752.690482159204        28.9192454596359        5.15657251134734        -0.0613109275545455     -0.0665650623574752     -0.319895547974142      -0.00835408800566658    
-0.997504231745828      97.3227448103603        -0.527233491632281      5.15526748683026        752.587173074892        28.9172607638278        5.15526748683026        -0.0665650623574752     -0.0668107889849624     -0.178662317101765      0.111957632900884       
-0.987699606305282      97.3362218168737        -0.523708100660651      5.15395709822294        752.500067020918        28.9155872425029        5.15395709822295        -0.0668107889849624     -0.063516591489548      -0.00835408800566658    0.160975078675475       
-0.977886850385282      97.350060118625         -0.519777332118344      5.15271097444035        752.425084703499        28.9141465703689        5.15271097444035        -0.063516591489548      -0.0587789993081568     0.111957632900884       0.0749506694217255      
-0.968079246679652      97.3632707261496        -0.515372557731999      5.15155761859987        752.358748621646        28.9128719627636        5.15155761859987        -0.0587789993081568     -0.0565727235660188     0.160975078675475       -0.0403652331655485     
-0.958263403411523      97.3763642502165        -0.510668684219211      5.1504473114883         752.29775018255         28.9116998651363        5.15044731148829        -0.0565727235660188     -0.0577611379650773     0.0749506694217255      -0.164966250388336      
-0.948450310469398      97.3897896619662        -0.505922366703828      5.14931347127439        752.235833806413        28.9105100805613        5.14931347127441        -0.0577611379650773     -0.0626190432745007     -0.0403652331655485     -0.202330380351919      
-0.938632717882197      97.4044200033174        -0.501382290823867      5.14808404619861        752.169210972461        28.9092298020404        5.14808404619861        -0.0626190432745007     -0.0685781705317797     -0.164966250388336      -0.0783738062840819     
-0.928814184769877      97.4205192467996        -0.497124942159957      5.14673736868402        752.096740326156        28.9078370828196        5.14673736868403        -0.0685781705317797     -0.0708867110692366     -0.202330380351919      0.00304116426717707     
-0.918994610858885      97.4370591641833        -0.492918640035111      5.14534533454886        752.020976673887        28.9063810078499        5.14534533454885        -0.0708867110692366     -0.0707971298795904     -0.0783738062840819     0.110238820850719       
-0.909177394871474      97.4535336374916        -0.488621110757835      5.14395507984992        751.944899105849        28.9049188260378        5.14395507984991        -0.0707971298795904     -0.0675498050695851     0.00304116426717707     0.0801071704876026      
-0.899357077029633      97.469415970729         -0.484024298110145      5.14262848373494        751.87349229612         28.9035463471203        5.14262848373492        -0.0675498050695851     -0.0651898011077654     0.110238820850719       0.0299901762034395      
-0.889537358214183      97.4848715862458        -0.47919635934125       5.14134803763725        751.805479843895        28.9022390490559        5.14134803763727        -0.0651898011077654     -0.0643061483166886     0.0801071704876026      -0.0626408375403037     
-0.879713481097374      97.5000553331337        -0.474244802696329      5.14008476115174        751.737822943938        28.9009385265511        5.14008476115172        -0.0643061483166886     -0.0661522041072207     0.0299901762034395      -0.0979007657561471     
-0.869891507690167      97.5157983138666        -0.469370011432949      5.13878495727326        751.669076207686        28.8996169949185        5.13878495727327        -0.0661522041072207     -0.0690379801926093     -0.0626408375403037     -0.0715995915374027     
-0.860061959871206      97.5321139740138        -0.464640232772169      5.13742811123371        751.596336117222        28.8982186324736        5.13742811123371        -0.0690379801926093     -0.0711490187449397     -0.0979007657561471     -0.0302486326938096     
-0.850235794383254      97.5490117976853        -0.460006778495885      5.1360294505717         751.521896200617        28.8967875223492        5.13602945057169        -0.0711490187449397     -0.0720410861480648     -0.0715995915374027     0.0262955171929154      
-0.840401300677472      97.5662328246423        -0.455374172881889      5.13461288451609        751.447254232657        28.8953524566121        5.13461288451609        -0.0720410861480648     -0.0712654190553115     -0.0302486326938096     0.0600343445111349      
-0.830569837854025      97.5837962308215        -0.45065283189223       5.13321125452154        751.377361606484        28.8940086370569        5.13321125452156        -0.0712654190553115     -0.0694941765953104     0.0262955171929154      0.0416614242025042      
-0.820731769866209      97.6015073448455        -0.445782550955653      5.13184424561191        751.31360074604         28.8927826579203        5.13184424561189        -0.0694941765953104     -0.0682648461646323     0.0600343445111349      0.00388342861747191     
-0.810897686336308      97.6198561557738        -0.440817719982904      5.13050127965186        751.258195389942        28.8917172942531        5.13050127965186        -0.0682648461646323     -0.0681502400888222     0.0416614242025042      -0.03011260157161       
-0.801058166270125      97.6373973244829        -0.435824351479213      5.12916038998976        751.196806407646        28.8905368283581        5.12916038998974        -0.0681502400888222     -0.0690389330273556     0.00388342861747191     -0.0504805072906986     
-0.791220301282458      97.6530074893566        -0.43087587019732       5.12780201273649        751.117932530541        28.8890200697339        5.1278020127365         -0.0690389330273556     -0.0705286628481406     -0.03011260157161       -0.0460747844687802     
-0.781384501309844      97.6669912983599        -0.42600756531239       5.12641455179586        751.022228133048        28.8871795502789        5.12641455179588        -0.0705286628481406     -0.0718881006726325     -0.0504805072906986     -0.00396759624965301    
-0.771549368327748      97.6826143611094        -0.421211431747317      5.12500064254719        750.935192049563        28.8855056319017        5.12500064254721        -0.0718881006726325     -0.0720051488831424     -0.0460747844687802     0.0367863308664285      
-0.76171904241543       97.7016176995359        -0.41641915997532       5.12358462009141        750.873758705089        28.8843240588903        5.12358462009139        -0.0720051488831424     -0.0709198154578248     -0.00396759624965301    0.0388119673068747      
-0.751883682775428      97.7246587022189        -0.41154970932655       5.12218955741928        750.846339460304        28.8837966775742        5.12218955741929        -0.0709198154578248     -0.0697742756955678     0.0367863308664285      0.0303144616166408      
-0.742042756669766      97.7449624632981        -0.406598658477868      5.12081624098014        750.800986884077        28.8829243457114        5.12081624098015        -0.0697742756955678     -0.0688790716799625     0.0388119673068747      -0.00123167992541609    
-0.732195419754208      97.7606598479492        -0.401585819425628      5.11945984332447        750.722658522718        28.8814176807072        5.11945984332448        -0.0688790716799625     -0.0689154603734776     0.0303144616166408      -0.0100303878579011     
-0.722346120255395      97.778459910738         -0.396576554616434      5.1181022210747         750.660229263618        28.880216782497         5.11810222107475        -0.0689154603734776     -0.0692118804101816     -0.00123167992541609    -0.0166808963011634     
-0.712492413697215      97.7972104099166        -0.39159051471952       5.11673847830482        750.60412436294         28.8791374979498        5.1167384783048         -0.0692118804101816     -0.0697048558798685     -0.0100303878579011     0.00379198035356226     
-0.702641361002058      97.81262895371          -0.386649660516743      5.11536516764949        750.520972659049        28.8775378424717        5.11536516764946        -0.0697048558798685     -0.0695927988375716     -0.0166808963011634     0.0251081614489487      
-0.692793586557525      97.8248963003612        -0.381718738087478      5.11399428128741        750.413940371372        28.8754786467567        5.1139942812874         -0.0695927988375716     -0.0688507944154673     0.00379198035356226     0.0416187267145111      
-0.682942825628183      97.8377685921091        -0.376758490769839      5.11263772052643        750.313599294228        28.8735480499641        5.11263772052642        -0.0688507944154673     -0.0676204770907695     0.0251081614489487      0.0395555587834705      
-0.673086309042953      97.8529011193402        -0.371739181131785      5.11130476130492        750.233999098175        28.8720164230229        5.1113047613049         -0.0676204770907695     -0.0664508325175731     0.0416187267145111      0.026191327878898       
-0.663225382145174      97.8687046520803        -0.366663142949654      5.10999461502934        750.162830628041        28.8706469663113        5.10999461502932        -0.0664508325175731     -0.0656762760422516     0.0395555587834705      0.00239978759802696     
-0.653371702513947      97.8847572033047        -0.361561374383876      5.10869985380603        750.095767221542        28.8693564416886        5.108699853806          -0.0656762760422516     -0.0656053044722669     0.026191327878898       -0.00391718415874617    
-0.64351140650298       97.901107710327         -0.356472675080738      5.10740632703636        750.031105415388        28.8681120772728        5.10740632703633        -0.0656053044722669     -0.0657211750752335     0.00239978759802696     0.00488058644427564     
-0.633652075032716      97.9174134516522        -0.351425445808532      5.10611010254129        749.96564106029         28.866852213805         5.10611010254125        -0.0657211750752335     -0.0655767663850901     -0.00391718415874617    0.0165744673722961      
-0.623784858726713      97.9336504145478        -0.346402324301454      5.10481636637193        749.899952182096        28.8655879741123        5.10481636637194        -0.0655767663850901     -0.0650862848993614     0.00488058644427564     0.0242952323377918      
-0.613921472338538      97.9499207347834        -0.341378094936223      5.10353225821437        749.835870239262        28.8643546079332        5.10353225821436        -0.0650862848993614     -0.0643672247858002     0.0165744673722961      0.0237580768955392      
-0.604056820954124      97.9659441874428        -0.336329778212876      5.10226219910466        749.771900740779        28.8631233533722        5.10226219910464        -0.0643672247858002     -0.0636639179961691     0.0242952323377918      0.0284858473746628      
-0.594186596681342      97.9816734680905        -0.33127475334599       5.10100554777123        749.707589910959        28.8618854760807        5.10100554777123        -0.0636639179961691     -0.0628203977017243     0.0237580768955392      0.00928908604976186     
-0.584314034131034      97.9974333768906        -0.326213083531269      5.09976519229677        749.645849504833        28.8606970252478        5.09976519229673        -0.0628203977017243     -0.0625452808951381     0.0284858473746628      0.00987939251717896     
-0.574440442973162      98.0130722944663        -0.321161958609608      5.09853018468984        749.583911381286        28.8595047193446        5.0985301846898         -0.0625452808951381     -0.0622526574668528     0.00928908604976186     0.00487245468309615     
-0.564568555880454      98.0285907056305        -0.316122568528927      5.09730091257435        749.521837293282        28.8583097467087        5.09730091257432        -0.0622526574668528     -0.0621083210109405     0.00987939251717896     0.0187108866969678      
-0.554692920747805      98.0442894628009        -0.311108265498599      5.09607426046289        749.461469875129        28.8571475812825        5.09607426046286        -0.0621083210109405     -0.061553944767063      0.00487245468309615     0.0243454024122322      
-0.544815666840751      98.0598735775143        -0.30609902027428       5.09485827593074        749.401737649681        28.855997598221         5.09485827593072        -0.061553944767063      -0.0608324069457792     0.0187108866969678      0.0302625898492833      
-0.534936253194965      98.0757452108478        -0.301081367353031      5.09365616097005        749.346185752446        28.8549280549835        5.09365616097007        -0.0608324069457792     -0.0599352168435325     0.0243454024122322      0.0240488373514153      
-0.525050144790827      98.091520950313         -0.296042472757727      5.09247133137579        749.292387435774        28.8538922357255        5.09247133137578        -0.0599352168435325     -0.0592220742983153     0.0302625898492833      0.02608282962239        
-0.515164766564793      98.1075567489774        -0.290992760640489      5.09130044172343        749.242570518713        28.8529330401745        5.09130044172345        -0.0592220742983153     -0.0584485604020562     0.0240488373514153      0.0165681138431329      
-0.505279292987165      98.1232996785933        -0.285924167065697      5.09014489531793        749.192719456114        28.8519731552495        5.09014489531792        -0.0584485604020562     -0.0579572723277732     0.02608282962239        0.0185462570970881      
-0.495394989905476      98.1383608138784        -0.280848399047734      5.08899924235027        749.139065740986        28.8509400143601        5.08899924235027        -0.0579572723277732     -0.0574074507862833     0.0165681138431329      0.0258636437660904      
-0.485514670540539      98.1506164210981        -0.275779611046358      5.08786480976974        749.065601019169        28.8495253382707        5.08786480976976        -0.0574074507862833     -0.0566408520457625     0.0185462570970881      0.0335626250627988      
-0.475637474895098      98.1620200068447        -0.270699849555769      5.08674571669997        748.987852218651        28.8480280901033        5.08674571669995        -0.0566408520457625     -0.0556461725625507     0.0258636437660904      0.0307280024207123      
-0.465756781760411      98.1753109485313        -0.265582161041906      5.08564627271557        748.927356297135        28.8468630356373        5.08564627271554        -0.0556461725625507     -0.0547354607095712     0.0335626250627988      0.0305722232164107      
-0.455879834258914      98.1926843191417        -0.260444856517746      5.08456476004493        748.900593574986        28.8463476134999        5.08456476004491        -0.0547354607095712     -0.0538291243550066     0.0307280024207123      0.0270988376770757      
-0.445996615964879      98.2134933158435        -0.255286363936035      5.08350072376106        748.902546531289        28.8463852257145        5.0835007237611         -0.0538291243550066     -0.0530253755361799     0.0305722232164107      0.0243611508645406      
-0.43610614931632       98.2289168879737        -0.250104513983648      5.08245189152496        748.865616659595        28.8456739806778        5.08245189152494        -0.0530253755361799     -0.0523024647843668     0.0270988376770757      0.0294510548700565      
-0.426210666466217      98.2402769995648        -0.244913843764629      5.08141693585338        748.799710992773        28.8444046373098        5.0814169358534         -0.0523024647843668     -0.0514281893083872     0.0243611508645406      0.0205426632374702      
-0.416316309191871      98.2529963615056        -0.239717765288142      5.08039903131464        748.746641308131        28.8433824744011        5.08039903131466        -0.0514281893083872     -0.0508182140417559     0.0294510548700565      0.0319316731705439      
-0.406415035959421      98.2655991731286        -0.234518314003629      5.07939292338451        748.694383578193        28.8423759149661        5.07939292338452        -0.0508182140417559     -0.0498697675351686     0.0205426632374702      0.020875158189708       
-0.396515588307431      98.2765859759104        -0.229289270667937      5.07840527463178        748.632498889301        28.8411838809502        5.07840527463178        -0.0498697675351686     -0.0492495433755799     0.0319316731705439      0.0296998014658768      
-0.386606638872756      98.287684330473         -0.224035389110976      5.07742960417163        748.57319721753         28.8400415552469        5.07742960417166        -0.0492495433755799     -0.04836709660659       0.020875158189708       0.0267645979036678      
-0.376702482604617      98.2990006682965        -0.218753731430814      5.07647154811765        748.518120151507        28.8389805674254        5.07647154811767        -0.04836709660659       -0.0475720168569566     0.0296998014658768      0.02738413880831        
-0.366803719582927      98.3106904541489        -0.213447382066261      5.07552962963582        748.468233464982        28.8380195318029        5.07552962963581        -0.0475720168569566     -0.0467586464656628     0.0267645979036678      0.0230839059860673      
-0.356905715184308      98.3225835904531        -0.208121853496658      5.07460377172851        748.422230301308        28.8371332814193        5.07460377172852        -0.0467586464656628     -0.0460729352888561     0.02738413880831        0.034074033896924       
-0.346998916928806      98.3348615898067        -0.202786158674319      5.07369121529435        748.381085108082        28.8363405967016        5.07369121529433        -0.0460729352888561     -0.0450606257743241     0.0230839059860673      0.0297062854020236      
-0.337096960401191      98.3471657637413        -0.197424101247403      5.07279871221906        748.343063755052        28.8356080751069        5.07279871221907        -0.0450606257743241     -0.0441780311842499     0.034074033896924       0.0326440060903384      
-0.327194237147974      98.3598391959425        -0.192031569960642      5.07192370779741        748.310400469562        28.8349787674924        5.07192370779738        -0.0441780311842499     -0.0432080718547674     0.0297062854020236      0.0376135238165444      
-0.317288991169289      98.3727390524279        -0.18660822559384       5.071067716814          748.282231835002        28.8344360450988        5.07106771681404        -0.0432080718547674     -0.0420902849176702     0.0326440060903384      0.0445608261412237      
-0.307380397463319      98.3864134826822        -0.181136822870884      5.07023375242495        748.263171629898        28.8340688081516        5.07023375242496        -0.0420902849176702     -0.0407658167854091     0.0376135238165444      0.0319580855310432      
-0.297475425588676      98.401530641826         -0.175624220360726      5.06942594590207        748.258908828225        28.8339866752226        5.06942594590202        -0.0407658167854091     -0.0398157961015342     0.0445608261412237      0.0338794372891289      
-0.287562399806143      98.4192960314207        -0.170095590515118      5.06863678484187        748.27749630465         28.8343448050844        5.06863678484183        -0.0398157961015342     -0.0388084595646477     0.0319580855310432      0.0423372402644285      
-0.277652821401319      98.4412786317265        -0.164547356331835      5.06786744677829        748.331027095437        28.835376172246         5.06786744677831        -0.0388084595646477     -0.0375493341141013     0.0338794372891289      0.0435117069827153      
-0.26773704722588       98.4703247523678        -0.158954354005146      5.0671228782515         748.441853072367        28.8375113171941        5.06712287825146        -0.0375493341141013     -0.0362548713721133     0.0423372402644285      0.0363519853426294      
-0.257820025872275      98.5100657285545        -0.153335212343691      5.06640368741478        748.637640381932        28.8412829191832        5.06640368741477        -0.0362548713721133     -0.0351728539496209     0.0435117069827153      0.0338007484151744      
-0.247895679836877      98.5658681641859        -0.147696427482444      5.06570555486726        748.958498819445        28.8474627965682        5.06570555486724        -0.0351728539496209     -0.0341661719915018     0.0363519853426294      0.0445776811721989      
-0.237964156947823      98.6445634422438        -0.142033870760079      5.06502694134611        749.456057178436        28.8570433762796        5.06502694134609        -0.0341661719915018     -0.0328374528657295     0.0338007484151744      0.0391370380009424      
-0.22802725531028       98.7559824182345        -0.136333139289046      5.06437416922666        750.205869623263        28.871475150383         5.0643741692267         -0.0328374528657295     -0.0316695848909808     0.0445776811721989      0.0459326482992918      
-0.218074801109238      98.9122636658145        -0.130598778803849      5.06374374601093        751.299534812329        28.8925121943833        5.06374374601096        -0.0316695848909808     -0.0302967966312659     0.0391370380009424      0.0425885743349192      
-0.208104076951886      99.1278061202539        -0.12482503521267       5.06313955806219        752.846874707065        28.9222496955595        5.06313955806221        -0.0302967966312659     -0.0290213142989386     0.0459326482992918      0.0465073397269428      
-0.198113370140087      99.4214540731083        -0.119023588359181      5.06255949909357        754.990540097264        28.9633972089921        5.06255949909358        -0.0290213142989386     -0.0276246132687774     0.0425885743349192      0.0398391453134415      
-0.18809082154713       99.8159020678426        -0.113180275779078      5.06200559450671        757.90298203223         29.0192078541137        5.06200559450671        -0.0276246132687774     -0.0264236148346364     0.0465073397269428      0.0440195495715678      
-0.178024374593609      100.335572164296        -0.107290425137183      5.06147343447623        761.768749563839        29.0931215536869        5.06147343447619        -0.0264236148346364     -0.0250899105038805     0.0398391453134415      0.0426709035556448      
-0.167900692996146      101.003851531283        -0.101341980060319      5.0609652759078         766.765477999156        29.1883819733346        5.06096527590777        -0.0250899105038805     -0.0237888693431858     0.0440195495715678      0.0496569988892938      
-0.157707497880679      101.844403369651        -0.095333972652145      5.06048010048558        773.072364896915        29.3081779428525        5.06048010048554        -0.0237888693431858     -0.0222625902343314     0.0426709035556448      0.0473822557104246      
-0.147427449318384      102.876917667625        -0.0892513124174803     5.06002198098281        780.839197100909        29.455035357132         5.06002198098281        -0.0222625902343314     -0.0207911332521532     0.0496569988892938      0.0527760224953807      
-0.137024748666135      104.105310704125        -0.0830647510830435     5.05958914285591        790.09514962835         29.6290988655925        5.05958914285593        -0.0207911332521532     -0.0191319067822175     0.0473822557104246      0.0499017531445162      
-0.126473398688451      105.519161586291        -0.0767544924670507     5.05918550465531        800.761519141119        29.828426396106         5.0591855046553         -0.0191319067822175     -0.0175414167215663     0.0527760224953807      0.0478070121716104      
-0.11578350687415       107.105717482497        -0.0703411912771489     5.05881019897154        812.741243952933        30.0507209000778        5.05881019897157        -0.0175414167215663     -0.0159949822436835     0.0499017531445162      0.0552918707865807      
-0.104923834049134      108.834936706726        -0.0638106605381104     5.05846267887904        825.806198233705        30.2912931794252        5.05846267887907        -0.0159949822436835     -0.0141780170050664     0.0478070121716104      0.0563192713959898      
-0.0938794324653055     110.657959010208        -0.0571437110706782     5.05814953521857        839.586755903582        30.5429889373356        5.05814953521857        -0.0141780170050664     -0.0122972749300424     0.0552918707865807      0.0491256442709982      
-0.0826547832056722     112.513043845657        -0.0503496507709138     5.05787355666734        853.615123870655        30.7970980572062        5.05787355666733        -0.0122972749300424     -0.0106307267645169     0.0563192713959898      0.0474764708400215      
-0.0712639779506542     114.330897257615        -0.0434542269024649     5.05763128586724        867.365284367079        31.0441492853695        5.05763128586726        -0.0106307267645169     -0.00899520052844503    0.0491256442709982      0.0497653606704212      
-0.0596908892091781     116.033072405446        -0.0364372635596942     5.05742312371795        880.242515249009        31.2737468040778        5.05742312371792        -0.00899520052844503    -0.00725580030168588    0.0474764708400215      0.0446906798504277      
-0.047944935021418      117.528407518693        -0.0292895027751149     5.05725282950483        891.556307206661        31.4740864699599        5.05725282950481        -0.00725580030168588    -0.00567396527963536    0.0497653606704212      0.0492208199465149      
-0.0360697722578109     118.696287532584        -0.0220453570838007     5.05711815415614        900.391725767947        31.6296577732557        5.05711815415612        -0.00567396527963536    -0.00391452561387626    0.0446906798504277      0.0434362761054647      
-0.0240947185933744     119.437390840761        -0.0147293259279341     5.05702445887467        905.996710178851        31.7279531534865        5.05702445887467        -0.00391452561387626    -0.002351275746415      0.0492208199465149      0.0400735541090422      
-0.0120494211154697     119.74606856075         -0.00737286271550416    5.05696787685345        908.328033136806        31.7687483252332        5.05696787685345        -0.002351275746415      -0.000903514432746134   0.0434362761054647      0.040165778962919       
1.3714230548914e-05     119.795032740102        1.70507099253086e-06    5.05694608641281        908.695532980129        31.7751743238531        5.05694608641284        -0.000903514432746134   0.000549366387115821    0.0400735541090422      0.0486756444518536      
0.0120769939320307      119.746134497944        0.00738544383214886     5.05695933597081        908.326999193691        31.7687302441619        5.05695933597078        0.000549366387115821    0.0023079736894003      0.040165778962919       0.0461101659644789      
0.0241230786400946      119.437449017764        0.0147483993009299      5.05701487942105        905.995435264388        31.7279308297627        5.05701487942105        0.0023079736894003      0.00396755812219848     0.0486756444518536      0.0479190419292886      
0.0360994176108042      118.696286700731        0.0220565373098114      5.0571098510313         900.390241132654        31.6296316965358        5.05710985103131        0.00396755812219848     0.0056805459621486      0.0461101659644789      0.0449307962122564      
0.0479747414062635      117.528344950373        0.0292998296767993      5.05724468633103        891.55439699033         31.4740527523216        5.05724468633106        0.0056805459621486      0.00727091188020376     0.0479190419292886      0.0459255588953149      
0.0597204099897613      116.033021159452        0.0364491038603501      5.05741533512344        880.240770888775        31.273715816761         5.05741533512344        0.00727091188020376     0.00887605462208303     0.0449307962122564      0.0488274227789697      
0.0712938839645283      114.330936247535        0.0434654155472479      5.05762073121575        867.363770077256        31.0441221861412        5.05762073121571        0.00887605462208303     0.0105580770037825      0.0459255588953149      0.0539490313685622      
0.0826822111634582      112.513168870663        0.0503622812376847      5.05786133651397        853.614010019393        30.7970779641942        5.05786133651401        0.0105580770037825      0.0123882859034195      0.0488274227789697      0.0559257164307501      
0.0939095678229109      110.657957738205        0.0571578810818859      5.05813937768125        839.585060234102        30.542958094281         5.05813937768123        0.0123882859034195      0.0142558641438237      0.0539490313685622      0.0556860991807436      
0.104954281654762       108.835006308435        0.0638172959873923      5.0584542336414         825.805347643936        30.2912775792331        5.05845423364144        0.0142558641438237      0.0160856434231691      0.0559257164307501      0.0450568749235809      
0.115809629869524       107.105825100054        0.0703371834003502      5.05880365854469        812.741009801403        30.0507165712567        5.05880365854467        0.0160856434231691      0.017542924210271       0.0556860991807436      0.0475802465870491      
0.126499780851344       105.519304340148        0.0767537799509815      5.05917895622378        800.761565989576        29.8284272686602        5.05917895622375        0.017542924210271       0.0190592360104925      0.0450568749235809      0.0530136310687613      
0.137050347449416       104.105429854916        0.083065950322583       5.05958102539456        790.094786301714        29.6290920530953        5.05958102539463        0.0190592360104925      0.0207258844021934      0.0475802465870491      0.043885925091968       
0.147450593997462       102.877078002802        0.0892484767535682      5.0600124917102         780.838949707232        29.4550306910048        5.06001249171014        0.0207258844021934      0.0220887262601326      0.0530136310687613      0.0498600012664364      
0.157735037729251       101.844585987891        0.0953353864207468      5.06046705082489        773.071757544939        29.3081664300989        5.06046705082494        0.0220887262601326      0.0236212137051824      0.043885925091968       0.0515853620396673      
0.167923470653879       101.00409602396         0.101341397024438       5.06094876917845        766.764833181662        29.1883697002317        5.06094876917846        0.0236212137051824      0.025193920983274       0.0498600012664364      0.0463983627027266      
0.178049087564953       100.33578112131         0.107282417979266       5.06145897211924        761.768159371573        29.093110283509         5.0614589721193         0.025193920983274       0.026599474328372       0.0515853620396673      0.0401530725136172      
0.188111488056978       99.8160547680219        0.113166697999345       5.06199458291086        757.90249278489         29.0191984877615        5.06199458291094        0.026599474328372       0.0278097437147229      0.0463983627027266      0.0460589565327727      
0.198133354120013       99.4216172475434        0.119018317583605       5.06255209542487        754.99067509062         28.9633997983398        5.06255209542485        0.0278097437147229      0.0291927647641009      0.0401530725136172      0.0401858409313674      
0.208121982505899       99.128013570197         0.124823748183609       5.06313551449111        752.847848982332        28.9222684100049        5.06313551449112        0.0291927647641009      0.0303962234197251      0.0460589565327727      0.04479289536347        
0.218092973566179       98.9124230530266        0.130593385013295       5.06374167850669        751.300438703545        28.8925295747216        5.06374167850667        0.0303962234197251      0.0317350115737678      0.0401858409313674      0.0411291776999459      
0.22804652940338        98.7560984678537        0.136326130915823       5.06437347797731        750.206648803672        28.8714901436554        5.06437347797723        0.0317350115737678      0.0329624100777367      0.04479289536347        0.038962640044965       
0.237985615271182       98.6446737445024        0.142034344196347       5.06502877897343        749.457167112525        28.8570647447134        5.06502877897348        0.0329624100777367      0.0341237473738714      0.0411291776999459      0.0330373080978533      
0.247914390325751       98.565897096241         0.147708207448952       5.0657064804024         748.958855500657        28.8474696656716        5.06570648040232        0.0341237473738714      0.0351076662240797      0.038962640044965       0.0414055381021961      
0.257837977418604       98.5101767142766        0.153351885888876       5.06640330165233        748.638426827349        28.8412980680934        5.06640330165239        0.0351076662240797      0.0363400889523615      0.0330373080978533      0.0385874430702965      
0.267758272617932       98.4703117599366        0.158961047373092       5.06712423458783        748.441954659291        28.8375132742693        5.0671242345878         0.0363400889523615      0.0374881010563395      0.0414055381021961      0.038002621924207       
0.277671099569524       98.441310138215         0.164543164662388       5.06786758551825        748.331287088114        28.8353811813834        5.0678675855182         0.0374881010563395      0.0386183059875345      0.0385874430702965      0.0353974394964414      
0.287583117099451       98.4194262997161        0.170097960538453       5.0686331402162         748.277948675711        28.8343535209828        5.06863314021617        0.0386183059875345      0.0396707446614382      0.038002621924207       0.0447465495523532      
0.297493498973356       98.4016458435182        0.175630675345703       5.06941939986936        748.258818627308        28.8339849372867        5.06941939986933        0.0396707446614382      0.04100082815739        0.0353974394964414      0.0422255175518561      
0.307399986374573       98.3864569779081        0.181132146873101       5.07023177504464        748.263210605178        28.8340695591012        5.07023177504469        0.04100082815739        0.0422557277762878      0.0447465495523532      0.0289079766012424      
0.317303886603459       98.37278147327          0.186592579570826       5.07106888436411        748.282726796174        28.8344455815566        5.07106888436413        0.0422557277762878      0.0431147003885         0.0422255175518561      0.030661037689747       
0.3272107040238         98.3598788993793        0.192019196788627       5.07192293659261        748.31058874535         28.8349823949496        5.07192293659256        0.0431147003885         0.0440256780873693      0.0289079766012424      0.033688912113535       
0.337110850196664       98.3472757113184        0.197414131412243       5.07279490429959        748.343338620185        28.8356133707413        5.07279490429956        0.0440256780873693      0.0450266519087561      0.030661037689747       0.0317549375416302      
0.347015519050888       98.3350309004848        0.202781620933699       5.07368682740148        748.381726427861        28.8363529522461        5.07368682740154        0.0450266519087561      0.0459701790149319      0.033688912113535       0.0240302662487313      
0.356923597842666       98.3227098463543        0.208121302951199       5.07459751323997        748.422268321986        28.8371340138985        5.07459751323993        0.0459701790149319      0.0466841232903923      0.0317549375416302      0.0305791956547976      
0.366823493268801       98.310852227956         0.21344370756094        5.07552203800633        748.468345587262        28.838021691804         5.07552203800627        0.0466841232903923      0.0475925632442969      0.0240302662487313      0.0288964310004516      
0.376723297547997       98.2991223461397        0.218744483004651       5.0764645511736         748.518015002482        28.8389785418293        5.07646455117357        0.0475925632442969      0.0484510809926424      0.0305791956547976      0.0296269809233949      
0.386631375212998       98.2878203743718        0.224027125725831       5.0774243823831         748.573463490188        28.8400466845474        5.07742438238311        0.0484510809926424      0.0493314191043357      0.0288964310004516      0.0240602976512364      
0.396536046965106       98.2766596640785        0.22928061905007        5.07840164403856        748.632525013012        28.8411843841602        5.07840164403855        0.0493314191043357      0.0500462261431867      0.0296269809233949      0.0271125801320335      
0.406438878899916       98.2657073146281        0.234513295583653       5.07939268998636        748.695173115391        28.8423911228554        5.07939268998644        0.0500462261431867      0.0508514331071633      0.0240602976512364      0.0193309877663639      
0.416333765260467       98.2530505069855        0.23972256762433        5.08039928880594        748.747091878054        28.8433911528766        5.08039928880595        0.0508514331071633      0.0514253896447933      0.0271125801320335      0.0257878562141451      
0.426230952199415       98.2403562022549        0.244929584074091       5.08141710783959        748.800340029591        28.8444167528251        5.08141710783965        0.0514253896447933      0.0521909462503824      0.0193309877663639      0.0280416888640185      
0.43612599227395        98.2290051776331        0.2501146732241         5.08245000180193        748.866011313095        28.8456815815373        5.08245000180193        0.0521909462503824      0.0530231176905525      0.0257878562141451      0.0265773717230259      
0.446020071625703       98.2135469838159        0.255292603497414       5.08349880492868        748.902673080053        28.8463876629303        5.08349880492874        0.0530231176905525      0.0538113757123935      0.0280416888640185      0.0282270411107079      
0.455897093841536       98.1927422347056        0.260456459375159       5.08456235615251        748.900681220956        28.846349301485         5.0845623561525         0.0538113757123935      0.0546481193059281      0.0265773717230259      0.0375220852216735      
0.4657778321129         98.1754221043205        0.265602805405024       5.08564208182           748.927587081262        28.846867480259         5.08564208181993        0.0546481193059281      0.0557600796450775      0.0282270411107079      0.0312093484546104      
0.475654898798914       98.1620286851699        0.270701131421437       5.08674367473927        748.987617770794        28.8480235751043        5.08674367473922        0.0557600796450775      0.0566848898406429      0.0375220852216735      0.0201502607539762      
0.485531911869555       98.1506530132391        0.275775696730259       5.0878634037447         749.065673279556        28.8495267297895        5.08786340374475        0.0566848898406429      0.0572820776554976      0.0312093484546104      0.0279246903553354      
0.495407961375295       98.138438902106         0.280853059536622       5.08899527978464        749.139078507377        28.8509402601906        5.08899527978467        0.0572820776554976      0.0581099698793539      0.0201502607539762      0.0203914736643121      
0.505298227299284       98.1233904791483        0.285933250407913       5.09014415970658        749.193304467067        28.8519844198524        5.09014415970662        0.0581099698793539      0.0587146871973029      0.0279246903553354      0.0200605027471737      
0.515183222867173       98.107598781602         0.29099560695604        5.09130508075596        749.243574206306        28.8529523659058        5.09130508075593        0.0587146871973029      0.0593096076822591      0.0203914736643121      0.0222236130520178      
0.525067451343216       98.0915812582567        0.29604953812809        5.09247755335724        749.293763596485        28.8539187324411        5.09247755335721        0.0593096076822591      0.0599685527045334      0.0200605027471737      0.0310872001576108      
0.534951357005365       98.0758016382133        0.301094966884148       5.09366289526149        749.347607591389        28.8549554302085        5.09366289526157        0.0599685527045334      0.0608901344823764      0.0222236130520178      0.0202550538648408      
0.544831433652571       98.0599557480658        0.306113589680774       5.0948661445121         749.403523009762        28.8560319711834        5.09486614451213        0.0608901344823764      0.0614904573944727      0.0310872001576108      0.0198448470392051      
0.554709351804289       98.0443288734006        0.311112783085021       5.09608096153912        749.462756637925        28.857172353929         5.0960809615391         0.0614904573944727      0.0620784189847416      0.0202550538648408      0.00603312861681935     
0.564585814543841       98.0287138749603        0.31611669913827        5.09730694358644        749.523665858525        28.858344948665         5.09730694358651        0.0620784189847416      0.0622571083547428      0.0198448470392051      0.00933790466641524     
0.574452821130932       98.0131588180499        0.321151386653409       5.09853595102538        749.585420861082        28.8595337773438        5.09853595102542        0.0622571083547428      0.0625336131696249      0.00603312861681935     0.00623936298681742     
0.584324019563675       97.9975792695888        0.326206290584383       5.0997703194106         749.647719199704        28.8607330160184        5.09977031941054        0.0625336131696249      0.0627183589491665      0.00933790466641524     0.0283378020654861      
0.594193172444367       97.9818513389044        0.331274701079656       5.10100841842877        749.709372799482        28.8619197944566        5.1010084184288         0.0627183589491665      0.0635574350723496      0.00623936298681742     0.027202975535983       
0.604064899551675       97.9659797107776        0.336332469441553       5.10226301713616        749.772292823718        28.8631309001585        5.10226301713619        0.0635574350723496      0.0643627485743854      0.0283378020654861      0.0272531101126619      
0.613931503848898       97.950110559048         0.341380433110195       5.10353311528659        749.837449326126        28.8643850007838        5.10353311528663        0.0643627485743854      0.0651693741222146      0.027202975535983       0.0143439966664514      
0.623793439235527       97.933782356066         0.346412211065305       5.10481880236214        749.901320336532        28.8656143060011        5.10481880236217        0.0651693741222146      0.0655938362675497      0.0272531101126619      0.0050723074998097      
0.633659751739208       97.9174564192717        0.351442436073243       5.10611279515202        749.966365636775        28.866866158602         5.10611279515199        0.0655938362675497      0.0657439119552695      0.0143439966664514      -0.0074536182166958     
0.643519898172821       97.9012416628344        0.356475720932152       5.10740947136192        750.03259339028         28.868140712755         5.10740947136199        0.0657439119552695      0.0655234193248436      0.0050723074998097      0.00558806502257716     
0.653379567641347       97.8850152116847        0.361553666945381       5.1087015099626         750.097987521968        28.8693991686308        5.10870150996267        0.0655234193248436      0.0656886951881212      -0.0074536182166958     0.027694257567877       
0.663237541853393       97.8688482708432        0.366660317285371       5.10999667255344        750.164233515968        28.8706739619591        5.1099966725534         0.0656886951881212      0.0665077371010024      0.00558806502257716     0.0378866443384865      
0.67309527202857        97.8530469703703        0.371742691371858       5.1113079131122         750.23557995269         28.8720468418213        5.11130791311221        0.0665077371010024      0.0676280460369203      0.027694257567877       0.0364436761912459      
0.682953056027078       97.837982984447         0.376774384979357       5.11264100869168        750.315726020944        28.8735889702557        5.11264100869171        0.0676280460369203      0.0687054074697392      0.0378866443384865      0.0334900487406781      
0.692804099015577       97.825038425415         0.38174590914943        5.11399482213801        750.415109974536        28.8755011495623        5.11399482213792        0.0687054074697392      0.0696951946848296      0.0364436761912459      -0.00155270155668676    
0.702653454487342       97.8128308668526        0.386665800615398       5.11536783509309        750.522913313548        28.8775751773961        5.115367835093          0.0696951946848296      0.0696493087892407      0.0334900487406781      -0.0191681350680681     
0.712504206179591       97.7973433044272        0.391604802173122       5.11674007249617        750.605378204141        28.8791616184123        5.11674007249615        0.0696493087892407      0.0690828281648812      -0.00155270155668676    -0.00780924280792423    
0.722357540329881       97.7785919280651        0.396592104589467       5.11810122480025        750.66109665941         28.8802334681893        5.11810122480031        0.0690828281648812      0.0688520477574591      -0.0191681350680681     0.00653137399415357     
0.73220650656406        97.760760768446         0.401597823973704       5.11945762185672        750.723107751798        28.8814263219614        5.11945762185664        0.0688520477574591      0.0690450243412018      -0.00780924280792423    0.0258485527155376      
0.742055580254891       97.7450736166939        0.406592843931182       5.12081745966538        750.802019358967        28.8829442050911        5.1208174596653         0.0690450243412018      0.0698083550901283      0.00653137399415357     0.0306760654284349      
0.751898352344501       97.7246908451622        0.411534733861978       5.12219141858916        750.846859247053        28.8838066752338        5.12219141858917        0.0698083550901283      0.0707138110014386      0.0258485527155376      0.0493976677754903      
0.761727473158631       97.701759828161         0.416409836471023       5.1235824134914         750.874527634089        28.8843388483196        5.12358241349139        0.0707138110014386      0.0721712150038974      0.0306760654284349      -0.0136022530789561     
0.771567993506419       97.6826776678947        0.421202242386087       5.12500184459742        750.935854849762        28.8855183795495        5.12500184459743        0.0721712150038974      0.0717699620012492      0.0493976677754903      -0.0335016449573117     
0.781392935499467       97.6670463858566        0.426000606716017       5.12641314274097        751.022445307721        28.8871837269618        5.12641314274092        0.0717699620012492      0.0707816591949088      -0.0136022530789561     -0.0516443980193928     
0.791230910452062       97.6529958759241        0.43086698795856        5.12780523370351        751.118315009086        28.8890274250562        5.12780523370342        0.0707816591949088      0.0692578487443578      -0.0335016449573117     -0.0425348098110704     
0.801064811728781       97.637329054527         0.435815068523182       5.12916783784408        751.19737193922         28.8905477033429        5.12916783784406        0.0692578487443578      0.0680025387065011      -0.0516443980193928     0.00355209212991061     
0.810907762643897       97.6197286750927        0.440836838469827       5.13050589634477        751.257890350709        28.8917114286877        5.13050589634474        0.0680025387065011      0.0681073691737895      -0.0425348098110704     0.0456125334496547      
0.820741152112806       97.601518823636         0.445818571698587       5.13184583326381        751.313921542944        28.8927888262595        5.13184583326375        0.0681073691737895      0.0694533710564431      0.00355209212991061     0.0581335110860661      
0.830579203131804       97.5837426570715        0.450680961043566       5.13321207164576        751.377068705479        28.8940030053427        5.1332120716457         0.0694533710564431      0.0711685004478345      0.0456125334496547      0.024905924640317       
0.840412319799797       97.5661343812024        0.455383346238203       5.13461178254801        751.446334757077        28.8953347783394        5.13461178254803        0.0711685004478345      0.0719032027537635      0.0581335110860661      -0.0272563502525553     
0.850243159650794       97.5489321179804        0.459998019219072       5.13602565217649        751.520726550556        28.8967650352184        5.13602565217649        0.0719032027537635      0.0710993150210521      0.024905924640317       -0.0795701714172329     
0.860075391126751       97.532071407153         0.464632941592614       5.13742357959948        751.595345121433        28.8981995810088        5.13742357959943        0.0710993150210521      0.0687530117525445      -0.0272563502525553     -0.0873773972231536     
0.869903320130702       97.5159058549895        0.469389860570921       5.13877496719804        751.668443866891        28.8996048390303        5.138774967198          0.0687530117525445      0.0661774629203127      -0.0795701714172329     -0.0534345194084437     
0.879726602298139       97.5000251582727        0.474282898264296       5.14007509392162        751.736176459154        28.9009068765662        5.14007509392168        0.0661774629203127      0.0646029496165763      -0.0873773972231536     0.0300820778869718      
0.889544238524257       97.4848919200198        0.479226251751984       5.14134393554416        751.805036820257        28.9022305333046        5.14134393554422        0.0646029496165763      0.0654892063226939      -0.0534345194084437     0.0788522217049447      
0.899366912705235       97.4693425499423        0.484046919754442       5.14263019771624        751.873176523323        28.9035402776454        5.14263019771618        0.0654892063226939      0.0678122843139498      0.0300820778869718      0.0965591560935918      
0.909185582123535       97.4534493226921        0.488628656483388       5.14396209917892        751.945274625272        28.9049260435593        5.14396209917892        0.0678122843139498      0.0706569688442024      0.0788522217049447      0.0027759522484826      
0.919007580506065       97.436921179842         0.492941411461383       5.14534979247819        752.02056325862         28.9063730623662        5.14534979247819        0.0706569688442024      0.0707387444539739      0.0965591560935918      -0.0773885949585319     
0.928824643469658       97.4203962299265        0.497154071584442       5.1467389773094         752.096025692233        28.9078233488644        5.14673897730936        0.0707387444539739      0.0684593781016559      0.0027759522484826      -0.183333120702738      
0.938645010194404       97.4043137899251        0.501427925980141       5.14808310785168        752.168253680697        28.9092114055307        5.1480831078517         0.0684593781016559      0.0630608404096919      -0.0773885949585319     -0.146654604144271      
0.948455187859199       97.3896181309449        0.505946716779387       5.14932085899832        752.235588137334        28.9105053596888        5.14932085899831        0.0630608404096919      0.0587429359723107      -0.183333120702738      -0.0764645601795056     
0.958270242878844       97.3760431917615        0.51063016160639        5.15047383050097        752.29914326535         28.9117266340407        5.15047383050105        0.0587429359723107      0.0564917435851928      -0.146654604144271      0.0575291882539909      
0.968084768835531       97.362874343886         0.51532580570366        5.15158267157893        752.35934448762         28.9128834122172        5.15158267157897        0.0564917435851928      0.0581852857120646      -0.0764645601795056     0.164299615731384       
0.977897410147096       97.3497683202253        0.519768105432398       5.15272445148984        752.424797355744        28.9141410492771        5.15272445148991        0.0581852857120646      0.0630204762502779      0.0575291882539909      0.111675461849507       
0.987703946995292       97.3360636518588        0.523723872165631       5.15396063094812        752.499360049711        28.9155736594527        5.15396063094816        0.0630204762502779      0.0663056947136555      0.164299615731384       0.00724757494009716     
0.997509273445736       97.3227633946132        0.527273711321794       5.15526075040738        752.58633337415         28.9172446315756        5.15526075040739        0.0663056947136555      0.0665188239644804      0.111675461849507       -0.179412476027164      
1.00730800519029        97.3115622316839        0.530605243733657       5.15656458872063        752.690033815477        28.9192368466904        5.15656458872056        0.0665188239644804      0.0612431020270947      0.00724757494009716     -0.30407057024015       
1.01710730077952        97.3012578917519        0.534074428933727       5.15776516894742        752.785558273272        28.9210718695109        5.15776516894747        0.0612431020270947      0.0522997003852459      -0.179412476027164      -0.290144639487975      
1.02691701300584        97.2891439535982        0.537905897186273       5.15879093567743        752.841530951458        28.9221470493818        5.15879093567739        0.0522997003852459      0.04376455238898        -0.30407057024015       -0.141703306589443      
1.03672477886595        97.2777054012191        0.542043836902642       5.1596492622297         752.878261357198        28.9228525824822        5.15964926222971        0.04376455238898        0.0395966893457134      -0.290144639487975      0.0734972083086491      
1.04652427299921        97.2655722429339        0.546186248672596       5.16042551032484        752.89761041817         28.9232242404721        5.16042551032479        0.0395966893457134      0.0417575963872717      -0.141703306589443      0.276390004792878       
1.05632524597833        97.2516767296284        0.549899137088539       5.16124385826618        752.909428840324        28.9234512471248        5.16124385826622        0.0417575963872717      0.0498819199009626      0.0734972083086491      0.209108421871873       
1.06611897094568        97.2389368498027        0.5527489395436         5.162221253838          752.953359759993        28.9242950506623        5.16222125383798        0.0498819199009626      0.056027841348428       0.276390004792878       0.0128164598485168      
1.07591891823491        97.226684217077         0.554848991106991       5.163319048048          753.018585894872        28.9255478368339        5.16331904804797        0.056027841348428       0.0564045091229807      0.209108421871873       -0.312291618527609      
1.08571275205388        97.2153083743968        0.556565992242445       5.16442415571714        753.091630311338        28.9269507228762        5.16442415571705        0.0564045091229807      0.0472256535667579      0.0128164598485168      -0.497449897698266      
1.09551021953477        97.2050095023544        0.558528192131855       5.16534954458885        753.146777347111        28.9280098279834        5.16534954458893        0.0472256535667579      0.0326032086873718      -0.312291618527609      -0.501774709390182      
1.10531154351025        97.1972372415467        0.561077780734156       5.1659885400486         753.179720571322        28.9286424878589        5.16598854004851        0.0326032086873718      0.0178508104855025      -0.497449897698266      -0.223008834972036      
1.11510974537951        97.1921141668982        0.564190165339278       5.16633843460937        753.191032442083        28.9288597240826        5.16633843460945        0.0178508104855025      0.0112939858608232      -0.501774709390182      0.132418837648814       
1.1249141100552         97.1886888185341        0.567308438784312       5.16655981788855        753.196761604668        28.9289697478471        5.16655981788856        0.0112939858608232      0.0151871935303164      -0.223008834972036      0.409864174447286       
1.13471092529517        97.1850372235365        0.569732594887602       5.16685747815529        753.211854514845        28.9292595925311        5.16685747815531        0.0151871935303164      0.0272364482104086      0.132418837648814       0.376425665966347       
1.14451178095513        97.1789166850139        0.570921466439011       5.16739124649655        753.242225133237        28.929842821965         5.16739124649646        0.0272364482104086      0.0383001900166919      0.409864174447286       0.0787272790306702      
1.15430840473381        97.1707907532314        0.570921890282298       5.16814165200309        753.288616574778        28.9307336884109        5.16814165200306        0.0383001900166919      0.0406137780783412      0.376425665966347       -0.3706238392594        
1.16409977324782        97.1620635019517        0.570311689777818       5.16893722048403        753.336909681406        28.9316610438654        5.16893722048407        0.0406137780783412      0.0297235313355044      0.0787272790306702      -0.693464920021707      
1.1738976827496         97.1558646238823        0.569978885340933       5.16951949141281        753.373703817335        28.9323675687002        5.16951949141287        0.0297235313355044      0.00934721872790634     -0.3706238392594        -0.787348673729661      
1.18368961713577        97.1544840800666        0.570558694688804       5.16970259124638        753.389682149888        28.9326743809349        5.16970259124635        0.00934721872790634     -0.0137887535152904     -0.693464920021707      -0.464435524407424      
1.19348523243744        97.1581666405059        0.572236945353743       5.16943247319153        753.378872500778        28.9324668169165        5.1694324731915         -0.0137887535152904     -0.0274362665959488     -0.787348673729661      0.0463296610322615      
1.2032815414369         97.1650968595735        0.574390180362481       5.16889495867304        753.35426897464         28.931994380974         5.16889495867302        -0.0274362665959488     -0.0260746496318211     -0.464435524407424      0.584457895657763       
1.21307608226498        97.1720601910891        0.57603790205199        5.1683840576275         753.333790107668        28.9316011406917        5.16838405762749        -0.0260746496318211     -0.00889572761270991    0.0463296610322615      0.83750855723198        
1.22287825905454        97.1751670027777        0.576159393651773       5.16820972368198        753.332464506265        28.9315756859807        5.16820972368205        -0.00889572761270991    0.0157211873627897      0.584457895657763       0.539509462840297       
1.23267434745802        97.1727742688589        0.574293776624571       5.1685177751947         753.358816610369        28.9320817050778        5.1685177751947         0.0157211873627897      0.0315772832364739      0.83750855723198        -0.183068940797978      
1.24246933822002        97.1669163311751        0.571044022300864       5.16913639645752        753.40356560853         28.9329409652452        5.16913639645747        0.0315772832364739      0.02619712512726        0.539509462840297       -0.989994172983637      
1.2522646796976         97.1621887760596        0.567850251040558       5.16964968092236        753.441717305812        28.9336735253774        5.16964968092237        0.02619712512726        -0.00290258357919498    -0.183068940797978      -1.27933341110118       
1.26206532603693        97.1641651970528        0.566295522023592       5.16959279419669        753.448752385231        28.9338086056439        5.16959279419676        -0.00290258357919498    -0.0405138226387964     -0.989994172983637      -1.03225415586549       
1.27186599597386        97.1753935454997        0.566868970247973       5.16879867883562        753.420068659964        28.933257846675         5.16879867883557        -0.0405138226387964     -0.0708642639781852     -1.27933341110118       -0.401271061473245      
1.28166620345491        97.1946656433855        0.568885835155802       5.16740963698738        753.366977864096        28.9322384175334        5.16740963698742        -0.0708642639781852     -0.0826631755521247     -1.03225415586549       0.0933990347048271      
1.29146800503712        97.2177313061629        0.57067802434412        5.16578915727892        753.309453414948        28.9311338145325        5.16578915727901        -0.0826631755521247     -0.0799168115808618     -0.401271061473245      0.174042916535674       
1.30127100437889        97.2405367103832        0.57020538869461        5.16422249811029        753.25765111212         28.9301390539371        5.16422249811024        -0.0799168115808618     -0.0747991234429868     0.0933990347048271      -1.55281236144143       
1.31107045319569        97.264060115485         0.564663311449721       5.16275625968161        753.225952804902        28.9295303338782        5.16275625968152        -0.0747991234429868     -0.120471696242261      0.174042916535674       -5.80412864467455       
1.32087325170955        97.3006266729067        0.55111942493356        5.16039361882672        753.164299486063        28.9283463345415        5.16039361882672        -0.120471696242261      -0.291312742954867      -1.55281236144143       -10.5201268536195       
1.33069137493284        97.3715185063215        0.524583036280318       5.15467419511733        752.877680675888        28.922841428645         5.15467419511731        -0.291312742954867      -0.601306486884615      -5.80412864467455       -13.1148091301924       
1.34051888351484        97.5075135420017        0.480100672636631       5.14285475261666        752.200469152976        28.9098304917006        5.14285475261663        -0.601306486884615      -0.988283888421337      -10.5201268536195       -10.6363094183036       
1.35035828260111        97.7294153866338        0.416036310609909       5.12340128642957        751.060518770835        28.8879159428843        5.12340128642964        -0.988283888421337      -1.30273310426108       -13.1148091301924       -8.57377755661132       
1.36022015014325        98.0240107761998        0.338878861592384       5.09769797360693        749.545201647987        28.8587595338243        5.09769797360685        -1.30273310426108       -1.55693090133368       -10.6363094183036       -4.77043875282341       
1.37011761268083        98.3831711157949        0.247804771876993       5.06687439855032        747.742756462225        28.8240400526718        5.06687439855033        -1.55693090133368       -1.6988573386768        -8.57377755661132       9.44319606798659        
1.38005612262977        98.7806811400476        0.145843702951878       5.03311543860144        745.761856922309        28.7858348058421        5.03311543860148        -1.6988573386768        -1.41692551070473       -4.77043875282341       13.1837879255471        
1.39002477716088        99.1146297251461        0.0577122065934081      5.00486539355188        744.083070459139        28.753416617453         5.00486539355184        -1.41692551070473       -1.02206585468703       9.44319606798659        13.1432956126293        
1.40002408896812        99.3567300682437        -0.0123069814812889     4.98442733402324        742.854601756984        28.7296711076233        4.98442733402332        -1.02206585468703       -0.627420838688725      13.1837879255471        10.3531327080743        
1.41005043635027        99.5051744216537        -0.0645687799783063     4.97185234392471        742.087552021404        28.7148345714933        4.9718523439247         -0.627420838688725      -0.316072405049962      13.1432956126293        6.06215692688602        
1.42008313632086        99.5788108381039        -0.0970920580433209     4.96551191810945        741.689658011657        28.7071353501695        4.96551191810953        -0.316072405049962      -0.133686314794858      10.3531327080743        6.46626854035739        
1.43011147359754        99.6066416145451        -0.108245295118565      4.96283064088714        741.496339560793        28.7033939061954        4.96283064088715        -0.133686314794858      0.0608000514087676      6.06215692688602        3.54322868048711        
1.44013506391216        99.5861473450678        -0.0923048744931776     4.96404947181517        741.525843192587        28.7039649447131        4.96404947181524        0.0608000514087676      0.16729847685396        6.46626854035739        0.357713219506736       
1.45015263474054        99.5243374046825        -0.0567956414244319     4.96740061482247        741.565882220728        28.7047398761313        4.96740061482249        0.16729847685396        0.178039034743277       3.54322868048711        -3.49419221619754       
1.46015574995718        99.3993634227312        -0.0155681329597976     4.97096229108565        741.165730998472        28.696994248304         4.97096229108562        0.178039034743277       0.0732811296211775      0.357713219506736       -3.2832517556639        
1.47014200905408        99.2005284697228        0.0125528797398617      4.97242573252311        739.900890664112        28.6724972881314        4.97242573252308        0.0732811296211775      -0.024951984190477      -3.49419221619754       -0.787060682511137      
1.48010684722268        98.9074284958171        0.0195102272182805      4.97192856994992        737.641004277948        28.6286764602275        4.97192856994989        -0.024951984190477      -0.0484625473232243     -3.2832517556639        1.62324526873399        
1.49004045396519        98.608546097082         0.00838026363014929     4.97096436885685        735.26935367006         28.5826161945034        4.97096436885686        -0.0484625473232243     -1.91858922770729e-12   -0.787060682511137      1.62324526873399        
1.5                     98.608546097082         -0.00838026363014929    4.97096436885685        735.26935367006         28.5826161945034        4.97096436885683        -1.91858922770729e-12   -1.91858922770729e-12   1.62324526873399        1.62324526873399        
