# xp[i]                    V[i]                   up[i]                    p[i]                    e[i]                   cs[i]                  dd1[i]             dd2_left[i]            dd2_right[i]             dd3_left[i]            dd3_right[i]
-1.5                    95.232761484246         -0.0167802653083569     5.30725502230713        758.136827513162        29.0236843421438        5.30725502230713        0.00267574363225412     0.00267574363225412     0.0919482652125855      0.0919482652125855      
-1.49022030539732       95.232761484246         0.0167802653083569      5.30725502230713        758.136827513162        29.0236843421438        5.30725502230713        0.00267574363225412     0.00267574363225412     0.0919482652125855      0.0919482652125855      
-1.48064804672917       95.4789714258163        0.049470260745683       5.30730656058407        760.104257169081        29.0613194081656        5.30730656058407        0.00267574363225412     0.00533015266862458     0.0919482652125855      0.0959681091406491      
-1.47104967651673       95.6981029475502        0.0823565888419737      5.30740885969512        761.863439159766        29.0949296682384        5.30740885969512        0.00533015266862458     0.00809529163624288     0.0919482652125855      0.0705218700650273      
-1.46143361708959       95.8171126664567        0.115086900226221       5.30756451424717        762.833260569163        29.1134421143141        5.30756451424717        0.00809529163624288     0.0101303413268093      0.0959681091406491      0.118823686543631       
-1.45180852999069       95.8641962311379        0.147793922235894       5.30775952115388        763.23615042538         29.1211292215689        5.30775952115389        0.0101303413268093      0.0135626600303913      0.0705218700650273      0.0640695942005548      
-1.44217519081342       95.8728887661903        0.180281729750819       5.30802080904104        763.342932890723        29.1231662825838        5.30802080904104        0.0135626600303913      0.0154145421788656      0.118823686543631       0.152884440155472       
-1.43253647823854       95.8742982104011        0.212676811461075       5.30831792456818        763.396883543501        29.1241954308231        5.30831792456818        0.0154145421788656      0.0198352961481698      0.0640695942005548      0.0559036510465073      
-1.42289721315909       95.8740401066752        0.244805765321144       5.30870034175299        763.44982421932         29.1252052776613        5.30870034175299        0.0198352961481698      0.0214522113699746      0.152884440155472       0.158529283165845       
-1.41325519446746       95.8717529269548        0.276726496042343       5.30911403177932        763.491103073664        29.1259926502021        5.30911403177932        0.0214522113699746      0.026038093772976       0.0559036510465073      0.0995139093465973      
-1.40360997649229       95.8689496975273        0.308350615408348       5.30961622916261        763.540996780147        29.1269443181271        5.30961622916261        0.026038093772976       0.0289168594951709      0.158529283165845       0.156038771708697       
-1.39396837977203       95.8651248464645        0.339580401700079       5.31017388086586        763.590723068461        29.1278927617968        5.31017388086587        0.0289168594951709      0.0334300653793759      0.0995139093465973      0.125168998480984       
-1.38432747813002       95.8588946051924        0.370471526599039       5.31081841958095        763.633774724888        29.128713873368         5.31081841958095        0.0334300653793759      0.0370495265673301      0.156038771708697       0.184628152521279       
-1.37469045608486       95.8503707318961        0.400899528166337       5.31153256200385        763.66854783391         29.1293770737437        5.31153256200385        0.0370495265673301      0.0423871925246742      0.125168998480984       0.171744873847148       
-1.36505471094124       95.8412774801001        0.430914931611766       5.31234942237631        763.713532591825        29.1302350105298        5.31234942237631        0.0423871925246742      0.0473520246991595      0.184628152521279       0.159217636572549       
-1.35542043127414       95.833190594874         0.460347585980263       5.31326198107901        763.780272169864        29.1315078026422        5.31326198107902        0.0473520246991595      0.0519550787145527      0.171744873847148       0.237559091884525       
-1.34578113773262       95.8228261285858        0.4894172758945         5.31426343811775        763.841612148387        29.1326775698201        5.31426343811775        0.0519550787145527      0.0588233747935914      0.159217636572549       0.158179510979389       
-1.33614312308633       95.8086298690037        0.517828799718298       5.3153972681527         763.891394206733        29.1336268903351        5.3153972681527         0.0588233747935914      0.0633957912171355      0.237559091884525       0.194692831967486       
-1.32650812340228       95.789351314167         0.545869442402834       5.31661876864504        763.913194549851        29.1340426029194        5.31661876864504        0.0633957912171355      0.0690212056416105      0.158179510979389       0.159599142099036       
-1.31688044068073       95.7651139347739        0.573191844830146       5.31794792974457        763.910834086776        29.133997591336         5.31794792974458        0.0690212056416105      0.0736308397444525      0.194692831967486       0.226162159870516       
-1.30725623373736       95.7423350875476        0.600031934975644       5.31936541421424        763.932698911216        29.1344145282062        5.31936541421423        0.0736308397444525      0.0801618318994723      0.159599142099036       0.109349377282502       
-1.29762986386365       95.7198281407289        0.626243504231141       5.32090865215259        763.974692604845        29.1352152825569        5.32090865215259        0.0801618318994723      0.0833195860692491      0.226162159870516       0.22042265514503        
-1.28800374988851       95.6973692522961        0.651928868483648       5.32251275180837        764.02570223979         29.1361879272684        5.32251275180836        0.0833195860692491      0.0896847654447741      0.109349377282502       0.0961428588847372      
-1.27837760395526       95.67486476377          0.676967313037952       5.32423926551245        764.093807546787        29.1374864992921        5.32423926551246        0.0896847654447741      0.092460694889478       0.22042265514503        0.202547258858772       
-1.26875418185474       95.6531600769778        0.701492394239889       5.32601884129862        764.175799199605        29.1390497671577        5.32601884129861        0.092460694889478       0.0983073105118211      0.0961428588847372      0.092807676093734       
-1.25913350095872       95.6309251919703        0.725389055181423       5.32791033837992        764.269492498703        29.1408360380851        5.32791033837993        0.0983073105118211      0.100985234212136       0.202547258858772       0.177724391120276       
-1.24951697412337       95.608609405681         0.748779961433432       5.32985253671306        764.369684058716        29.1427460777829        5.32985253671306        0.100985234212136       0.106111379570674       0.092807676093734       0.0500551733735905      
-1.23990571233131       95.585304256972         0.771623802108203       5.3318924882356         764.475848630195        29.1447698496506        5.33189248823559        0.106111379570674       0.107554629349409       0.177724391120276       0.118210975592466       
-1.23029551195807       95.5617145499014        0.794028422838097       5.33395961128709        764.58348869178         29.1468216047228        5.33395961128709        0.107554629349409       0.110962022549054       0.0500551733735905      0.0751171653550229      
-1.22068860492509       95.5374847302469        0.816011856382206       5.33609162959693        764.695158872722        29.1489500263107        5.33609162959693        0.110962022549054       0.113126733889966       0.118210975592466       0.107460157804673       
-1.21108472735469       95.5129531943044        0.837537449091004       5.33826470873006        764.810140895611        29.1511414088637        5.33826470873006        0.113126733889966       0.116222793139346       0.0751171653550229      0.0639488987179359      
-1.20148089977975       95.4880227636151        0.858727264322139       5.34049686475303        764.930229285828        29.1534299351595        5.34049686475302        0.116222793139346       0.118064790664549       0.107460157804673       0.0802184874458634      
-1.19188075846145       95.462981011512         0.879523881692377       5.34276375096524        765.054231761083        29.1557928637229        5.34276375096523        0.118064790664549       0.120374747041866       0.0639488987179359      0.0985644021395583      
-1.18228415327843       95.4376303771609        0.900084450849306       5.34507420294253        765.181824178391        29.1582240005265        5.34507420294253        0.120374747041866       0.123211997684826       0.0802184874458634      0.024080346967368       
-1.17268985250123       95.4119810513423        0.920249155417202       5.34743831846726        765.31452527223         29.1607522626681        5.34743831846726        0.123211997684826       0.123904947617273       0.0985644021395583      0.079464068865224       
-1.16310029754085       95.3863519045618        0.940290819560234       5.34981495449914        765.448997811213        29.1633140513369        5.34981495449914        0.123904947617273       0.126191135472047       0.024080346967368       0.0466834379927602      
-1.15351146237889       95.3604235046708        0.960006584848137       5.35223506766824        765.587104124091        29.1659448315267        5.35223506766823        0.126191135472047       0.127533968503579       0.079464068865224       0.101933081704868       
-1.143922377451         95.3345091850233        0.979666541803731       5.35468059029084        765.728768876923        29.168643149735         5.35468059029083        0.127533968503579       0.130465474792943       0.0466834379927602      -0.0159136602745235     
-1.13433846072933       95.308329743224         0.99900972292574        5.3571816350288         765.876050648504        29.1714481918442        5.3571816350288         0.130465474792943       0.130007918420744       0.101933081704868       -0.0437094283589465     
-1.12475504819016       95.2828286398708        1.01817216423572        5.35967335733313        766.02725710868         29.174327700693         5.35967335733314        0.130007918420744       0.12875150569061        -0.0159136602745235     -0.697343337224766      
-1.11517393552159       95.2578559827171        1.03670660413555        5.36214036455302        766.178991908559        29.1772169853382        5.36214036455301        0.12875150569061        0.108712402700664       -0.0437094283589465     -2.72111090865999       
-1.10559757931111       95.2365215279711        1.05373412732029        5.36422265153718        766.304859050926        29.1796134893853        5.36422265153718        0.108712402700664       0.0305440827143844      -0.697343337224766      -9.15018656207018       
-1.09602322736764       95.2300679123983        1.06539353664735        5.36480750614804        766.336474721133        29.1802154192249        5.36480750614804        0.0305440827143844      -0.232275110910528      -2.72111090865999       -10.5548379977337       
-1.08645251565664       95.27654154917          1.06038568347305        5.36036002556387        766.074847041218        29.175233923488         5.36036002556389        -0.232275110910528      -0.535567611061157      -9.15018656207018       -15.800348588936        
-1.07687335217376       95.3860823779742        1.03585228929876        5.35009726731897        765.487228005994        29.1640423201432        5.35009726731897        -0.535567611061157      -0.990162470809187      -10.5548379977337       -21.4136916416297       
-1.06727760035549       95.5921541030484        0.982404612395675       5.33108985682767        764.415544696603        29.1436203176347        5.33108985682768        -0.990162470809187      -1.60776156702646       -15.800348588936        -23.4673310310223       
-1.05765575907019       95.9327922711597        0.889197695529809       5.30013423968844        762.685015537939        29.1106130997297        5.30013423968846        -1.60776156702646       -2.28719053790894       -21.4136916416297       -16.8303039358909       
-1.04798747219729       96.4228949110635        0.751047348938703       5.25589237461323        760.182537151787        29.0628158219741        5.25589237461322        -2.28719053790894       -2.77698801381793       -23.4673310310223       -7.65730861902042       
-1.03825924145756       97.0287117419848        0.578572294850028       5.20186037160017        757.09471577707         29.0037299474294        5.20186037160017        -2.77698801381793       -3.00116349885637       -16.8303039358909       12.0243216232962        
-1.02846988377548       97.6981293577422        0.388385755183077       5.14310432312744        753.707507191901        28.9387765078066        5.14310432312742        -3.00116349885637       -2.64703257956117       -7.65730861902042       19.7106045314018        
-1.01862131669581       98.2980419124867        0.218481712898585       5.09097783537652        750.649728956073        28.8800147921644        5.09097783537652        -2.64703257956117       -2.06333766935751       12.0243216232962        20.2745241067332        
-1.00872296064878       98.7734315488684        0.0854096368494496      5.05013555173707        748.228827348012        28.8334070779021        5.05013555173707        -2.06333766935751       -1.46010742424652       19.7106045314018        16.747616636295         
-0.998779679747253      99.1157007383861        -0.00819876572422389    5.02110912232171        746.506123714228        28.8001952870352        5.0211091223217         -1.46010742424652       -0.959981509381511      20.2745241067332        11.3053165255262        
-0.988805290941735      99.3435302810417        -0.0685359722663246     5.0019654645781         745.369361392559        28.7782587959221        5.00196546457812        -0.959981509381511      -0.621519768298897      16.747616636295         11.6479672731625        
-0.978813960958793      99.4924798847539        -0.10603672366112       4.98954784394026        744.633732745866        28.7640542024603        4.98954784394027        -0.621519768298897      -0.272274256075274      11.3053165255262        7.83902778673583        
-0.968812117764965      99.5585981588946        -0.119805325105024      4.98410221512533        744.315344427779        28.7579041198102        4.98410221512534        -0.272274256075274      -0.0370649947324225     11.6479672731625        8.16211905825602        
-0.958806078630571      99.5684460744716        -0.11760216868296       4.9833606070161         744.278207803993        28.7571866921798        4.9833606070161         -0.0370649947324225     0.207878111791681       7.83902778673583        1.10144548491189        
-0.948803369059072      99.5197178980478        -0.0987419332053887     4.98751937561318        744.534781908106        28.7621429797361        4.98751937561316        0.207878111791681       0.240923691243297       8.16211905825602        -5.30239670189155       
-0.938803220907942      99.4632092853           -0.0779153814487816     4.99233728002785        744.830831559323        28.7678607623802        4.99233728002786        0.240923691243297       0.0819016714834056      1.10144548491189        -5.59276270751308       
-0.928810953673914      99.4447547182052        -0.0683894155338144     4.99397442595687        744.936842787406        28.7699079438416        4.99397442595687        0.0819016714834056      -0.0857933411980991     -5.30239670189155       0.00262917963016186     
-0.918817308638496      99.4662901088162        -0.0707343275871567     4.99225958168732        744.842309775942        28.7680824251064        4.99225958168733        -0.0857933411980991     -0.0857145082811673     -5.59276270751308       3.36178082792521        
-0.9088207035606        99.487847583            -0.0733633235246293     4.99054607239911        744.748030510173        28.76626169105          4.99054607239911        -0.0857145082811673     0.015089478463095       0.00262917963016186     3.0965881961653         
-0.898825779177427      99.485370073034         -0.0693121417209781     4.99084771362399        744.774497652057        28.7667728397434        4.990847713624          0.015089478463095       0.107934804659204       3.36178082792521        0.545759950076768       
-0.888831894983062      99.4606808026098        -0.0591272567239682     4.99300504319294        744.911521270251        28.7694189735917        4.99300504319296        0.107934804659204       0.124296137449689       3.0965881961653         -1.77846177601884       
-0.878839909044676      99.4321134732508        -0.0480706679184866     4.99548905016588        745.068051135714        28.7724415048635        4.9954890501659         0.124296137449689       0.0709845857276168      0.545759950076768       -2.74970598606936       
-0.868848591110776      99.41631744064          -0.0409151798779423     4.99690755497976        745.161221561099        28.7742404390744        4.99690755497973        0.0709845857276168      -0.0114371864181561     -1.77846177601884       -0.771168773216908      
-0.858856654000142      99.4202819657718        -0.0396316469855194     4.99667900446779        745.15685327496         28.7741560987355        4.9966790044678         -0.0114371864181561     -0.0345536826198924     -2.74970598606936       1.64518045593815        
-0.848865633560497      99.4298809656912        -0.0400994224069616     4.99598847344497        745.125808830898        28.7735567034676        4.99598847344495        -0.0345536826198924     0.0147662924943235      -0.771168773216908      1.50044351395799        
-0.838871019464769      99.4280730149917        -0.0372870389661084     4.99628360704342        745.156276927078        28.774144970926         4.99628360704344        0.0147662924943235      0.0597494419633923      1.64518045593815        0.0966717703660404      
-0.828877307320017      99.4161009080987        -0.0314661165608922     4.99747782420125        745.244639485165        28.7758509766082        4.99747782420124        0.0597494419633923      0.0626475279766806      1.50044351395799        -1.04306495951557       
-0.818885176288511      99.4041816436792        -0.0255232337207161     4.99872980085732        745.34196766814         28.7777299635237        4.9987298008573         0.0626475279766806      0.0313842442404086      0.0966717703660404      -1.15493967035833       
-0.808894242017356      99.3992098510102        -0.0218124974019966     4.9993568454048         745.398180294714        28.7788151307079        4.99935684540482        0.0313842442404086      -0.00322164286286987    -1.04306495951557       -0.173470577452725      
-0.798909047881537      99.4000334295298        -0.0205755026087983     4.9992925032708         745.394762923672        28.7787491605963        4.99929250327078        -0.00322164286286987    -0.00841742562759947    -1.15493967035833       0.649456484946246       
-0.788926691514383      99.4000284757621        -0.0197944269172588     4.99912445871278        745.369670324894        28.7782647597665        4.99912445871277        -0.00841742562759947    0.0110284171179524      -0.173470577452725      0.538782768278447       
-0.778948818693344      99.3966634519719        -0.0177723372270486     4.99934456322716        745.377253547304        28.7784111511719        4.99934456322716        0.0110284171179524      0.0271566303718062      0.649456484946246       -0.0421730619328852     
-0.768971035759797      99.3927063446255        -0.0147340757385058     4.99988645812802        745.428369733781        28.7793979115034        4.99988645812803        0.0271566303718062      0.0258942557621332      0.538782768278447       -0.433964839661059      
-0.7589956276247        99.3937669723362        -0.0118724681625352     5.0004031875837         745.513363791632        28.7810385842954        5.00040318758371        0.0258942557621332      0.0129014736816286      -0.0421730619328852     -0.495916410849266      
-0.749013486745707      99.3952661265701        -0.00998748984607753    5.00066074119834        745.563007770151        28.7819968377254        5.00066074119835        0.0129014736816286      -0.00195154609627433    -0.433964839661059      -0.12600632960526       
-0.739026944800027      99.3958021879835        -0.00920228492239698    5.00062176515907        745.561217680013        28.7819622850457        5.00062176515904        -0.00195154609627433    -0.00572652711570643    -0.495916410849266      0.238837357910149       
-0.729038414844725      99.399330371496         -0.00875080795051823    5.00050738167141        745.570627883791        28.7821439222266        5.00050738167145        -0.00572652711570643    0.00142905149759198     -0.12600632960526       0.308277389138797       
-0.719053375828405      99.4023757978701        -0.00787593191202458    5.00053592341916        745.597726575691        28.7826669788856        5.00053592341914        0.00142905149759198     0.0106644341969431      0.238837357910149       -0.0466971893352782     
-0.709066960503494      99.3998345909289        -0.00642563408198359    5.00074890543293        745.610421046203        28.7829120032124        5.00074890543294        0.0106644341969431      0.00926565647660689     0.308277389138797       -0.301956118178631      
-0.699082342857331      99.3940357074998        -0.00512193691225707    5.00093392659562        745.594507906338        28.7826048528995        5.00093392659563        0.00926565647660689     0.000221446033327479    -0.0466971893352782     -0.215235567865351      
-0.68910101477101       99.391230291076         -0.00447710745160444    5.00093834810948        745.574122542634        28.7822113763699        5.00093834810946        0.000221446033327479    -0.00622523646998643    -0.301956118178631      0.0568540074765865      
-0.67911518384821       99.3921428612208        -0.00429464979151931    5.00081403773286        745.562434891114        28.7819857799036        5.0008140377329         -0.00622523646998643    -0.00452229098084056    -0.215235567865351      0.189431419657148       
-0.669130614090622      99.3938571473117        -0.00401121194254901    5.00072373040925        745.561830140204        28.7819741068801        5.00072373040926        -0.00452229098084056    0.00115182054844901     0.0568540074765865      0.0632600502698253      
-0.659146834887492      99.3947054618394        -0.00336902292032835    5.0007467301703         745.5716225018          28.7821631204274        5.00074673017032        0.00115182054844901     0.00304659476559903     0.189431419657148       -0.088059157806896      
-0.649162601278497      99.3952103204107        -0.00264805278025023    5.00080756448566        745.584479465929        28.7824112854811        5.00080756448569        0.00304659476559903     0.000409077160400313    0.0632600502698253      -0.122568716036042      
-0.639178906067199      99.3962381571684        -0.00218147842708587    5.00081573279511        745.593407335526        28.7825836099141        5.0008157327951         0.000409077160400313    -0.00326195582102303    -0.088059157806896      -0.0226965008317508     
-0.629195230844668      99.3981528299745        -0.00204855100225343    5.00075060180947        745.598058874867        28.7826733928372        5.00075060180945        -0.00326195582102303    -0.00394171363045093    -0.122568716036042      0.0663347148893873      
-0.619212574625543      99.4002083296765        -0.00201541494388699    5.00067190072946        745.601743081301        28.7827445043284        5.00067190072948        -0.00394171363045093    -0.00195498877688249    -0.0226965008317508     0.0749544189237542      
-0.609229143367868      99.4018444601158        -0.00186187307642865    5.00063286578835        745.608195490855        28.7828690464553        5.00063286578835        -0.00195498877688249    0.000290006822144235    0.0663347148893873      0.00580749121874428     
-0.599244989243647      99.402825918989         -0.00157183699289543    5.00063865677038        745.616420824069        28.7830278081463        5.0006386567704         0.000290006822144235    0.000463958741678442    0.0749544189237542      -0.0571238206670917     
-0.589259861036947      99.403794935687         -0.00130350385708362    5.00064792166951        745.625070826808        28.7831947656732        5.00064792166948        0.000463958741678442    -0.00124712259679919    0.00580749121874428     -0.0526578846296461     
-0.579275810444416      99.4052334813669        -0.00117034673114506    5.00062301755276        745.632147918194        28.7833313630224        5.00062301755279        -0.00124712259679919    -0.00282443415777493    -0.0571238206670917     0.00735172099528165     
-0.569290517734706      99.4070586541713        -0.00113327269582709    5.00056661541301        745.637428263677        28.7834332803452        5.00056661541301        -0.00282443415777493    -0.00260421229059331    -0.0526578846296461     0.0326939779860514      
-0.55930643567273       99.4088225899078        -0.00107162739053134    5.00051460806129        745.64290429651         28.7835389742994        5.0005146080613         -0.00260421229059331    -0.00162478085388926    0.00735172099528165     0.0176585566602936      
-0.54931894614368       99.4104931109657        -0.000959823916195026   5.00048215653865        745.650595461138        28.7836874222794        5.00048215653869        -0.00162478085388926    -0.00109572741360576    0.0326939779860514      -0.0170730785775347     
-0.539332284697214      99.4123775032381        -0.000832629393121872   5.00046027005335        745.661466084732        28.7838972360267        5.00046027005334        -0.00109572741360576    -0.00160727396660612    0.0176585566602936      -0.0225095164312207     
-0.529344319560382      99.4146699227485        -0.000732071343371982   5.00042816459737        745.673873183794        28.7841367033957        5.00042816459734        -0.00160727396660612    -0.00228172719708132    -0.0170730785775347     0.00824541198425417     
-0.519356714028232      99.4173750998132        -0.000653539866943729   5.00038258546995        745.687366713359        28.7843971375188        5.00038258546992        -0.00228172719708132    -0.00203467628949902    -0.0225095164312207     0.0369294882167033      
-0.509368464421795      99.4201042109509        -0.000564377096286371   5.00034194394657        745.701775736336        28.7846752386739        5.00034194394658        -0.00203467628949902    -0.000928390731718084   0.00824541198425417     0.0299277184763336      
-0.499383685350304      99.4217938236063        -0.000454679981504964   5.00032340512434        745.711683953437        28.7848664705265        5.00032340512438        -0.000928390731718084   -3.211791394278e-05     0.0369294882167033      0.00037141648141787     
-0.489403950506437      99.4207483196916        -0.000353715471458906   5.0003227640058         745.703746556169        28.7847132762469        5.00032276400578        -3.211791394278e-05     -2.09980761419219e-05   0.0299277184763336      -0.0111310757905142     
-0.47942539468894       99.4187243713976        -0.000293634488712715   5.00032234495262        745.688503471477        28.7844190776012        5.00032234495258        -2.09980761419219e-05   -0.000354172888648008   0.00037141648141787     -0.00251402408861806    
-0.469448756355647      99.4190643983918        -0.000260554377712623   5.00031527820986        745.689999984913        28.7844479611418        5.00031527820985        -0.000354172888648008   -0.000429410547642639   -0.0111310757905142     0.0106761042615417      
-0.45947497797416       99.4238491933277        -0.000219003159793912   5.00030671164721        745.724610628795        28.7851159577074        5.00030671164722        -0.000429410547642639   -0.000109884458328721   -0.00251402408861806    0.00820397550486133     
-0.449500001198822      99.4321695875299        -0.000146051815669243   5.00030451902573        745.786690387587        28.786314078194         5.00030451902571        -0.000109884458328721   0.000135729725755408    0.0106761042615417      0.000451742919979597    
-0.439515969092521      99.4350141808058        -6.15347387319409e-05   5.00030722874172        745.808430297478        28.7867336400618        5.00030722874169        0.000135729725755408    0.000149259553805124    0.00820397550486133     -0.0106541445563929     
-0.429530896044153      99.434157005159         3.95891530722971e-06    5.00031020957108        745.802445679485        28.7866181426078        5.00031020957111        0.000149259553805124    -0.000169927869398405   0.000451742919979597    -0.00757035255866571    
-0.419543518222016      99.4350061104852        2.08909063782289e-05    5.00030681535734        745.808308109037        28.7867312819453        5.00030681535731        -0.000169927869398405   -0.000396765548093809   -0.0106541445563929     -0.00489358682527032    
-0.409554469632717      99.4357780288765        -2.63992832974954e-06   5.00029888888382        745.812915589633        28.7868202016446        5.00029888888378        -0.000396765548093809   -0.000543414683997112   -0.00757035255866571    -0.00747385573795065    
-0.399564492031153      99.4351854701675        -4.54448688826724e-05   5.00028803178239        745.806851766811        28.7867031759613        5.00028803178236        -0.000543414683997112   -0.000767398744902805   -0.00489358682527032    -0.0179411997511038     
-0.389574688166617      99.4347809996723        -8.68730536127879e-05   5.00027269954117        745.801531226275        28.7866004944869        5.00027269954115        -0.000767398744902805   -0.0013050246797824     -0.00747385573795065    -0.0134534482227465     
-0.3795852787364        99.4350654030408        -0.000128493211557579   5.00024663022972        745.79977606234         28.7865666213782        5.00024663022969        -0.0013050246797824     -0.00170809705093413    -0.0179411997511038     -0.00663353934135621    
-0.369601689266174      99.4360174315185        -0.000156202986551952   5.000212517963          745.801828646199        28.786606234424         5.00021251796303        -0.00170809705093413    -0.00190681046682653    -0.0134534482227465     0.00361876009400508     
-0.35961644103002       99.4374909553915        -0.000160720056795972   5.00017444016583        745.807201004054        28.7867099159019        5.00017444016579        -0.00190681046682653    -0.00179841173976631    -0.00663353934135621    0.0100445740204456      
-0.349631793789481      99.4392551439868        -0.00013652319940889    5.00013852545024        745.815075881286        28.7868618929864        5.00013852545025        -0.00179841173976631    -0.00149752110048912    0.00361876009400508     0.0145364257310666      
-0.339645854863742      99.4413808094521        -9.53329118233429e-05   5.00010861906687        745.826557915878        28.7870834830847        5.00010861906689        -0.00149752110048912    -0.00106207183053938    0.0100445740204456      0.0137691988609609      
-0.329661195347873      99.4438252971247        -5.15029024362318e-05   5.00008740902657        745.841728160386        28.7873762487886        5.00008740902653        -0.00106207183053938    -0.000649608697697608   0.0145364257310666      0.0144159881557037      
-0.319675575951525      99.4468722795317        -1.8446299826324e-05    5.00007443621534        745.862645769687        28.7877799261671        5.0000744362153         -0.000649608697697608   -0.000217766838665974   0.0137691988609609      0.016622377597378       
-0.30969108775526       99.4509695666658        7.86516868835224e-07    5.00007008727675        745.892727121434        28.788360439622         5.00007008727673        -0.000217766838665974   0.00028018868168065     0.0144159881557037      0.0149978828858053      
-0.299704445553398      99.4567923340748        9.51232294641418e-06    5.00007568317237        745.937233313897        28.789219303874         5.00007568317239        0.00028018868168065     0.000729503476659369    0.016622377597378       0.0123050802746632      
-0.28971845152079       99.4654542233519        4.23061640676983e-06    5.00009025353278        746.00437233809         28.7905148797711        5.00009025353281        0.000729503476659369    0.00109818867152082     0.0149978828858053      0.00523071368414519     
-0.279731116099857      99.4787511221785        -2.01611086542377e-05   5.00011219063428        746.107374292617        28.7925023861849        5.00011219063425        0.00109818867152082     0.00125494176617964     0.0123050802746632      0.00229080771001054     
-0.269740355499006      99.4993143817861        -7.67272327557767e-05   5.00013726582253        746.265344646241        28.7955502860008        5.00013726582258        0.00125494176617964     0.00132361373425191     0.00523071368414519     -0.00304605125652586    
-0.259746898324836      99.5310045819108        -0.000165595912853675   5.00016372239614        746.506977546171        28.8002117574424        5.00016372239611        0.00132361373425191     0.00123226460541328     0.00229080771001054     -0.00713971390207671    
-0.249748297942696      99.5790834913726        -0.000278472541102357   5.00018836430135        746.87126190203         28.8072379389091        5.00018836430132        0.00123226460541328     0.00101803090077088     -0.00304605125652586    -0.0130778396112017     
-0.239744452915387      99.6508198964201        -0.000391924610612909   5.00020873499179        747.41235014276         28.8176710860765        5.00020873499182        0.00101803090077088     0.000625323167073473    -0.00713971390207671    -0.00877072698220733    
-0.229730955173267      99.7559240392388        -0.000484317478991415   5.00022125850402        748.202538064071        28.8329005374854        5.00022125850401        0.000625323167073473    0.000361675688483299    -0.0130778396112017     -0.00426403372084778    
-0.219707267561567      99.906502991495         -0.000529257906910441   5.00022851055843        749.333016972397        28.8546745100415        5.00022851055841        0.000361675688483299    0.000233315696053667    -0.00877072698220733    -0.00060133331618407    
-0.209665614299335      100.117484138259        -0.000521906938748264   5.00023319655411        750.916151615401        28.8851394244976        5.00023319655413        0.000233315696053667    0.000215177385144126    -0.00426403372084778    -0.000410452492589689   
-0.19960389447757       100.407394864925        -0.000475080820498809   5.00023752825108        753.091235876286        28.9269431475664        5.00023752825105        0.000215177385144126    0.000202762073305397    -0.00060133331618407    0.00217913994697811     
-0.189507350119275      100.799002902866        -0.000414022194459397   5.00024162327022        756.029054848567        28.983310424537         5.00024162327019        0.000202762073305397    0.000268927171385745    -0.000410452492589689   -0.00466664431956675    
-0.179369800504148      101.316916256367        -0.000351497793123585   5.0002470781376         759.914421715215        29.057690160461         5.0002470781376         0.000268927171385745    0.000126517636767315    0.00217913994697811     -0.00960313463606755    
-0.169173825869379      101.985568234949        -0.000297327293008761   5.00024965902501        764.92995418841         29.1534246928291        5.00024965902502        0.000126517636767315    -0.000168442260306134   -0.00466664431956675    -0.0130173712343169     
-0.158904468767546      102.828061360988        -0.000243752384200286   5.00024619784012        771.248434277329        29.2735837360681        5.00024619784011        -0.000168442260306134   -0.000571562640682403   -0.00960313463606755    -0.011079430809736      
-0.14854276167843       103.863835667363        -0.000190130973606422   5.00023434636681        779.015277674019        29.4206140443892        5.0002343463668         -0.000571562640682403   -0.000918159820721064   -0.0130173712343169     -0.0065002667979477     
-0.138065106219753      105.096980325607        -0.000144770693019536   5.00021509493444        788.261261184195        29.5946928647725        5.00021509493443        -0.000918159820721064   -0.00112398670077732    -0.011079430809736      0.00183913931827101     
-0.127447306470585      106.518104489775        -0.000114653022990961   5.00019121618212        798.916335651213        29.7940399642317        5.00019121618216        -0.00112398670077732    -0.00106494215773519    -0.0065002667979477     0.00748546480993694     
-0.116671175647326      108.113760896296        -9.39948315059493e-05   5.00016825952738        810.880493477687        30.0163010060587        5.00016825952736        -0.00106494215773519    -0.000820990185205023   0.00183913931827101     0.00925552660457143     
-0.105727806653612      109.852665012856        -7.92410085732491e-05   5.00015028548675        823.919751488266        30.2566751402483        5.00015028548677        -0.000820990185205023   -0.000514557081654834   0.00748546480993694     0.00960151226588181     
-0.094604425854375      111.685656777198        -7.37849051255955e-05   5.00013883742937        837.665685053216        30.5080259941401        5.00013883742938        -0.000514557081654834   -0.00019151496108473    0.00925552660457143     0.0073105587873926      
-0.0832978123603875     113.552440413155        -7.23210758475049e-05   5.00013450698004        851.666213492417        30.7619211488709        5.00013450698003        -0.00019151496108473    5.8412367008474e-05     0.00960151226588181     0.00416645162655147     
-0.0718113281688519     115.382465877653        -6.14421499222737e-05   5.0001358488391         865.392005943458        31.0088160572201        5.00013584883912        5.8412367008474e-05     0.000203060878928868    0.0073105587873926      5.17603482038594e-05    
-0.060146561047015      117.096211929894        -3.03798240374788e-05   5.00014058439868        878.246282325017        31.2382650379843        5.00014058439868        0.000203060878928868    0.000204883473960256    0.00416645162655147     -0.000473208346938222   
-0.0483208079382116     118.615392856           3.93466820646525e-06    5.00014542713938        889.641321265907        31.4402664899984        5.00014542713937        0.000204883473960256    0.000188014323158865    5.17603482038594e-05    -0.000442662561373403   
-0.0363639597019933     119.839230669591        2.18015718153231e-05    5.00014992128411        898.821179698956        31.6020600541406        5.0001499212841         0.000188014323158865    0.000172076625502892    -0.000473208346938222   0.0015620791319558      
-0.0242970011712588     120.669911527278        2.21827298937058e-05    5.00015407054515        905.052223973161        31.7114109145651        5.00015407054511        0.000172076625502892    0.000228718004350998    -0.000442662561373403   -0.00324710606324012    
-0.012162029875814      121.0762321414          1.3097554398101e-05     5.00015961657843        908.100729721353        31.764773111129         5.00015961657841        0.000228718004350998    0.000110496908761069    0.0015620791319558      -0.00618763072023787    
-2.23904011938725e-06   121.171392887802        -4.92498370877398e-07   5.00016230244625        908.814946278739        31.7772620713956        5.00016230244624        0.000110496908761069    -0.000115070514472953   -0.00324710606324012    -0.00314553028890746    
0.0121575602885314      121.076294322371        -1.39463613881598e-05   5.00015950540541        908.101175902898        31.7647809146982        5.00015950540539        -0.000115070514472953   -0.000229593473811069   -0.00618763072023787    0.00166832502633658     
0.0242925506066447      120.670003592087        -2.24660016916048e-05   5.00015393813985        905.052890514484        31.7114225917708        5.00015393813983        -0.000229593473811069   -0.000169099550823599   -0.00314553028890746    -0.000431113854189414   
0.0363594936707648      119.839336252945        -2.09770026330385e-05   5.00014986066276        898.821960700619        31.6020737839328        5.00014986066275        -0.000169099550823599   -0.000184621457660097   0.00166832502633658     -0.000652879885225721   
0.0483163760708948      118.615431555722        -2.01501751373143e-06   5.00014544761408        889.641615165183        31.4402716832547        5.00014544761409        -0.000184621457660097   -0.000207895628621408   -0.000431113854189414   -7.03508270417591e-05   
0.0601421227972575      117.096201650997        3.26165941360342e-05    5.00014053367659        878.24619632208         31.2382635084688        5.00014053367653        -0.000207895628621408   -0.000210372834082874   -0.000652879885225721   0.00434736990003823     
0.0718068674819878      115.382489068744        6.29830125637477e-05    5.00013562760147        865.392141590949        31.0088184874875        5.00013562760154        -0.000210372834082874   -5.9443420842616e-05    -7.03508270417591e-05   0.00757342908248001     
0.0832933473777473      113.552441733076        7.27371909454876e-05    5.00013426205771        851.6661816748          30.7619205742497        5.00013426205765        -5.9443420842616e-05    0.000199470651196902    0.00434736990003823     0.00967275322523021     
0.0945999668894492      111.6856591013          7.37074622930073e-05    5.00013877239884        837.66569158999         30.5080261131757        5.00013877239886        0.000199470651196902    0.000524909826667176    0.00757342908248001     0.00912219545856853     
0.105723354018567       109.852671594039        7.90999681485155e-05    5.00015045079618        823.919828088147        30.2566765467309        5.00015045079612        0.000524909826667176    0.000826928759091742    0.00967275322523021     0.00730691254092996     
0.116666735376871       108.113758031505        9.31187066960048e-05    5.00016855486114        810.880519885497        30.0163014948266        5.0001685548612         0.000826928759091742    0.00106506160088878     0.00912219545856853     0.00180738302801754     
0.127442860660714       106.518097604107        0.000112619697565121    5.00019151406684        798.916331601896        29.794039888726         5.00019151406681        0.00106506160088878     0.00112308608450637     0.00730691254092996     -0.00649203154484101    
0.138060614098365       105.096975059766        0.000142513151663462    5.00021537334543        788.261265578913        29.5946929472707        5.0002153733455         0.00112308608450637     0.000917521783942948    0.00180738302801754     -0.0111482250878245     
0.148537761773277       103.863839603423        0.00018885046477029     5.00023461116715        779.01534845062         29.4206153808784        5.00023461116712        0.000917521783942948    0.00056877217505069     -0.00649203154484101    -0.0130406274294481     
0.158900023335348       102.828057939114        0.000243540633430204    5.0002464049546         771.248440557777        29.2735838552587        5.00024640495453        0.00056877217505069     0.000164927230970143    -0.0111482250878245     -0.00952896260137737    
0.169169394637982       101.985564184696        0.000297743010926258    5.00024979396324        764.92994445263         29.1534245073014        5.00024979396332        0.000164927230970143    -0.000127759623846443   -0.0130406274294481     -0.00480276626663027    
0.179365409716938       101.316911671721        0.000352623866760639    5.00024718770745        759.914403980587        29.0576898213917        5.00024718770737        -0.000127759623846443   -0.00027432204389248    -0.00952896260137737    0.00184586691854234     
0.189503376238364       100.798992710864        0.000416034462048343    5.00024162348047        756.028978436654        28.9833089598643        5.00024162348038        -0.00027432204389248    -0.000218277371679404   -0.00480276626663027    -0.000474622191545072   
0.19959854338484        100.407411948914        0.000477550908598238    5.00023721531241        753.091316880248        28.9269447032856        5.00023721531236        -0.000218277371679404   -0.000232633471762278   0.00184586691854234     -0.000351837632008355   
0.209660760282667       100.117493251896        0.000524273731123365    5.00023253220056        750.91612020075         28.8851388202913        5.00023253220047        -0.000232633471762278   -0.000243246220735439   -0.000474622191545072   -0.00394048199021831    
0.21970287963696        99.9065079458877        0.000531306349378508    5.00022764658142        749.332924656651        28.8546727326336        5.00022764658146        -0.000243246220735439   -0.000361869260920007   -0.000351837632008355   -0.00862441198825631    
0.229726577507354       99.7559308477509        0.000485700094334312    5.00022039055275        748.202459255241        28.832899018988         5.00022039055281        -0.000361869260920007   -0.000621120998304836   -0.00394048199021831    -0.0130911101839089     
0.239740102049211       99.6508237067587        0.000392357150664807    5.00020795116809        747.412261558477        28.8176693783225        5.00020795116804        -0.000621120998304836   -0.00101423090894543    -0.00862441198825631    -0.00701407193571948    
0.249743981499002       99.5790835305153        0.00027820483512004     5.00018765624849        746.87115643473         28.8072359049429        5.00018765624852        -0.00101423090894543    -0.00122469799387345    -0.0130911101839089     -0.0028378538104103     
0.259743011655328       99.5309932719121        0.000165168975657415    5.0001631651015         746.506809516269        28.8002085161485        5.00016316510147        -0.00122469799387345    -0.00130980470981556    -0.00701407193571948    0.00222527050119342     
0.269736478393302       99.4993002594373        7.67029717452788e-05    5.0001369842508         746.26519670143         28.795547431686         5.00013698425075        -0.00130980470981556    -0.0012430968737201     -0.0028378538104103     0.00503730566467539     
0.279727238799114       99.4787352649779        2.0730623596064e-05     5.00011214573695        746.10724866145         28.792499962113         5.00011214573692        -0.0012430968737201     -0.00109213978007935    0.00222527050119342     0.012286823290512       
0.289714565295899       99.4654374539354        -3.42559833154742e-06   5.000090329468          746.00425789459         28.7905126714145        5.00009032946805        -0.00109213978007935    -0.000724001670185294   0.00503730566467539     0.0150539797875147      
0.299700574359763       99.4567742078995        -8.82623610007322e-06   5.00007586899587        745.937125087633        28.7892172153942        5.00007586899586        -0.000724001670185294   -0.000273009894537676   0.012286823290512       0.0164150241060897      
0.3096871933687         99.4509495058965        -2.19337641147158e-07   5.00007041654031        745.892625781915        28.7883584839797        5.00007041654024        -0.000273009894537676   0.000218727041759276    0.0150539797875147      0.0140173081718589      
0.319671228393312       99.4468596267724        1.89689936542483e-05    5.00007478456352        745.862602835779        28.7877790976152        5.00007478456349        0.000218727041759276    0.000638623387580474    0.0164150241060897      0.0135872030226668      
0.329656943752448       99.4438121867391        5.1820498686989e-05     5.00008753802261        745.841649072562        28.7873747225057        5.00008753802269        0.000638623387580474    0.00104563080973069     0.0140173081718589      0.0147531781029101      
0.339641948233691       99.4413632162246        9.5266568656404e-05     5.00010841961258        745.826396212796        28.7870803624125        5.00010841961253        0.00104563080973069     0.00148757437470331     0.0135872030226668      0.0105557175953292      
0.349626879146199       99.4392577574489        0.000136127693153934    5.0001381271589         745.815036074102        28.7868611247505        5.00013812715894        0.00148757437470331     0.00180377819986995     0.0147531781029101      0.00384393923575553     
0.359612935343993       99.4374661758146        0.000160123379606859    5.00017414991606        745.806971858191        28.7867054936088        5.00017414991608        0.00180377819986995     0.00191892452079336     0.0105557175953292      -0.00668734091516578    
0.369597340650101       99.4360018083824        0.000155736113795924    5.00021247045142        745.801704381155        28.7866038362205        5.00021247045133        0.00191892452079336     0.00171858988700688     0.00384393923575553     -0.0137587911100856     
0.379582070046163       99.4350175294765        0.00012809729819332     5.00024679423623        745.799441454882        28.7865601637462        5.0002467942362         0.00171858988700688     0.0013063495563499      -0.00668734091516578    -0.0181773991098233     
0.389572331221608       99.4347324910327        8.64866215915211e-05    5.00027289169256        745.801196051417        28.7865940259122        5.0002728916925         0.0013063495563499      0.000761624806716698    -0.0137587911100856     -0.00744887748253291    
0.399561862122288       99.4351538124957        4.54376999692397e-05    5.00028810868917        745.806625791451        28.7866988148549        5.00028810868913        0.000761624806716698    0.00053838821965685     -0.0181773991098233     -0.00476815262600927    
0.409551838000324       99.4357518823451        3.3947019469082e-06     5.00029886528851        745.8127159596          28.7868163489933        5.00029886528847        0.00053838821965685     0.000395498755713008    -0.00744887748253291    -0.00778141703598232    
0.419540879499206       99.4349767113177        -1.94897270523026e-05   5.00030676645005        745.808080307107        28.7867268855922        5.00030676644997        0.000395498755713008    0.000162336906290791    -0.00476815262600927    -0.0105255145876748     
0.429528250979214       99.4341256782037        -2.05622686950713e-06   5.00031000903601        745.8021808027          28.7866130307262        5.00031000903602        0.000162336906290791    -0.000152996432888303   -0.00778141703598232    0.000378971439015287    
0.439513312755912       99.4349817098808        6.27859597214603e-05    5.0003069535838         745.808145710093        28.7867281478055        5.00030695358388        -0.000152996432888303   -0.000141646150874514   -0.0105255145876748     0.00840226952052926     
0.44949729978855        99.4321379719984        0.000146510726777426    5.00030412575815        745.786394601506        28.7863083697307        5.00030412575814        -0.000141646150874514   0.000109900740391587    0.000378971439015287    0.0110644492221511      
0.459472292018994       99.4238168521886        0.000218925043372016    5.0003063186566         745.724309446433        28.7851101448578        5.00030631865656        0.000109900740391587    0.000441040112270057    0.00840226952052926     -0.00286520124618853    
0.469445211342086       99.4190474548078        0.000260139959177429    5.00031511685096        745.689848836798        28.7844450439006        5.00031511685088        0.000441040112270057    0.000355293827153203    0.0110644492221511      -0.0116782404884377     
0.479421859527573       99.4187100535842        0.000293952831522774    5.00032220597081        745.688375354866        28.7844166048781        5.00032220597085        0.000355293827153203    5.73828049746355e-06    -0.00286520124618853    0.000521072931850514    
0.48940131864213        99.4207205593413        0.000355375181805134    5.00032232049223        745.703472198443        28.7847079810414        5.00032232049216        5.73828049746355e-06    2.13390653701319e-05    -0.0116782404884377     0.0308021992325307      
0.49938060470616        99.4217764340853        0.000457011425714753    5.00032274645579        745.711455294599        28.78486205735          5.00032274645575        2.13390653701319e-05    0.00094382475805401     0.000521072931850514    0.0375953402214573      
0.509365933773778       99.4200719112234        0.000565986466516983    5.00034159399739        745.701481283852        28.7846695556246        5.00034159399734        0.00094382475805401     0.00207007725920528     0.0308021992325307      0.00757663987679125     
0.519354635859429       99.4173254004355        0.00065333798582684     5.00038294364356        745.687047352498        28.7843909736683        5.00038294364363        0.00207007725920528     0.00229709231421935     0.0375953402214573      -0.0237084106338078     
0.529341760639896       99.4146279429937        0.000731062891226753    5.00042882917021        745.673657411063        28.7841325388189        5.00042882917013        0.00229709231421935     0.00158671595301216     0.00757663987679125     -0.0184912212993109     
0.539329773274881       99.4123408720453        0.00083293816188438     5.00046052404253        745.661229199984        28.783892663934         5.00046052404254        0.00158671595301216     0.00103267763949911     -0.0237084106338078     0.0187464440857903      
0.549316902091808       99.4104629058403        0.000964240739055476    5.00048115143349        745.650219023899        28.7836801566424        5.00048115143352        0.00103267763949911     0.00159433413127614     -0.0184912212993109     0.0335891726388739      
0.559303963921459       99.4088096463499        0.00107764049789996     5.00051299526714        745.642566720915        28.7835324586997        5.0005129952671         0.00159433413127614     0.00260059091993346     0.0187464440857903      0.0084228865664481      
0.569288959800014       99.4070298429363        0.0011391351605527      5.00056493082854        745.636960965619        28.7834242609183        5.00056493082855        0.00260059091993346     0.00285289727586929     0.0335891726388739      -0.0513441913237317     
0.579273260345099       99.4052189044175        0.0011744868570249      5.00062189984176        745.631871917992        28.7833260358607        5.0006218998417         0.00285289727586929     0.00131496214958189     0.0084228865664481      -0.0584900984748362     
0.589257318079793       99.4037642848235        0.00130373805442372     5.00064815804639        745.624876160671        28.7831910083467        5.00064815804636        0.00131496214958189     -0.000437032516560405   -0.0513441913237317     0.00410180582789918     
0.599242484555812       99.4027883977206        0.00157072574781961     5.00063943071787        745.61625477742         28.783024603197         5.00063943071787        -0.000437032516560405   -0.00031416907092576    -0.0584900984748362     0.0759210443759193      
0.609227128868731       99.4018037383252        0.00186227196550565     5.00063315711056        745.607933475698        28.7828639891419        5.00063315711055        -0.00031416907092576    0.00195979373188365     0.00410180582789918     0.0669196835191018      
0.619210451881316       99.4001700089238        0.00201493551635514     5.00067228786959        745.601513359727        28.7827400703139        5.00067228786966        0.00195979373188365     0.00396403375638547     0.0759210443759193      -0.0250653759601256     
0.629192710132487       99.3981166681753        0.00204626467413953     5.00075143356603        745.597911633211        28.7826705508176        5.00075143356603        0.00396403375638547     0.00321333104172638     0.0669196835191018      -0.124767174770503      
0.639176768895267       99.3962075653343        0.00218279592960856     5.00081559414079        745.593157186767        28.7825787815934        5.00081559414085        0.00321333104172638     -0.000523515161188882   -0.0250653759601256     -0.086364481054336      
0.64916038933196        99.3952070889726        0.00265768538981732     5.00080514090572        745.584093887884        28.7824038430868        5.00080514090575        -0.000523515161188882   -0.00311022006474633    -0.124767174770503      0.0668134368975183      
0.659143883848123       99.3947293628718        0.0033834480600138      5.00074303855879        745.571251396224        28.7821559573177        5.00074303855888        -0.00311022006474633    -0.001109067779649      -0.086364481054336      0.191420458960867       
0.669127649171712       99.3938725084627        0.00402321637608393     5.0007208929293         745.56152232333         28.7819681653352        5.00072089292934        -0.001109067779649      0.00462450987093861     0.0668134368975183      0.0572666749038421      
0.679112198634762       99.3921340956596        0.00430000654900584     5.00081324052752        745.562250284792        28.7819822165958        5.00081324052757        0.00462450987093861     0.00633980160918485     0.191420458960867       -0.215591845547132      
0.689097663338834       99.3912027496276        0.00447453194087498     5.00093983714875        745.574137939112        28.7822116735534        5.0009398371488         0.00633980160918485     -0.000117567821887047   0.0572666749038421      -0.301012738054341      
0.699079276835386       99.3939605579364        0.00511204257778142     5.00093748969333        745.594475404926        28.7826042255643        5.0009374896934         -0.000117567821887047   -0.00913353681249942    -0.215591845547132      -0.0506715365956664     
0.709064222843302       99.3997366734702        0.00640682414287752     5.0007551059448         745.610611049137        28.7829156705682        5.00075510594472        -0.00913353681249942    -0.0106513794681515     -0.301012738054341      0.304508271064186       
0.719049874737656       99.4022527209533        0.00785667513633557     5.00054238445528        745.597766762194        28.7826677545551        5.00054238445532        -0.0106513794681515     -0.00152877289944867    -0.0506715365956664     0.240549013073596       
0.729036148824492       99.3992397928149        0.00873891362801159     5.00051184998935        745.570614695855        28.7821436676719        5.00051184998928        -0.00152877289944867    0.00567826109195869     0.304508271064186       -0.127164728312769      
0.739024321495562       99.3957336973364        0.00919363009323348     5.00062527216665        745.561226808669        28.781962461249         5.0006252721667         0.00567826109195869     0.00186848331282512     0.240549013073596       -0.487415842564929      
0.749011318887173       99.3952125017633        0.00998428845374674     5.00066258982806        745.562881148368        28.7819943936476        5.00066258982806        0.00186848331282512     -0.0127300676735761     -0.127164728312769      -0.437385432447158      
0.75899348608051        99.393672612715         0.0118573830812661      5.00040845527309        745.513441399898        28.7810400823547        5.00040845527309        -0.0127300676735761     -0.0258253309857248     -0.487415842564929      -0.0532938863091669     
0.768968816357184       99.3926146309375        0.0147146003316009      4.99989310334397        745.428672624824        28.779403758491         4.99989310334396        -0.0258253309857248     -0.0274205600290614     -0.437385432447158      0.533931571855533       
0.778946565510682       99.3966368522758        0.0177712733715844      4.99934595527168        745.37726162255         28.7784113070612        4.99934595527176        -0.0274205600290614     -0.0114377074893689     -0.0532938863091669     0.672731099622724       
0.78892360690581        99.4001005527133        0.0198209836087454      4.99911768457555        745.369200782485        28.7782556953931        4.99911768457548        -0.0114377074893689     0.00870502903725558     0.533931571855533       -0.174953775233374      
0.798907238177333       99.4000433475566        0.0205815359471785      4.99929147473531        745.394683943639        28.7787476359367        4.99929147473529        0.00870502903725558     0.00346481945556732     0.672731099622724       -1.17757906031961       
0.808891614331091       99.3991427454728        0.021801312051909       4.99936067282746        745.39824773172         28.7788164325336        4.9993606728274         0.00346481945556732     -0.0318191319012821     -0.174953775233374      -1.03248965880547       
0.81888249070644        99.4042205360461        0.0255421530861878      4.99872495445692        745.34153665781         28.7777216428459        4.9987249544569         -0.0318191319012821     -0.0627649494263906     -1.17757906031961       0.130216404059494       
0.828874609089951       99.4161692716749        0.0314929335206158      4.99747063397224        745.244079715813        28.7758401695244        4.99747063397219        -0.0627649494263906     -0.0588613402446086     -1.03248965880547       1.47390297573954        
0.838868316003009       99.4279304635633        0.037251627919977       4.99629420985852        745.156789909976        28.7741548753193        4.99629420985859        -0.0588613402446086     -0.0146752796824381     0.130216404059494       1.5928176937716         
0.848861509820645       99.4296933602668        0.0400569438368657      4.99600090920115        745.126257644227        28.7735653690873        4.99600090920111        -0.0146752796824381     0.0330740583373164      1.47390297573954        -0.734575979629397      
0.85885348583385        99.4204612145684        0.039691686732071       4.99666187623021        745.155642402088        28.7741327198597        4.9966618762302         0.0330740583373164      0.0110541564231524      1.5928176937716         -2.67416663463598       
0.868845249903943       99.4165859898477        0.0410016985850893      4.99688277982381        745.159539842314        28.7742079694514        4.99688277982384        0.0110541564231524      -0.069104782671602      -0.734575979629397      -1.80272646445884       
0.878837262979458       99.431947929572         0.0480272321249745      4.99550182944707        745.068716681494        28.7724543556177        4.99550182944701        -0.069104782671602      -0.123143057332539      -2.67416663463598       0.446498193102397       
0.888828326670587       99.4602231835924        0.0590029970526724      4.99304094220726        744.913449715123        28.7694562130497        4.99304094220727        -0.123143057332539      -0.109757682608676      -1.80272646445884       3.06705861371981        
0.898822127451901       99.4853479096984        0.069312856833531       4.99084721257718        744.774256961084        28.7667681914215        4.99084721257711        -0.109757682608676      -0.0177984845855994     0.446498193102397       3.43449877942401        
0.908817513727397       99.4884973679186        0.0735498655313245      4.99049141320451        744.744737740826        28.7661980985559        4.99049141320449        -0.0177984845855994     0.0851864777273301      3.06705861371981        0.0786849567422104      
0.918813801788935       99.467059080767         0.0709548381713871      4.99219436313203        744.838337490489        28.7680057141125        4.99219436313197        0.0851864777273301      0.0875457822847755      3.43449877942401        -5.58745474212797       
0.928807535380541       99.4450873272606        0.0684859408244634      4.99394425896627        744.934834410558        28.7698691614558        4.99394425896626        0.0875457822847755      -0.0799905723385993     0.0786849567422104      -5.3430794338851        
0.938800482350707       99.4630890486656        0.077876963059925       4.99234529805139        744.831127412659        28.7678664758028        4.99234529805142        -0.0799905723385993     -0.240233173448311      -5.58745474212797       1.05870214553448        
0.948799589014399       99.519434629263         0.0986511134027157      4.98754127296903        744.535931513988        28.7621651849553        4.98754127296906        -0.240233173448311      -0.20847026896089       -5.3430794338851        8.13397068926876        
0.958803113991967       99.5683190890719        0.117548075115551       4.98337067695887        744.278762553847        28.7571974093027        4.98337067695886        -0.20847026896089       0.0356269319240248      1.05870214553448        7.82462805094497        
0.968808379922634       99.5588029780568        0.11984509414063        4.98408351071125        744.314082403625        28.7578797395625        4.98408351071134        0.0356269319240248      0.270408013834353       8.13397068926876        11.6321851891156        
0.978810889988873       99.4931482896453        0.106199314726957       4.98949194218945        744.630392541367        28.7639896889104        4.98949194218952        0.270408013834353       0.619186358060682       7.82462805094497        11.2906364154861        
0.988802609794466       99.3447330343926        0.0688516172157862      5.0018632966071         745.363160813939        28.7781390953839        5.00186329660707        0.619186358060682       0.957219324527462       11.6321851891156        16.7370097609667        
0.998776695594232       99.1175555572932        0.0086951032422213      5.02095227502518        746.496774105489        28.8000149325866        5.0209522750251         0.957219324527462       1.45704687334641        11.2906364154861        20.2603447161918        
1.00872103537606        98.7759695455267        -0.0847173884230346     5.04991939874508        748.216027106713        28.8331604446977        5.04991939874516        1.45704687334641        2.05988424210963        16.7370097609667        19.708860583982         
1.01861968640898        98.3013400391757        -0.217572907682383      5.09069549469971        750.633283290564        28.8796984304539        5.09069549469964        2.05988424210963        2.64355635949309        20.2603447161918        12.1945416546573        
1.0284687119599         97.7021445911613        -0.387263011581094      5.1427556075509         753.687377948915        28.9383900717237        5.14275560755092        2.64355635949309        3.00271465717372        19.708860583982         -7.55271899888742       
1.03825843157804        97.0322882946329        -0.577571726609939      5.20154438735284        757.076631856425        29.0033835546519        5.20154438735292        3.00271465717372        2.78159287309685        12.1945416546573        -16.8046084725591       
1.04798705396964        96.42541262499          -0.750355725309934      5.25566789076039        760.169917479721        29.0625745873303        5.25566789076037        2.78159287309685        2.29252932847385        -7.55271899888742       -23.4916682334689       
1.05765556417345        95.9341178385763        -0.888850938286122      5.30001405294177        762.678259051539        29.1104841566581        5.30001405294175        2.29252932847385        1.61238428511175        -16.8046084725591       -21.4969364717145       
1.06727746323516        95.5925007059058        -0.982342497193198      5.33105896595357        764.413886949213        29.1435887165068        5.33105896595359        1.61238428511175        0.992380318396529       -23.4916682334689       -15.8558314939199       
1.07687323675728        95.3859674214634        -1.03591965172596       5.35010899505365        765.487983455199        29.1640567109432        5.35010899505365        0.992380318396529       0.536188621654128       -21.4969364717145       -10.5847772868428       
1.08645238822086        95.27629812171          -1.06047922747561       5.36038364988552        766.07626600985         29.1752609435127        5.36038364988554        0.536188621654128       0.232035974349889       -15.8558314939199       -9.15494548193822       
1.09602308934779        95.2298731117336        -1.0654592917194        5.36482654706344        766.337627014967        29.1802373574797        5.36482654706338        0.232035974349889       -0.0309196694669786     -10.5847772868428       -2.71312335150489       
1.10559743529223        95.2364087771923        -1.05376380237727       5.36423450121948        766.305644602284        29.1796284456256        5.36423450121941        -0.0309196694669786     -0.108857919335054      -9.15494548193822       -0.691800213424843      
1.11517378438348        95.257784850005         -1.03671684193401       5.3621494507534         766.17971807016         29.1772308119831        5.36214945075342        -0.108857919335054      -0.128737425195588      -2.71312335150489       -0.0442248176838124     
1.12475448081817        95.2827534173428        -1.01817707790802       5.35968276979725        766.027997624658        29.1743418020519        5.35968276979716        -0.128737425195588      -0.130008631740162      -0.691800213424843      -0.0166830688309491     
1.13433785569689        95.3082526250893        -0.999012753187601      5.35719106767519        765.876779458288        29.1714620716566        5.35719106767516        -0.130008631740162      -0.13048829937859       -0.0442248176838124     0.10043954134176        
1.14392174318088        95.3344313818138        -0.979671466831881      5.35468964257587        765.729438451587        29.1686559026711        5.35468964257579        -0.13048829937859       -0.127599801126088      -0.0166830688309491     0.0454580972699296      
1.15351004769566        95.3603437254596        -0.960015588517583      5.35224292334207        765.587587308088        29.1659540352577        5.35224292334214        -0.127599801126088      -0.12629222405097       0.10043954134176        0.0791595606899312      
1.16309944220172        95.3863132504722        -0.940303429772869      5.34982084661439        765.449530663599        29.1633242020712        5.3498208466143         -0.12629222405097       -0.124014780670409      0.0454580972699296      0.024501209194052       
1.17268905267688        95.4119695337211        -0.920265150913501      5.34744206469328        765.314969039782        29.1607607170965        5.3474420646933         -0.124014780670409      -0.12330970715751       0.0791595606899312      0.0993382084196323      
1.18228331474431        95.4376383038817        -0.90010466191118       5.34507604884199        765.182151984185        29.1582302462536        5.34507604884204        -0.12330970715751       -0.120450139098488      0.024501209194052       0.0814717511676095      
1.1918803560357         95.4630166399994        -0.879544123498038      5.34276409889586        765.054567114731        29.155799253793         5.34276409889593        -0.120450139098488      -0.118104085370563      0.0993382084196323      0.0654720327583368      
1.20148050912248        95.4880696199365        -0.858747448489437      5.34049646920342        764.930547984481        29.1534360083656        5.34049646920334        -0.118104085370563      -0.116218262084034      0.0814717511676095      0.10847052336028        
1.2110836909107         95.5129908685199        -0.83755532165161       5.3382645095012         764.810414024598        29.1511466140908        5.33826450950122        -0.116218262084034      -0.113093186666361      0.0654720327583368      0.0758326162120838      
1.22068696737462        95.5375073768699        -0.816026910962858      5.33609213663214        764.695412800725        29.1489548659739        5.3360921366322         -0.113093186666361      -0.110907868328467      0.10847052336028        0.118336151702185       
1.23029462866718        95.5617426575566        -0.794035255169763      5.33396110537441        764.583927745808        29.1468299733495        5.33396110537437        -0.110907868328467      -0.107496808433874      0.0758326162120838      0.0497765482112531      
1.23990488574793        95.5853246467465        -0.771625763933327      5.33189504865886        764.476378812656        29.1447799559497        5.33189504865884        -0.107496808433874      -0.106061582489904      0.118336151702185       0.176914774589713       
1.24951611599585        95.6086224723433        -0.748777811654444      5.32985607656067        764.370296183721        29.1427577468747        5.32985607656059        -0.106061582489904      -0.100958809764577      0.0497765482112531      0.0917733135044152      
1.25913223258487        95.6309415810965        -0.725386953522477      5.3279143995061         764.270206032376        29.1408496412468        5.32791439950602        -0.100958809764577      -0.0983107430520166     0.176914774589713       0.201972244652105       
1.26875350659198        95.6531765914514        -0.70148955448462       5.32602282636308        764.176502910313        29.1390631838719        5.326022826363          -0.0983107430520166     -0.0924807672784706     0.0917733135044152      0.0960034026993585      
1.27837635650687        95.674893878418         -0.67696931407259       5.32424289184738        764.094560490629        29.1375008554388        5.32424289184742        -0.0924807672784706     -0.0897088603694689     0.201972244652105       0.220331872387835       
1.28800245680763        95.6973760715387        -0.651934372359412      5.3225159115155         764.026210246572        29.1361976137086        5.32251591151549        -0.0897088603694689     -0.0833463001436513     0.0960034026993585      0.110495346387976       
1.29762929617838        95.7198525785854        -0.626250654443666      5.32091127089678        763.975263650961        29.1352261713655        5.32091127089684        -0.0833463001436513     -0.0801554733528714     0.220331872387835       0.227179318208269       
1.30725490047979        95.7423668415208        -0.600042986316438      5.31936819732909        763.933351970701        29.1344269812022        5.31936819732911        -0.0801554733528714     -0.0735951610900477     0.110495346387976       0.161524170353585       
1.31687886623476        95.7651411945745        -0.57320334221698       5.3179514153623         763.911552237086        29.1340112857252        5.31795141536223        -0.0735951610900477     -0.0689299554799436     0.227179318208269       0.197137013505093       
1.32650737175071        95.7893686745729        -0.545874155284481      5.31662398885704        763.914083059058        29.1340595458507        5.316623988857          -0.0689299554799436     -0.0632338991104826     0.161524170353585       0.152164292961967       
1.33614162382135        95.8086194974571        -0.517826881700931      5.31540561956423        763.892511719211        29.1336482004192        5.31540561956429        -0.0632338991104826     -0.0588354279852141     0.197137013505093       0.22439930459483        
1.34577993492865        95.8228171950516        -0.489415189476744      5.31427158508161        763.842711933197        29.132698542535         5.31427158508158        -0.0588354279852141     -0.0523478029741387     0.152164292961967       0.17899293214302        
1.355418435452          95.8332796408176        -0.46037208754397       5.31326259202041        763.781069679282        29.1315230116275        5.31326259202033        -0.0523478029741387     -0.0471731910973738     0.22439930459483        0.171709598926864       
1.36505270910389        95.8413307009303        -0.430925532640132      5.31235350887262        763.714544166162        29.1302543027036        5.31235350887269        -0.0471731910973738     -0.0422094912887529     0.17899293214302        0.170665045646841       
1.37468802512764        95.8503819172449        -0.400897234509611      5.3115400838748         763.669718412232        29.1293993990079        5.31154008387482        -0.0422094912887529     -0.0372755141413106     0.171709598926864       0.132451688050084       
1.38432539857144        95.8589624238506        -0.370478279494384      5.31082157962346        763.63476936135         29.1287328435029        5.31082157962352        -0.0372755141413106     -0.033445406560221      0.170665045646841       0.154102573165796       
1.39396633987047        95.8652007979056        -0.339584328692025      5.31017672973455        763.591737702552        29.1279121138805        5.31017672973464        -0.033445406560221      -0.0289881325028827     0.132451688050084       0.100761481166276       
1.40360842633869        95.8690411180756        -0.308353611542242      5.30961769604853        763.541935835607        29.1269622292856        5.30961769604855        -0.0289881325028827     -0.0260732762444674     0.154102573165796       0.158727066481285       
1.41325314312163        95.8718636053076        -0.276730791944208      5.309114826889          763.492098822628        29.1260116433295        5.30911482688895        -0.0260732762444674     -0.0214817233693764     0.100761481166276       0.0564123029031132      
1.42289515369312        95.8741543385525        -0.244809382865203      5.30870057451642        763.450767327525        29.1252232671943        5.30870057451643        -0.0214817233693764     -0.019850116603674      0.158727066481285       0.152128155937734       
1.43253430581917        95.8744268191164        -0.212680257058561      5.30831787369407        763.397900271134        29.1242148252987        5.30831787369401        -0.019850116603674      -0.0154512445899418     0.0564123029031132      0.0631573953876364      
1.44217304130793        95.873024533812         -0.18028522114607       5.30802005116322        763.343904886707        29.1231848244412        5.30802005116324        -0.0154512445899418     -0.0136257497049886     0.152128155937734       0.11890601789803        
1.4518063911913         95.8643184732369        -0.147799717725591      5.30775755172565        763.236840476034        29.1211423859412        5.30775755172565        -0.0136257497049886     -0.0101911096804249     0.0631573953876364      0.0747703869578057      
1.46143086339389        95.8172655473916        -0.115096530615155      5.30756138008808        762.83402724747         29.1134567444043        5.30756138008806        -0.0101911096804249     -0.00803345558229934    0.11890601789803        0.0995656421902122      
1.47104715144675        95.6982007695158        -0.0823589429019693     5.30740691154786        761.863938280234        29.0949391987342        5.3074069115478         -0.00803345558229934    -0.00516449898205999    0.0747703869578057      0.0761282171093946      
1.48064641591026        95.4789480374078        -0.0494630212077812     5.30730778237321        760.104245957612        29.0613191938397        5.30730778237319        -0.00516449898205999    -0.00296659080181064    0.0995656421902122      0.102144525447214       
1.49022028869663        95.2329560380566        -0.0167776860560747     5.30725063586466        758.13774973237         29.0237019947561        5.30725063586461        -0.00296659080181064    2.41942014973397e-12    0.0761282171093946      0.102144525447214       
1.5                     95.2329560380566        0.0167776860560747      5.30725063586466        758.13774973237         29.0237019947561        5.30725063586466        2.41942014973397e-12    2.41942014973397e-12    0.102144525447214       0.102144525447214       
