# xp[i]                    V[i]                   up[i]                    p[i]                    e[i]                   cs[i]                  dd1[i]             dd2_left[i]            dd2_right[i]             dd3_left[i]            dd3_right[i]
-1.5                    98.8166455273721        -0.00316611397269049    4.96578396812934        736.053171216216        28.5978470676886        4.96578396812934        0.235934941848588       0.235934941848588       3.45601199647633        3.45601199647633        
-1.49003241397704       98.8166455273721        0.00316611397269049     4.96578396812934        736.053171216216        28.5978470676886        4.96578396812934        0.235934941848588       0.235934941848588       3.45601199647633        3.45601199647633        
-1.48009117234658       99.0508350741469        0.00626832630089267     4.97048094562301        738.495432576141        28.6452523228572        4.97048094562301        0.235934941848588       0.339205689699084       3.45601199647633        -4.86140172082629       
-1.47012537157017       99.2436897509624        0.011191084926676       4.97724031930798        740.939541098073        28.6926150215633        4.97724031930798        0.339205689699084       0.193781910887483       3.45601199647633        -9.6544855917877        
-1.46014408559088       99.3608225079411        0.0210336201640292      4.98110829136746        742.390525247094        28.7206956981487        4.98110829136746        0.193781910887483       -0.0954711080760673     -4.86140172082629       -8.89135521412537       
-1.45015157983141       99.4579261596139        0.0383427480468193      4.9792001164159         742.83137626865         28.7292219848373        4.9792001164159         -0.0954711080760673     -0.362228079890701      -9.6544855917877        -0.625714388966978      
-1.44014400481442       99.5644832778768        0.0616803429413887      4.97195014345551        742.54447037477         28.7236733641002        4.97195014345551        -0.362228079890701      -0.381026214733189      -8.89135521412537       5.72155427061971        
-1.43012178240194       99.6617658751074        0.0796760687294743      4.96431337376168        742.128355779752        28.7156240046687        4.96431337376168        -0.381026214733189      -0.20892328702214       -0.625714388966978      9.75795148695784        
-1.42008853042514       99.7166308979348        0.0880920159929511      4.96012135887163        741.909886127348        28.7113970039647        4.96012135887163        -0.20892328702214       0.0848284618294761      5.72155427061971        12.6467441194856        
-1.41004755224943       99.6987649644916        0.0874115651837307      4.96182438325803        742.031644472288        28.7137528889766        4.96182438325803        0.0848284618294761      0.465532257674662       9.75795148695784        11.3813627090347        
-1.40001056755965       99.5890230048055        0.0680745547239586      4.97116565791717        742.610296600518        28.7249465061008        4.97116565791717        0.465532257674662       0.807792494891733       12.6467441194856        10.6403531323518        
-1.38999392592795       99.396839909879         0.0277116823371324      4.98734817271437        743.589971847177        28.7438876951291        4.98734817271438        0.807792494891733       1.12714891970142        11.3813627090347        7.549252343089          
-1.37999817470035       99.1285886755979        -0.0389312778628235     5.00987637676761        744.932962002286        28.7698330046188        5.0098763767676         1.12714891970142        1.35313471690911        10.6403531323518        9.67122889953283        
-1.3700325342066        98.8081237657355        -0.128965024513487      5.03684254065575        746.521441718453        28.8004907697084        5.03684254065575        1.35313471690911        1.64170217314635        7.549252343089          2.71488793742026        
-1.36010224319857       98.4247883685587        -0.244342208990477      5.06944186649558        748.438114284807        28.8374392892451        5.06944186649558        1.64170217314635        1.72241540072745        9.67122889953283        -6.61229765142988       
-1.35021440992768       98.0301882841099        -0.364789082346403      5.10351449900842        750.44773087272         28.8761287585577        5.10351449900842        1.72241540072745        1.52652451211641        2.71488793742026        -9.59013489043379       
-1.34035658687212       97.6839328694892        -0.469352497971155      5.13361172404305        752.207074544166        28.9099574261604        5.13361172404305        1.52652451211641        1.24332034345778        -6.61229765142988       -8.19723362971308       
-1.33052771545236       97.403034319202         -0.549658053095684      5.1580528561257         753.614999048204        28.9370005173731        5.1580528561257         1.24332034345778        1.00195734961323        -9.59013489043379       -9.86074563016893       
-1.32072737662303       97.1744080787906        -0.609948795044617      5.17769231997699        754.708779611796        28.957992172797         5.177692319977          1.00195734961323        0.71235796886375        -8.19723362971308       -10.4776461012281       
-1.31095473040067       97.0078091770083        -0.649802460714465      5.19162198703372        755.441812555993        28.9720519074656        5.19162198703372        0.71235796886375        0.405211830392858       -9.86074563016893       -9.48633329733476       
-1.3011917458788        96.912052279557         -0.672210971756255      5.19953493504465        755.846402181645        28.9798091049162        5.19953493504464        0.405211830392858       0.127400431109654       -10.4776461012281       -3.80576536743641       
-1.29143450236975       96.878772881588         -0.680466523817345      5.20202148822789        755.948187424755        28.9817603066472        5.20202148822789        0.127400431109654       0.0159868523184326      -9.48633329733476       -1.50047337961235       
-1.28167673420788       96.8704753356732        -0.684197643793201      5.20233346897816        755.928773991894        28.9813881653552        5.20233346897816        0.0159868523184326      -0.0279409117133817     -3.80576536743641       -0.0457281671401392     
-1.27191984840525       96.8730509344616        -0.686151004581783      5.20178810621806        755.869626245908        28.9802543169178        5.20178810621807        -0.0279409117133817     -0.0292798206002012     -1.50047337961235       0.603115817371351       
-1.26215452597645       96.8770632613957        -0.686386488134869      5.20121649344017        755.817868906826        28.9792621044549        5.20121649344015        -0.0292798206002012     -0.011620435274738      -0.0457281671401392     0.486259001869813       
-1.25239722875201       96.8779507043063        -0.684731360395467      5.200989672403          755.791831644996        28.9787629450909        5.20098967240301        -0.011620435274738      0.00261479036581523     0.603115817371351       -0.0702286602413422     
-1.24263884254033       96.8762175097454        -0.681766664859171      5.20104069657637        755.785724697855        28.9786458677929        5.20104069657638        0.00261479036581523     0.000559318649297909    0.486259001869813       -0.510060955261354      
-1.23288555914857       96.8748584917089        -0.678666889617055      5.20105160912536        755.776707963141        28.9784730056092        5.20105160912537        0.000559318649297909    -0.0143695420511132     -0.0702286602413422     -0.719386636729204      
-1.22312964627214       96.8768526075139        -0.676295502021955      5.20077121707222        755.751519962559        28.977990114387         5.20077121707221        -0.0143695420511132     -0.0354259911187815     -0.510060955261354      -0.514504752198991      
-1.21336886966954       96.8834420232356        -0.67503975908453       5.20007986451017        755.702454104199        28.9770494262116        5.20007986451017        -0.0354259911187815     -0.0504878248019283     -0.719386636729204      0.0153195723178219      
-1.20361552587355       96.8932701984686        -0.674493014238348      5.19909453978431        755.635908046056        28.9757735597258        5.19909453978431        -0.0504878248019283     -0.0500392937586191     -0.514504752198991      0.344670029288972       
-1.19385081826347       96.9032151226112        -0.67360425907727       5.19811771070161        755.57147812916         28.9745382118155        5.19811771070162        -0.0500392937586191     -0.0399467173281489     0.0153195723178219      0.350976041212566       
-1.18409109648806       96.9111326054155        -0.67170259380946       5.19733783791935        755.519844608618        28.9735481777703        5.19733783791934        -0.0399467173281489     -0.0296691937918551     0.344670029288972       0.114468214735579       
-1.17432959712081       96.9167839665306        -0.668738051012118      5.19675868107644        755.479707630117        28.9727785579291        5.19675868107643        -0.0296691937918551     -0.0263175139094169     0.350976041212566       -0.293513004489706      
-1.16457136175067       96.9222185720284        -0.66516135043204       5.1962449676505         755.447385762636        28.9721587766722        5.19624496765049        -0.0263175139094169     -0.0349116382157768     0.114468214735579       -0.398465454246384      
-1.15480966969922       96.9295089254488        -0.661749820291173      5.19556348028504        755.405125102536        28.9713483961604        5.19556348028504        -0.0349116382157768     -0.0465802245568398     -0.293513004489706      -0.402086331640428      
-1.14505059098231       96.9394883981482        -0.658688386700181      5.19465405517723        755.35065977137         28.9703039483033        5.19465405517722        -0.0465802245568398     -0.0583576909860547     -0.398465454246384      -0.185519992617392      
-1.13528274945845       96.9523228441434        -0.655948132470056      5.19351430003587        755.284912669129        28.9690431067589        5.19351430003586        -0.0583576909860547     -0.0637931924730057     -0.402086331640428      0.0384002022670842      
-1.12551650239617       96.9665469979779        -0.653106716004019      5.1922680823527         755.21446055033         28.9676919755312        5.1922680823527         -0.0637931924730057     -0.062667899419581      -0.185519992617392      0.138012486444209       
-1.11574628412352       96.9810977002246        -0.649740819546655      5.19104372030317        755.149677307289        28.9664495064221        5.19104372030319        -0.062667899419581      -0.0586231992648784     0.0384002022670842      0.0823713126667974      
-1.10597835183189       96.9950569125269        -0.645682115084615      5.1898983087539         755.091722741718        28.965337958435         5.18989830875391        -0.0586231992648784     -0.0562090602607412     0.138012486444209       -0.102737027209425      
-1.09620736064074       97.0080290908686        -0.641051246485778      5.18880004376635        755.032898388579        28.9642096846086        5.18880004376635        -0.0562090602607412     -0.0592200211466964     0.0823713126667974      -0.283397464074865      
-1.08643941197852       97.0206881793395        -0.636221531311924      5.18764300334389        754.963041319739        28.9628697419403        5.18764300334389        -0.0592200211466964     -0.0675249927181736     -0.102737027209425      -0.301106754858457      
-1.07667031233812       97.0345366589043        -0.631540676040551      5.18632386470052        754.878799761349        28.9612538049901        5.1863238647005         -0.0675249927181736     -0.0763481969262133     -0.283397464074865      -0.18845885576666       
-1.06690533741861       97.0512284792384        -0.627048520664961      5.184832474901          754.791541722288        28.9595799102874        5.18483247490099        -0.0763481969262133     -0.0818704056428309     -0.301106754858457      -0.0258060031843919     
-1.05713627895175       97.0708413243968        -0.622536199696172      5.18323314508518        754.711203260877        28.9580386701723        5.18323314508519        -0.0818704056428309     -0.0826266747202615     -0.18845885576666       0.066302946556335       
-1.04736957987762       97.0935017021735        -0.617718068313443      5.1816187091562         754.652257436207        28.9569077814337        5.18161870915622        -0.0826266747202615     -0.0806829507096128     -0.0258060031843919     0.0437178645794895      
-1.0375941979029        97.1146803365371        -0.612425932326626      5.18004152508168        754.587115257443        28.9556579628892        5.18004152508168        -0.0806829507096128     -0.0794007470609648     0.066302946556335       -0.0438002816369903     
-1.02781581575287       97.1339117294668        -0.606733189157976      5.17848860413235        754.510282448762        28.9541837784525        5.17848860413234        -0.0794007470609648     -0.080685689205984      0.0437178645794895      -0.155026857583394      
-1.01803193335494       97.152193002068         -0.600830588973358      5.17691043175239        754.422302130041        28.9524956155201        5.17691043175238        -0.080685689205984      -0.0852335657149707     -0.0438002816369903     -0.185402922049568      
-1.00825906438875       97.1676522837913        -0.594971213214755      5.17524369591252        754.299419892466        28.9501375911615        5.17524369591253        -0.0852335657149707     -0.0906726021805923     -0.155026857583394      -0.122342324437467      
-0.998478838126012      97.1841439423022        -0.589213634142564      5.17347032766753        754.168927507905        28.9476333231023        5.17347032766754        -0.0906726021805923     -0.0942625614735445     -0.185402922049568      -0.0259193264411436     
-0.988696303177184      97.2036400250254        -0.583465912412771      5.17162589099415        754.051292178445        28.945375607982         5.17162589099415        -0.0942625614735445     -0.0950234354657497     -0.122342324437467      0.0354638244361454      
-0.978907575297536      97.2242399627578        -0.577555908399347      5.16976589383815        753.939839720702        28.9432363951062        5.16976589383817        -0.0950234354657497     -0.0939820349259558     -0.0259193264411436     0.0362321177177956      
-0.969119388572048      97.2450939454021        -0.571389409890546      5.16792577079711        753.833140626044        28.9411882698928        5.16792577079713        -0.0939820349259558     -0.092917787481939      0.0354638244361454      -0.0339515091316194     
-0.959325451848397      97.2660812940742        -0.564966870408946      5.16610601470155        753.73033139965         28.9392146748942        5.16610601470154        -0.092917787481939      -0.0939152602534028     0.0362321177177956      -0.0847069759115646     
-0.949532346570725      97.2875779668433        -0.558446064166389      5.16426637688871        753.628451674662        28.9372587904449        5.16426637688873        -0.0939152602534028     -0.0964045083917501     -0.0339515091316194     -0.111229246628734      
-0.939735946654981      97.3095935884298        -0.55193910256514       5.16237751787952        753.523287322355        28.9352397091304        5.1623775178795         -0.0964045083917501     -0.0996738908655633     -0.0847069759115646     -0.0459021417831977     
-0.929935738153201      97.3326197120583        -0.54551628433991       5.1604240652843         753.416389648905        28.9331872048711        5.16042406528431        -0.0996738908655633     -0.101023328100628      -0.111229246628734      -0.00545701037291432    
-0.920135678573957      97.3558540025794        -0.539074900548316      5.1584440254246         753.307085129573        28.93108833705          5.15844402542458        -0.101023328100628      -0.10118377602884       -0.0459021417831977     0.0278179353660608      
-0.910336350135894      97.3790428681213        -0.532562024223071      5.15646061775072        753.196799315591        28.9289704720524        5.15646061775071        -0.10118377602884       -0.100365752090196      -0.00545701037291432    0.0189060522217307      
-0.900531001439412      97.402114039528         -0.525916128953191      5.15449278099426        753.08774050549         28.9268760172475        5.15449278099423        -0.100365752090196      -0.0998096750677213     0.0278179353660608      -0.00236091480579756    
-0.890727715647775      97.4251142316672        -0.519168215002742      5.15253548257496        752.979536958875        28.9247978377431        5.15253548257496        -0.0998096750677213     -0.099879129757849      0.0189060522217307      -0.0319703726470405     
-0.880919020933102      97.4482334259363        -0.512353921429232      5.15057643008201        752.871861355136        28.9227296497857        5.15057643008203        -0.099879129757849      -0.100819879315849      -0.00236091480579756    -0.0499061583293196     
-0.871111230754359      97.4717064067929        -0.505553572575229      5.14859837658147        752.764004052959        28.920657823565         5.14859837658147        -0.100819879315849      -0.10228886339103       -0.0319703726470405     -0.0162639588672632     
-0.861296151167842      97.4955210585453        -0.498800070606989      5.14659078543314        752.654325451367        28.9185508598694        5.14659078543315        -0.10228886339103       -0.102767749557646      -0.0499061583293196     0.00136095376673104     
-0.851480733500673      97.5194276651687        -0.492038156948411      5.14457312668865        752.543740344427        28.9164263264638        5.14457312668866        -0.102767749557646      -0.102727663726185      -0.0162639588672632     0.0224845008458674      
-0.841660268585974      97.5435487567532        -0.485234096412296      5.14255566105617        752.434693287825        28.9143311888341        5.14255566105616        -0.102727663726185      -0.102065192926825      0.00136095376673104     0.00215957564726917     
-0.831838673621494      97.5679168575533        -0.478361283707045      5.14055053917811        752.329211412871        28.9123044051197        5.14055053917809        -0.102065192926825      -0.102001544742338      0.0224845008458674      -0.00656566157960425    
-0.822011325909415      97.5929204007248        -0.471451300327239      5.13854605456687        752.228574118205        28.9103705752452        5.13854605456685        -0.102001544742338      -0.102195093775981      0.00215957564726917     -0.0185480017268781     
-0.812184591695736      97.6188369871985        -0.464534642737939      5.13653745978687        752.13421944836         28.9085573537656        5.13653745978689        -0.102195093775981      -0.102741967342758      -0.00656566157960425    0.00239364504140098     
-0.802356382210808      97.6442426907303        -0.457652529575894      5.13451784141409        752.034159310382        28.906634365572         5.13451784141407        -0.102741967342758      -0.102671387714564      -0.0185480017268781     -0.0070585676038871     
-0.79252515539845       97.6673898695453        -0.450771676409397      5.1324994468619         751.91673672283         28.9043775370297        5.13249944686188        -0.102671387714564      -0.102879513378686      0.00239364504140098     0.0247143846536751      
-0.782698252102931      97.688669696877         -0.443919408452261      5.13047726566866        751.784248489863        28.9018309394994        5.13047726566867        -0.102879513378686      -0.102150918145515      -0.0070585676038871     0.00816033764707094     
-0.772871645573361      97.7111017453959        -0.437033104079391      5.1284698419052         751.66265778089         28.8994936091907        5.1284698419052         -0.102150918145515      -0.101910360825389      0.0247143846536751      0.0171828047606995      
-0.763048664120987      97.7367798393159        -0.43016672225435       5.1264670904198         751.566578054787        28.897646541136         5.12646709041981        -0.101910360825389      -0.101403720352999      0.00816033764707094     0.00334812720373361     
-0.753217055468497      97.7666253567033        -0.423290841160657      5.12447344008285        751.503712450434        28.8964379283144        5.12447344008285        -0.101403720352999      -0.101304949706356      0.0171828047606995      0.0130044387656558      
-0.74338220505678       97.7940291055028        -0.416435206466042      5.12248047064359        751.422006357734        28.8948670250874        5.12248047064358        -0.101304949706356      -0.100921078599993      0.00334812720373361     -0.00494538564221165    
-0.733537570528166      97.816904434098         -0.409573407888709      5.12049381516971        751.306281260768        28.892641917215         5.12049381516973        -0.100921078599993      -0.101067133505531      0.0130044387656558      0.0124730212803157      
-0.723691213553281      97.841941509081         -0.402766298978903      5.11850341621813        751.206467795469        28.8907226130825        5.11850341621813        -0.101067133505531      -0.100698633386343      -0.00494538564221165    0.0215467542862995      
-0.713840901917893      97.8678352046518        -0.395983488212859      5.11651982653954        751.114078807658        28.88894595992          5.11651982653958        -0.100698633386343      -0.100061973841171      0.0124730212803157      0.0104413810142504      
-0.70399132608621       97.8902188298494        -0.389212451002137      5.11454865745194        750.996430940825        28.8866834168123        5.11454865745196        -0.100061973841171      -0.0997534427100694     0.0215467542862995      0.0113983097593575      
-0.69414182468436       97.9092732321044        -0.382477133652757      5.11258362058422        750.854019944642        28.8839444048581        5.11258362058423        -0.0997534427100694     -0.0994165812107494     0.0104413810142504      0.0129960719710224      
-0.684292527630616      97.9290367458742        -0.375783132464779      5.1106247065719         750.717832026379        28.8813248393102        5.11062470657192        -0.0994165812107494     -0.099032385836666      0.0113983097593575      0.0137969652562341      
-0.674432428079293      97.9512527608925        -0.369120689941237      5.10867247881751        750.601303867904        28.8790832392948        5.10867247881752        -0.099032385836666      -0.098624390072058      0.0129960719710224      0.0164215772446651      
-0.664575877131784      97.9742751380628        -0.36250623558566       5.10672792980718        750.491950875238        28.8769795064673        5.10672792980715        -0.098624390072058      -0.0981386833461628     0.0137969652562341      0.0248246989957461      
-0.654715648187422      97.9977281142639        -0.355936898402208      5.10479273075191        750.387135161845        28.874962917953         5.10479273075191        -0.0981386833461628     -0.0974043259624318     0.0164215772446651      0.0207593118722242      
-0.644854608962335      98.0213070208946        -0.349395853252918      5.10287159273324        750.28521461926         28.8730018956437        5.10287159273323        -0.0974043259624318     -0.0967900860594103     0.0248246989957461      0.0413112677639057      
-0.634990249082128      98.0447582032541        -0.342897931285347      5.10096211688885        750.18389603149         28.871052323343         5.10096211688885        -0.0967900860594103     -0.0955674530659218     0.0207593118722242      0.0188987037760443      
-0.625123986854634      98.067823585197         -0.336415866591171      5.0990762909893         750.082971228299        28.8691101973545        5.09907629098928        -0.0955674530659218     -0.0950080204693215     0.0413112677639057      0.0349671272599312      
-0.615255010395968      98.0908925791952        -0.32999315572985       5.0972011815908         749.983520336955        28.8671963064759        5.09720118159079        -0.0950080204693215     -0.0939727183901714     0.0188987037760443      0.0291443448525806      
-0.605386570722229      98.1136172187241        -0.323611697549532      5.09534613678727        749.884260692475        28.8652859695301        5.09534613678726        -0.0939727183901714     -0.0931095587029858     0.0349671272599312      0.0399587831201959      
-0.595511929735088      98.136123011585         -0.31728279310941       5.09350740879418        749.785604444767        28.8633871201864        5.0935074087942         -0.0931095587029858     -0.0919256920295637     0.0291443448525806      0.0313573184049031      
-0.585633642193946      98.1585067028682        -0.310970604991505      5.09169135653514        749.689230224085        28.8615320726797        5.09169135653509        -0.0919256920295637     -0.0909963745079058     0.0399587831201959      0.0447490575238173      
-0.575753548225667      98.1808130222869        -0.304704783557559      5.08989327550118        749.594789978064        28.8597141353761        5.0898932755012         -0.0909963745079058     -0.0896699494675879     0.0313573184049031      0.0332572404080979      
-0.565872184729147      98.2027334941937        -0.298464897109549      5.08812119854232        749.501115069914        28.8579108173885        5.08812119854229        -0.0896699494675879     -0.0886839971638451     0.0447490575238173      0.0384594183553383      
-0.555990572601524      98.2245205998066        -0.292269968686042      5.08636831353612        749.409133786698        28.8561399933975        5.08636831353612        -0.0886839971638451     -0.0875435489886172     0.0332572404080979      0.0450488954900665      
-0.546104127422365      98.2460170256763        -0.286120858818817      5.08463742005424        749.31806181006         28.8543865683088        5.0846374200542         -0.0875435489886172     -0.0862072135451581     0.0384594183553383      0.0408990878300618      
-0.536215031278463      98.2677072116355        -0.280027769796415      5.08293223425762        749.232144858918        28.8527322961683        5.0829322342576         -0.0862072135451581     -0.0849935043300775     0.0450488954900665      0.0262361962840635      
-0.526319503731917      98.2893561748817        -0.273966955933855      5.08125038847894        749.149243870444        28.8511360044096        5.08125038847891        -0.0849935043300775     -0.0842146967355096     0.0408990878300618      0.0270373851513883      
-0.516423788743537      98.311131150797         -0.267940448372061      5.07958359784029        749.069413918071        28.8495987632039        5.07958359784024        -0.0842146967355096     -0.0834119825874339     0.0262361962840635      0.0369318672084616      
-0.506526428961759      98.332794984364         -0.26195722409147       5.07793258911333        748.990956344552        28.8480878693228        5.07793258911331        -0.0834119825874339     -0.0823155423408146     0.0270373851513883      0.0332415018493284      
-0.496630015779823      98.3535801321869        -0.256024902118744      5.07630342859286        748.908924059104        28.8465080509295        5.07630342859283        -0.0823155423408146     -0.0813288030059716     0.0369318672084616      0.0201886956846075      
-0.486736899084911      98.3714710624534        -0.250147401087476      5.0746941697755         748.807696009307        28.8445584317294        5.07469416977551        -0.0813288030059716     -0.0807296216252099     0.0332415018493284      0.0181767782989266      
-0.476845403216591      98.388343611986         -0.244316748391404      5.07309699164005        748.70041498562         28.8424920903868        5.07309699164004        -0.0807296216252099     -0.0801901983251508     0.0201886956846075      0.0390178250016306      
-0.466952934382039      98.4073669358595        -0.238541826418766      5.07151049260938        748.610990947909        28.8407695795747        5.0715104926094         -0.0801901983251508     -0.0790322377104024     0.0181767782989266      0.0263268171175232      
-0.457060965202655      98.4304520384305        -0.232797969792376      5.0699467804161         748.555730110713        28.8397050784488        5.06994678041608        -0.0790322377104024     -0.0782506754757093     0.0390178250016306      0.031789562590044       
-0.447165869965554      98.4570785860773        -0.227119072376626      5.06839783133272        748.529465377544        28.8391991215957        5.06839783133268        -0.0782506754757093     -0.0773064461435529     0.0263268171175232      0.0270460644184577      
-0.43725861843557       98.4781233970764        -0.221471723395751      5.06686647079738        748.46325232154         28.8379235714505        5.06686647079734        -0.0773064461435529     -0.0765026809901473     0.031789562590044       0.034267009877686       
-0.427350290628609      98.4952498429333        -0.215863464598319      5.06535040154953        748.369430013935        28.836116050959         5.06535040154951        -0.0765026809901473     -0.0754839147834385     0.0270460644184577      0.0314861305671423      
-0.417439789456146      98.5136180204554        -0.210271963553677      5.06385412588481        748.287886603085        28.8345449957952        5.06385412588479        -0.0754839147834385     -0.0745475447820439     0.034267009877686       0.0397432156013334      
-0.407524231845849      98.5318304127084        -0.204711415894716      5.0623758695846         748.207741000946        28.8330007880813        5.06237586958458        -0.0745475447820439     -0.0733651600008714     0.0314861305671423      0.0352329339643191      
-0.397606425395815      98.5482215483958        -0.199171560320267      5.06092048254242        748.117069428608        28.831253671216         5.0609204825424         -0.0733651600008714     -0.0723165860873045     0.0397432156013334      0.0367535554310839      
-0.387682441046186      98.5646907084674        -0.193645162632852      5.05948539573703        748.029919762241        28.8295743168604        5.05948539573699        -0.0723165860873045     -0.0712226452388946     0.0352329339643191      0.0340962585453818      
-0.377759207544594      98.5815068192945        -0.188129514433922      5.05807210178729        747.94855409224         28.8280063305005        5.05807210178727        -0.0712226452388946     -0.0702078604819886     0.0367535554310839      0.0420146412878458      
-0.367843013028614      98.5986051523817        -0.182645571030929      5.05667926627036        747.872283535839        28.8265364539119        5.0566792662704         -0.0702078604819886     -0.0689574548974581     0.0340962585453818      0.0351088735414306      
-0.357921154798415      98.6158834567058        -0.177178170470006      5.05531104881049        747.800947840338        28.8251616135074        5.05531104881051        -0.0689574548974581     -0.067912396938539      0.0420146412878458      0.0320219597654688      
-0.347998120343364      98.6333383741251        -0.171733057348507      5.05396317927601        747.733890587849        28.8238691709926        5.05396317927604        -0.067912396938539      -0.0669590667851065     0.0351088735414306      0.0393705204796702      
-0.338071688420284      98.6508188540428        -0.166312332473125      5.05263412946804        747.669741362859        28.8226327227379        5.05263412946802        -0.0669590667851065     -0.0657869213918598     0.0320219597654688      0.0372125161322856      
-0.328150205266455      98.6685256012642        -0.160912324094379      5.05132842843035        747.610692541461        28.8214945356463        5.05132842843035        -0.0657869213918598     -0.0646789388379129     0.0393705204796702      0.0330719456159739      
-0.318224751996571      98.6864254906875        -0.155537244938859      5.05004451902904        747.556263227721        28.8204453513998        5.050044519029          -0.0646789388379129     -0.063694095564136      0.0372125161322856      0.0427624836840903      
-0.308296137795397      98.7052790951257        -0.150194842129899      5.04877985082038        747.511836397609        28.819588947597         5.04877985082037        -0.063694095564136      -0.0624203365470829     0.0330719456159739      0.0520196305958862      
-0.298368130512249      98.72565084651          -0.144894638987489      5.04754019538351        747.482536444735        28.8190241265255        5.04754019538349        -0.0624203365470829     -0.0608704806043852     0.0427624836840903      0.0469629623666466      
-0.288433158090039      98.7486250724511        -0.139619730649745      5.04633098114287        747.477369072558        28.8189245129068        5.04633098114286        -0.0608704806043852     -0.0594709123369205     0.0520196305958862      0.0493544043696339      
-0.278500382659114      98.7757319688619        -0.134394508540107      5.04514929155543        747.507471248359        28.8195048004406        5.04514929155541        -0.0594709123369205     -0.0579996600582664     0.0469629623666466      0.0513699547087816      
-0.268560819873506      98.809764911447         -0.129199250376926      5.04399648595609        747.594160487229        28.8211758663512        5.04399648595613        -0.0579996600582664     -0.0564678307906834     0.0493544043696339      0.0682561758612158      
-0.258620570669214      98.8544846555594        -0.124048110097496      5.04287371420056        747.766023300544        28.8244884950385        5.04287371420053        -0.0564678307906834     -0.0544313470459761     0.0513699547087816      0.0516315305866727      
-0.248673857051047      98.9150510369618        -0.118915577842307      5.0417907489984         748.063483882289        28.8302211014432        5.04179074899839        -0.0544313470459761     -0.0528897733737059     0.0682561758612158      0.0567988628120328      
-0.238715565777768      98.998668020663         -0.113817429963968      5.04073751618           748.539449915408        28.8393914621305        5.04073751618           -0.0528897733737059     -0.0511923580145192     0.0516315305866727      0.0622064144963891      
-0.228751396207294      99.1149039163721        -0.10873226664937       5.03971714144351        749.2666203598          28.8533961097553        5.03971714144354        -0.0511923580145192     -0.0493312522169489     0.0567988628120328      0.0690899057033261      
-0.218773688425799      99.2759737120891        -0.103668567629432      5.0387326376788         750.337633320668        28.8740104846453        5.03873263767877        -0.0493312522169489     -0.0472610228299239     0.0622064144963891      0.0609317214009283      
-0.208779275007716      99.4966489191089        -0.0986312171458175     5.03778773184454        751.864495926494        28.9033734272296        5.03778773184457        -0.0472610228299239     -0.0454312891012133     0.0690899057033261      0.0592943895479311      
-0.1987591238696        99.7955268043746        -0.0936083584713684     5.03687714403631        753.986712057025        28.9441360796396        5.03687714403632        -0.0454312891012133     -0.0436456213087897     0.0609317214009283      0.0651046801993093      
-0.188707466217736      100.195146656595        -0.0885955288863071     5.03599951750495        756.874065328427        28.9995031629553        5.03599951750493        -0.0436456213087897     -0.0416775060516726     0.0592943895479311      0.0748364938252749      
-0.17861491533315       100.720335270354        -0.0835933825194265     5.0351578774672         760.71418433649         29.0729768444186        5.03515787746721        -0.0416775060516726     -0.039403721813214      0.0651046801993093      0.0730575185762161      
-0.168463459745816      101.394878482739        -0.0785823116504092     5.03435753834119        765.687106258151        29.1678496190231        5.03435753834117        -0.039403721813214      -0.037169483830718      0.0748364938252749      0.0726007799758308      
-0.158236407523978      102.242070838125        -0.0735433154508918     5.03359705440939        771.968079911254        29.2872380229428        5.03359705440941        -0.037169483830718      -0.0349309487228874     0.0730575185762161      0.0764172963695031      
-0.147922167041998      103.281380872375        -0.0684979408843893     5.03287593180876        779.703563994826        29.4336082281392        5.03287593180876        -0.0349309487228874     -0.0325504796359963     0.0726007799758308      0.0864087118440795      
-0.137489236729612      104.516924472214        -0.0634424529502792     5.03219626888616        788.924516046795        29.6071409563225        5.03219626888613        -0.0325504796359963     -0.02982550539089       0.0764172963695031      0.0862940735439268      
-0.12690879051222       105.938894310245        -0.05836788134725       5.03156509293474        799.557663893297        29.8059961136327        5.03156509293474        -0.02982550539089       -0.027066150955647      0.0864087118440795      0.0799370303749692      
-0.116178036148906      107.534243819456        -0.0532565412238986     5.03098399655383        811.504589605803        30.0278498435814        5.03098399655386        -0.027066150955647      -0.0244715881412606     0.0862940735439268      0.0822917153629955      
-0.105281016738762      109.272042600477        -0.0481048526794413     5.03045046740733        824.531396661187        30.267903731349         5.03045046740737        -0.0244715881412606     -0.0217582242548458     0.0799370303749692      0.0773613103508134      
-0.0942018440973169     111.103510449119        -0.0429011276207986     5.02996833525432        838.270709242001        30.5190415832113        5.02996833525432        -0.0217582242548458     -0.019166026290946      0.0822917153629955      0.0802676306281218      
-0.0829399752335825     112.967677571284        -0.0376609608805717     5.02953672433259        852.262624511007        30.7726903549055        5.02953672433259        -0.019166026290946      -0.0164333693935439     0.0773613103508134      0.0714414730223145      
-0.0715037194047253     114.794456481333        -0.0323716217723687     5.02916083074124        865.979676183227        31.0193430008372        5.02916083074122        -0.0164333693935439     -0.0139635732497903     0.0802676306281218      0.0787994725880663      
-0.0598905015644964     116.504667221569        -0.0270558122798223     5.02883657088589        878.824396804077        31.2485447981907        5.0288365708859         -0.0139635732497903     -0.0112001989513309     0.0714414730223145      0.077472011194254       
-0.0481095142937302     118.009137981259        -0.0217036950386682     5.02857287676595        890.126325694632        31.4488354438096        5.02857287676591        -0.0112001989513309     -0.00844922137036882    0.0787994725880663      0.0696630176913059      
-0.0361973074011441     119.192867906998        -0.0163164351353128     5.02837168216275        899.019062548974        31.6055385889698        5.02837168216272        -0.00844922137036882    -0.00595083453507341    0.077472011194254       0.0613879164189553      
-0.0241782956554926     119.960836190004        -0.0108844505518218     5.0282287592239         904.785789766688        31.7067428819992        5.02822875922387        -0.00595083453507341    -0.00373399523373311    0.0696630176913059      0.0672472999120231      
-0.0120939392913073     120.300731641698        -0.00543265248589945    5.02813859678531        907.333127983702        31.7513451680695        5.02813859678527        -0.00373399523373311    -0.00129618120198716    0.0613879164189553      0.0667974049009363      
1.10805734786943e-05    120.364737517927        2.56803770876719e-05    5.0281072294669         907.810210330161        31.7596916149694        5.02810722946692        -0.00129618120198716    0.00112822813267403     0.0672472999120231      0.0713396958202927      
0.0121162729178869      120.300677480123        0.00547330074688578     5.0281345328978         907.331986153207        31.7513251893735        5.02813453289778        0.00112822813267403     0.00371446630307333     0.0667974049009363      0.0675118608504674      
0.0242014179941606      119.960707614361        0.0109146692720658      5.02822422736249        904.784004537114        31.7067116017539        5.02822422736251        0.00371446630307333     0.00615252644048976     0.0713396958202927      0.0697324557994277      
0.0362206068780426      119.192713963232        0.0163471480858067      5.02837199809702        899.017957904854        31.6055191717602        5.02837199809703        0.00615252644048976     0.00865340817576857     0.0675118608504674      0.0734665114230532      
0.0481328741916018      118.008934316407        0.0217430424778154      5.02857805122792        890.125705428424        31.4488244865708        5.0285780512279         0.00865340817576857     0.0112620679066877      0.0697324557994277      0.0725343359838311      
0.0599127289704353      116.504464090876        0.0270914796442059      5.02884318755491        878.824020844704        31.2485381141565        5.02884318755495        0.0112620679066877      0.0138055276073455      0.0734665114230532      0.0686640899653238      
0.0715255910923004      114.794346617098        0.0323887461780719      5.02916374548176        865.979349289461        31.0193371461785        5.02916374548178        0.0138055276073455      0.016179131782466       0.0725343359838311      0.0807042519055297      
0.0829590813961181      112.967708091387        0.0376490646379642      5.02953379441906        852.262358285544        30.7726855485969        5.02953379441909        0.016179131782466       0.0189266350887287      0.0686640899653238      0.080640100761427       
0.0942232182930011      111.103523924248        0.0428684673646587      5.02996003965129        838.26942840511         30.5190182673964        5.02996003965136        0.0189266350887287      0.0216287569683206      0.0807042519055297      0.091834029901499       
0.105303293937823       109.272211715985        0.048075177784301       5.03043932426249        824.53084629784         30.2678936296429        5.03043932426245        0.0216287569683206      0.0246567377713989      0.080640100761427       0.0848623341295108      
0.116198206507846       107.534386430586        0.053236762919707       5.03097684635732        811.504512479282        30.0278484166371        5.03097684635727        0.0246567377713989      0.02741095679875        0.091834029901499       0.0773757684026521      
0.1269287284396         105.938948860885        0.0583578785994705      5.03156529510126        799.558107731906        29.8060043863631        5.03156529510127        0.02741095679875        0.0298848793526913      0.0848623341295108      0.0753052773560331      
0.13750806597007        104.516928059837        0.0634458326979599      5.03219766262012        788.924761630422        29.6071455645127        5.03219766262009        0.0298848793526913      0.0322595371296679      0.0773757684026521      0.0788225137475598      
0.147939101317119       103.281464142866        0.0685080569528941      5.03287120369226        779.703460139707        29.4336062678872        5.03287120369228        0.0322595371296679      0.0347148121439696      0.0753052773560331      0.0801116665838131      
0.158255333289068       102.242181401543        0.0735353774248767      5.03358786413035        771.967505257529        29.2872271222177        5.03358786413035        0.0347148121439696      0.0371849068430349      0.0788225137475598      0.0733036803666876      
0.16848028661011        101.394990620474        0.0785467190303511      5.03434864918473        765.686601096423        29.1678399972836        5.03434864918474        0.0371849068430349      0.0394266485540728      0.0801116665838131      0.0720603699521457      
0.178633172352116       100.720433368084        0.0835571207177485      5.03514944299296        760.713650956976        29.0729666520669        5.03514944299295        0.0394266485540728      0.0416160194007671      0.0733036803666876      0.0664273920404125      
0.188724404399841       100.195264624771        0.0885634968757973      5.03598981749869        756.873498617901        28.9994923062437        5.03598981749864        0.0416160194007671      0.0436240610776196      0.0720603699521457      0.0642858750484928      
0.198776122705563       99.7956613786167        0.0935706041459412      5.03686696920744        753.986205702247        28.9441263606327        5.03686696920739        0.0436240610776196      0.0455600295351258      0.0664273920404125      0.0613823385932324      
0.208795578411672       99.4967996851443        0.098596967232737       5.03778015231578        751.864504009138        28.9033735825872        5.03778015231579        0.0455600295351258      0.0474033188521431      0.0642858750484928      0.0615773783955245      
0.218791977508989       99.2760473561217        0.103655752020151       5.03872793662026        750.33748987579         28.8740077246684        5.03872793662029        0.0474033188521431      0.0492484796683135      0.0613823385932324      0.0545200502283049      
0.228767822646677       99.1149951945409        0.108724818308717       5.03971078784351        749.266365778478        28.8533912079379        5.03971078784359        0.0492484796683135      0.0508795781417157      0.0615773783955245      0.0689083024188268      
0.238733705437809       98.9988314723333        0.113813073476099       5.04072488315529        748.538809808831        28.8393791312587        5.04072488315523        0.0508795781417157      0.0529387449825161      0.0545200502283049      0.0596158057674736      
0.248688662320768       98.9151644080334        0.118914604714066       5.04177899131231        748.062596751938        28.8302040065226        5.04177899131233        0.0529387449825161      0.0547186562375966      0.0689083024188268      0.0575316186631816      
0.258636558503215       98.8545527356106        0.124050391888526       5.04286767069463        747.765642137082        28.8244811485939        5.04286767069468        0.0547186562375966      0.0564352423751185      0.0596158057674736      0.0527369569280772      
0.268577699524834       98.8098218594418        0.129207009445069       5.04398993279419        747.593620080318        28.8211654494925        5.04398993279428        0.0564352423751185      0.0580079927342631      0.0575316186631816      0.0577005011804859      
0.278519197732786       98.775798859416         0.134398670640148       5.04514301730202        747.507047841017        28.8194966383873        5.04514301730193        0.0580079927342631      0.0597280336744095      0.0527369569280772      0.044584494627272       
0.288451116428287       98.7486508796239        0.139611273874648       5.04632972312655        747.477378078739        28.818924686523         5.04632972312647        0.0597280336744095      0.0610565961561054      0.0577005011804859      0.0435247562048518      
0.298382760319055       98.7256554131474        0.144882246360799       5.04754243214918        747.482902259399        28.8190311784765        5.04754243214919        0.0610565961561054      0.0623531759208743      0.044584494627272       0.0397158342010246      
0.308311649159024       98.705264027929         0.150192027550428       5.04878062260156        747.511836559467        28.8195889507171        5.04878062260154        0.0623531759208743      0.0635360883845198      0.0435247562048518      0.039016522152542       
0.318237620880237       98.6864818167608        0.155529277517523       5.05004207686523        747.556328388657        28.8204466074706        5.05004207686526        0.0635360883845198      0.0646979525514605      0.0397158342010246      0.0362235766529636      
0.328165064501874       98.6685336349808        0.160896538388619       5.05132641811197        747.610455880121        28.8214899738241        5.05132641811203        0.0646979525514605      0.0657764859297154      0.039016522152542       0.038487757651936       
0.33808689151499        98.6508631759443        0.166306951730766       5.05263192614905        747.669751237407        28.8226329130696        5.05263192614899        0.0657764859297154      0.0669223455488105      0.0362235766529636      0.037413460442433       
0.348011074589692       98.6334089202098        0.171736660192278       5.05396016199509        747.733978986767        28.8238708748065        5.053960161995          0.0669223455488105      0.0680361430420057      0.038487757651936       0.032144393149575       
0.357935719828732       98.6158491543286        0.177180044146431       5.05531047275658        747.800602514491        28.8251549579432        5.05531047275663        0.0680361430420057      0.0689929616025797      0.037413460442433       0.0340293778048549      
0.367856170747726       98.5985792922947        0.18264453953267        5.05667942088686        747.872110254043        28.8265331143615        5.05667942088685        0.0689929616025797      0.0700057999180613      0.032144393149575       0.0404794541285918      
0.377774327585622       98.5815504124742        0.188130842432092       5.05806841273763        747.948339330057        28.8280021917359        5.05806841273762        0.0700057999180613      0.0712106671297689      0.0340293778048549      0.046176598738551       
0.38769975653465        98.5647405481938        0.193641656984384       5.05948163141794        748.029741463593        28.8295708809855        5.059481631418          0.0712106671297689      0.0725851548121437      0.0404794541285918      0.03166621087394        
0.397621949235463       98.5482018979346        0.199163285373323       5.06092201847302        748.117147299273        28.8312551717224        5.06092201847311        0.0725851548121437      0.0735275681710318      0.046176598738551       0.0354286760946932      
0.407540334457699       98.5317688982841        0.204712142543167       5.0623805877397         748.207971219492        28.8330052239422        5.06238058773962        0.0735275681710318      0.074581549788531       0.03166621087394        0.0321719902081955      
0.417455450104709       98.5135678012701        0.210274935382902       5.06385947306842        748.288295304344        28.8345528702467        5.06385947306844        0.074581549788531       0.075538325143162       0.0354286760946932      0.0326874353313141      
0.427365042167171       98.4951411378762        0.215856868501658       5.06535684203948        748.369555605578        28.8361184706028        5.06535684203941        0.075538325143162       0.0765101595576723      0.0321719902081955      0.0186511563454914      
0.437276020951161       98.4780388348806        0.221462187160088       5.0668731798238         748.463600661156        28.8379302821274        5.06687317982376        0.0765101595576723      0.0770644398089313      0.0326874353313141      0.0422453659548755      
0.447182025159758       98.456990085879         0.227119506226835       5.06839967168355        748.529064339329        28.8391913960331        5.06839967168354        0.0770644398089313      0.0783191211845351      0.0186511563454914      0.0265937934671322      
0.457075023322532       98.4303690791889        0.232797259723938       5.06994971412544        748.555532361444        28.8397012690925        5.06994971412551        0.0783191211845351      0.0791085300764704      0.0422453659548755      0.0310817751400874      
0.466965756060253       98.4072592486987        0.238545834914751       5.07151483295712        748.610812425648        28.8407661407261        5.07151483295719        0.0791085300764704      0.0800309043719916      0.0265937934671322      0.0225934286741808      
0.476860194288244       98.3882681323101        0.244334206101766       5.07309815334505        748.700012059259        28.8424843293373        5.07309815334509        0.0800309043719916      0.0807013328063849      0.0310817751400874      0.0219670709355809      
0.486748309596066       98.3714261807423        0.250145957995384       5.07469450782845        748.807404249998        28.8445528123499        5.07469450782838        0.0807013328063849      0.0813532058050795      0.0225934286741808      0.0248507039378266      
0.496639675920101       98.3535301426253        0.255997434650116       5.07630397776071        748.908624434726        28.8465022804561        5.07630397776076        0.0813532058050795      0.0820908125782772      0.0219670709355809      0.0397643103463325      
0.506536289786047       98.3327990990239        0.261936453329814       5.07792870135063        748.990414243619        28.8480774295584        5.07792870135065        0.0820908125782772      0.0832713447047667      0.0248507039378266      0.0365932243923284      
0.516435262730048       98.3111496938899        0.267937261301183       5.07957699460793        749.068581447808        28.8495827323533        5.07957699460794        0.0832713447047667      0.0843577290197283      0.0397643103463325      0.0315104048309311      
0.52632918958298        98.2894100918262        0.273971639039064       5.08124646225703        749.149075959633        28.85113277113          5.08124646225696        0.0843577290197283      0.0852930385681971      0.0365932243923284      0.0320908906042203      
0.536223031318067       98.2676389310316        0.280033214760418       5.08293407988881        749.231896309124        28.8527275103744        5.08293407988883        0.0852930385681971      0.0862453429887686      0.0315104048309311      0.037989203455821       
0.546113645415708       98.2460056283479        0.286139182537563       5.08464012846045        749.318374018274        28.8543925794915        5.08464012846042        0.0862453429887686      0.0873723970650918      0.0320908906042203      0.0421316149325934      
0.556001258233581       98.224491083348         0.292296594861203       5.08636796296475        749.408856937286        28.8561346633276        5.08636796296473        0.0873723970650918      0.0886218460073962      0.037989203455821       0.033180602780444       
0.565886456639264       98.2027892254914        0.298491575136953       5.08811972783515        749.50132377999         28.8579148353521        5.08811972783513        0.0886218460073962      0.0896054472506992      0.0421316149325934      0.0468262601291746      
0.575761924348121       98.1808115583523        0.304720905998677       5.08989010364162        749.59431167754         28.8597049279891        5.08989010364154        0.0896054472506992      0.0909930999547947      0.033180602780444       0.0391193705607418      
0.58564070531455        98.1585669901156        0.310987699540861       5.09168755746689        749.689131303527        28.861530168558         5.09168755746692        0.0909930999547947      0.0921521703148675      0.0468262601291746      0.0391173094990452      
0.595515150992932       98.136145281691         0.317302431363718       5.09350774163619        749.785823589941        28.8633913382398        5.09350774163619        0.0921521703148675      0.0933110475063504      0.0391193705607418      0.0226627405311611      
0.605391359328265       98.1134854608835        0.323644228612308       5.09535054844551        749.88390292952         28.8652790838467        5.09535054844554        0.0933110475063504      0.0939822909423061      0.0391173094990452      0.033460929801291       
0.615262645560568       98.0908882856744        0.33002577686554        5.09720608633314        749.984209175345        28.8672095633195        5.09720608633317        0.0939822909423061      0.0949731248612774      0.0226627405311611      0.0224433570202102      
0.625130833401838       98.0677953572052        0.336435926771156       5.09908065827005        750.083397757665        28.8691184054608        5.09908065827011        0.0949731248612774      0.0956375389796997      0.033460929801291       0.0348937417573198      
0.634999011408588       98.0446873189336        0.342904850231345       5.10096799877759        750.184218696053        28.8710585322636        5.1009679987776         0.0956375389796997      0.0966702493038828      0.0224433570202102      0.0197184937722445      
0.644863080561336       98.0213292703762        0.349398599524187       5.10287507831698        750.285897415958        28.8730150335714        5.10287507831701        0.0966702493038828      0.0972536864494344      0.0348937417573198      0.030956487809301       
0.654722120020694       97.9978220609119        0.355943363804894       5.10479313483043        750.387913927316        28.874977901431         5.10479313483041        0.0972536864494344      0.0981694335908451      0.0197184937722445      0.0169574033287318      
0.664584369039588       97.9743177184706        0.36251998018426        5.10672905545648        750.492442472158        28.8769889641516        5.10672905545642        0.0981694335908451      0.0986709984950391      0.030956487809301       0.0159889227492293      
0.674441226687732       97.95129453121          0.369126799019239       5.10867457982057        750.601932648165        28.879095335326         5.10867457982057        0.0986709984950391      0.0991438185222814      0.0169574033287318      0.0010975502718739      
0.684299835728903       97.9291147457094        0.37577434400278        5.11062891979506        750.719048864027        28.8813482461534        5.11062891979501        0.0991438185222814      0.0991762638896983      0.0159889227492293      0.0169011601163568      
0.694150103413412       97.9093248439948        0.382473905029644       5.11258307796023        750.854336057879        28.8839504849989        5.11258307796021        0.0991762638896983      0.0996757416784465      0.0010975502718739      0.0142460081348068      
0.703998738416439       97.8903244144742        0.389198611140601       5.11454653374936        750.996929132474        28.8866929981508        5.11454653374933        0.0996757416784465      0.100096693344168       0.0169011601163568      0.0186681159839666      
0.713848064116199       97.8679186116429        0.39595369028832        5.11651836793427        751.114504811951        28.8889541522929        5.11651836793419        0.100096693344168       0.100648292277849       0.0142460081348068      0.00731778214168519     
0.723699365598671       97.842008550899         0.402739981783298       5.11850100526736        751.206628687731        28.8907257069679        5.11850100526738        0.100648292277849       0.100864486523936       0.0186681159839666      0.00660347853667705     
0.733544773705757       97.8169818654838        0.409570604575648       5.12048736700168        751.305929880663        28.8926351607822        5.12048736700173        0.100864486523936       0.101059522218789       0.00731778214168519     0.0206576505022126      
0.743389397622657       97.7941053616578        0.416438511474308       5.12247691989898        751.422071425892        28.8948682761392        5.12247691989901        0.101059522218789       0.101669304862667       0.00660347853667705     -0.00821780756132153    
0.75322862458965        97.7666183789282        0.423289312763711       5.1244771082946         751.504196757288        28.8964472394731        5.1244771082946         0.101669304862667       0.101426869298022       0.0206576505022126      0.0218103403703281      
0.763052494144101       97.7367873779712        0.430166425312794       5.12647109165845        751.567222627107        28.8976589329983        5.12647109165846        0.101426869298022       0.102069953228068       -0.00821780756132153    0.00313426512338964     
0.77288416971938        97.7110934037845        0.437052971757181       5.12847714684449        751.663664271744        28.899512957675         5.12847714684457        0.102069953228068       0.102162347322027       0.0218103403703281      0.0233163400167335      
0.782704406746281       97.6886451604881        0.443951929498526       5.13048473278318        751.785153843236        28.9018483423395        5.13048473278317        0.102162347322027       0.102849693858983       0.00313426512338964     -0.010365295209863      
0.792534132832236       97.6673958787199        0.450818133361578       5.1325060606151         751.917751908036        28.904397049354         5.13250606061513        0.102849693858983       0.102544104779484       0.0233163400167335      0.00151493654013626     
0.802360886970692       97.6442026304195        0.457690461539819       5.13452176649461        752.034425666848        28.9066394846668        5.13452176649453        0.102544104779484       0.102588774472293       -0.010365295209863      -0.0201449449840377     
0.812191582623253       97.6188090841357        0.464562247435067       5.13653845054413        752.134149535484        28.9085560102019        5.13653845054415        0.102588774472293       0.101994794307839       0.00151493654013626     0.000985316434409543    
0.822019318668548       97.5929965379601        0.471468008348245       5.13854332099566        752.228760804131        28.9103741626914        5.13854332099567        0.101994794307839       0.102023842054842       -0.0201449449840377     0.00943549365529945     
0.831846342645196       97.567968526263         0.478367735362884       5.14054823353808        752.32927238637         28.9123055767373        5.14054823353806        0.102023842054842       0.102301916818793       0.000985316434409543    0.0156066366962472      
0.841667382418184       97.5434985305237        0.485228971680953       5.14255782794105        752.43462289935         28.9143298364006        5.1425578279411         0.102301916818793       0.102761713836115       0.00943549365529945     0.00211003802429463     
0.851485800880037       97.5193705701399        0.492031653585631       5.14457582158463        752.54369395694         28.9164254352462        5.14457582158457        0.102761713836115       0.102823862497842       0.0156066366962472      -0.0216698103317697     
0.861303128306439       97.4954124115199        0.498794815171019       5.14659467374747        752.654055347912        28.9185456708995        5.14659467374744        0.102823862497842       0.10218576935049        0.00211003802429463     -0.0416111251010927     
0.871118219283978       97.4716664540645        0.505553233056427       5.14860040746046        752.76399243187         28.920657600328         5.14860040746043        0.10218576935049        0.100960957128755       -0.0216698103317697     -0.0354165372599002     
0.88092732509933        97.4480369904796        0.51234114506883        5.15058111207187        752.871028097467        28.9227136443443        5.1505811120719         0.100960957128755       0.0999188731915924      -0.0416111251010927     -0.00573393383838617    
0.890731063577097       97.4250118347847        0.519149560154706       5.15254067660638        752.97950459638         28.92479721616          5.15254067660638        0.0999188731915924      0.0997502011275743      -0.0354165372599002     0.0204078484192317      
0.900537591953969       97.4020010663424        0.525920676783649       5.15449678232421        753.087451632602        28.9268704692944        5.15449678232424        0.0997502011275743      0.100350450956191       -0.00573393383838617    0.0292652204685241      
0.910340882411511       97.3789555973025        0.532575695254469       5.1564644100068         753.196678231684        28.9289681467419        5.15646441000687        0.100350450956191       0.101211091949103       0.0204078484192317      -0.0110146952104479     
0.920142896995612       97.3557132889376        0.539079863077106       5.15844849268259        753.306648704038        28.931079956492         5.15844849268262        0.101211091949103       0.10088722092963        0.0292652204685241      -0.0507516288955265     
0.929942400209953       97.3325009229742        0.545506607707747       5.16042597164073        753.415748471492        28.933174893412         5.16042597164066        0.10088722092963        0.0993952184620237      -0.0110146952104479     -0.104410955615384      
0.93974315202465        97.3095305250923        0.551934339999659       5.16237385561116        753.522264426799        28.9352200695661        5.1623738556112         0.0993952184620237      0.0963265933485825      -0.0507516288955265     -0.0754683031795924     
0.949536867033318       97.2875422588989        0.55844064470968        5.16426086941636        753.627371353983        28.9372380497668        5.16426086941643        0.0963265933485825      0.0941091333516578      -0.104410955615384      -0.0501243664577359     
0.959328183606264       97.2660632720897        0.564949014323774       5.16610403756731        753.72990328233         28.939206456185         5.16610403756724        0.0941091333516578      0.0926365721957315      -0.0754683031795924     0.0445833466480208      
0.969122701980218       97.2450819386089        0.571396420528057       5.16791838358363        753.83196999545         28.9411657984388        5.16791838358369        0.0926365721957315      0.0939461758188401      -0.0501243664577359     0.043260327354871       
0.97891361705684        97.2242226076393        0.577575885946734       5.1697579775319         753.938550652771        28.9432116518762        5.16975797753198        0.0939461758188401      0.0952165782060007      0.0445833466480208      -0.0254928300369751     
0.988699989784579       97.2035681130574        0.583474152470373       5.17162172176041        754.050126429158        28.945353233467         5.17162172176046        0.0952165782060007      0.0944682679702177      0.043260327354871       -0.134873237357236      
0.998483802593811       97.1840593690402        0.589205701980373       5.17347000372821        754.168223979406        28.9476198211606        5.17347000372812        0.0944682679702177      0.0905109076327455      -0.0254928300369751     -0.172728601914828      
1.00826002241238        97.167666693398         0.594959104883795       5.17524005662533        754.299001320739        28.9501295587341        5.17524005662526        0.0905109076327455      0.0854438619822146      -0.134873237357236      -0.174543503723696      
1.01803624697966        97.1521326028067        0.600799898022528       5.17691093573133        754.421906551636        28.9524880249548        5.17691093573137        0.0854438619822146      0.0803233653480577      -0.172728601914828      -0.0466142665556558     
1.02781814881194        97.1339275799615        0.606714739616929       5.1784820835953         754.509455523111        28.9541679118935        5.1784820835953         0.0803233653480577      0.0789557993925556      -0.174543503723696      0.0577123057456909      
1.03759868922444        97.11482233403          0.612425050335183       5.18002636933216        754.586010814925        28.955636772578         5.18002636933224        0.0789557993925556      0.0806485654013375      -0.0466142665556558     0.0748217136723137      
1.04737343443077        97.0936805126309        0.617704336353014       5.1816030398527         754.651365142102        28.9568906622337        5.18160303985277        0.0806485654013375      0.0828422670976453      0.0577123057456909      -0.0223380911008219     
1.05714318207476        97.0709208577033        0.622500152126569       5.18322189447288        754.710183459438        28.9580191054306        5.18322189447293        0.0828422670976453      0.0821875304513355      0.0748217136723137      -0.186580387304744      
1.06691175949171        97.0512421591881        0.626984627765335       5.18482768066632        754.790950185013        28.9595685623367        5.18482768066626        0.0821875304513355      0.076719581671453       -0.0223380911008219     -0.325881240000543      
1.07668100845711        97.0344904374168        0.631459506499226       5.18632654851179        754.878830815333        28.9612544006899        5.18632654851187        0.076719581671453       0.0671698610788005      -0.186580387304744      -0.281491395712478      
1.08644786476918        97.020738309408         0.636174272537184       5.18763873751784        754.962810594699        28.9628653162536        5.1876387375179         0.0671698610788005      0.0589210441167113      -0.325881240000543      -0.112400258586344      
1.09621567048397        97.008055097791         0.641033493019565       5.18878981449031        755.031612322399        28.9641850168713        5.18878981449039        0.0589210441167113      0.055627111130552       -0.281491395712478      0.0993397854105007      
1.1059850484554         96.9952420795755        0.645698326950617       5.18987666005716        755.090014508074        28.9653051944731        5.18987666005719        0.055627111130552       0.0585385886289867      -0.112400258586344      0.159544357529851       
1.11575459715855        96.9813063291793        0.649753774600729       5.19102048538372        755.147921781065        28.966415836679         5.19102048538365        0.0585385886289867      0.0632143850733412      0.0993397854105007      0.0237463029988142      
1.12552548304491        96.9666510870089        0.653075287552185       5.19225555061964        755.21344849728         28.9676725659116        5.19225555061963        0.0632143850733412      0.0639102141112913      0.159544357529851       -0.184934440846544      
1.13528961144177        96.952400870843         0.655898874703109       5.1935038710483         755.284003845225        28.9690256777289        5.19350387104826        0.0639102141112913      0.0584921254691111      0.0237463029988142      -0.405110642121589      
1.14505528636533        96.9394979720869        0.658622090284074       5.19464621294118        755.34959403768         28.9702835110141        5.19464621294113        0.0584921254691111      0.0466264952981709      -0.184934440846544      -0.420750249327291      
1.15481948953006        96.929580362747         0.661690967635518       5.19555659287959        755.404680448082        28.9713398694503        5.19555659287954        0.0466264952981709      0.0343055868944016      -0.405110642121589      -0.264859278820386      
1.16457530609109        96.9223506490895        0.665157045848571       5.19622617784488        755.445683491589        28.9721261347598        5.19622617784488        0.0343055868944016      0.0265509656254566      -0.420750249327291      0.110652358515928       
1.17433596653559        96.9169801758503        0.668723643358258       5.19674440647804        755.47916193239         28.9727680941257        5.19674440647796        0.0265509656254566      0.0297907146426076      -0.264859278820386      0.361698327140506       
1.18409534778641        96.9112380219292        0.671663192902285       5.19732593277059        755.518935822413        28.9735307521732        5.19732593277056        0.0297907146426076      0.0403816302357833      0.110652358515928       0.327676741340948       
1.19385669976508        96.9032266024764        0.673529000589847       5.19811422473312        755.571060937304        28.97453021261          5.19811422473311        0.0403816302357833      0.0499753792286339      0.361698327140506       -0.00790486874574953    
1.20361672147261        96.8932695228369        0.674425062598775       5.19908963034094        755.635189239017        28.9757597779596        5.19908963034098        0.0499753792286339      0.0497439623396522      0.327676741340948       -0.482484168436138      
1.2133707720496         96.8836031863622        0.675014579152911       5.20006036128199        755.700876881364        28.9770191872679        5.20006036128206        0.0497439623396522      0.0356198555084811      -0.00790486874574953    -0.704715402820547      
1.22313174519973        96.8769907850403        0.676246245572214       5.20075554276909        755.750320188132        28.9779671127361        5.20075554276913        0.0356198555084811      0.0149913462026839      -0.482484168436138      -0.520575838855345      
1.23288911761288        96.8748951684997        0.678592020043569       5.20104809291939        755.776483151836        28.9784686956796        5.20104809291931        0.0149913462026839      -0.00024581034003659    -0.704715402820547      -0.0826738241945058     
1.24264260304906        96.8761037595085        0.681710380637915       5.20104329700267        755.785215147191        28.9786360990911        5.20104329700264        -0.00024581034003659    -0.00266559421138327    -0.520575838855345      0.496099597554241       
1.25239953669302        96.8779105153043        0.684719197401751       5.20099128162085        755.791751957614        28.9787614173939        5.20099128162089        -0.00266559421138327    0.0118579964452709      -0.0826738241945058     0.57084027959573        
1.26215941589401        96.8769227875434        0.686385459911816       5.20122275379847        755.817682680823        28.9792585343538        5.20122275379847        0.0118579964452709      0.0285726792436459      0.496099597554241       -0.0329218482459008     
1.27192341316735        96.8730673665884        0.68619729035424        5.20178056202652        755.868658217108        28.9802357596634        5.20178056202643        0.0285726792436459      0.0276087378698042      0.57084027959573        -1.41915916167571       
1.28168040624532        96.8705748055529        0.684289532510514       5.20231942240367        755.927509155504        28.9813639192021        5.20231942240375        0.0276087378698042      -0.0139369305263517     -0.0329218482459008     -3.74381138901331       
1.29143791801744        96.8784679631069        0.680591873107918       5.20204745222764        755.949581164796        28.9817870234393        5.2020474522276         -0.0139369305263517     -0.123532321888962      -1.41915916167571       -9.37361934587813       
1.30119460655108        96.9108844303988        0.672523421013624       5.19963653420754        755.852062869999        28.9799176225729        5.19963653420746        -0.123532321888962      -0.39803990712111       -3.74381138901331       -10.454012339566        
1.31095670896902        97.005105411478         0.650466023383297       5.19186360224309        755.455914026411        28.9723223099106        5.19186360224311        -0.39803990712111       -0.704499363324795      -9.37361934587813       -9.75648846542712       
1.32073185910311        97.1699391827323        0.611062606810035       5.17808668561404        754.731552486048        28.9584290643223        5.17808668561396        -0.704499363324795      -0.991044171427631      -10.454012339566        -8.14065815774954       
1.33053068162559        97.3960959034587        0.551526731251204       5.1586611893866         753.650189902421        28.9376761314999        5.15866118938669        -0.991044171427631      -1.23073275402928       -9.75648846542712       -9.8852953725598        
1.34035996600529        97.6740972314376        0.472100707231462       5.13446940810909        752.256996299233        28.9109167443571        5.13446940810916        -1.23073275402928       -1.52263151820998       -8.14065815774954       -6.9285484211241        
1.35021538442693        98.0193672157441        0.367928942087249       5.10445144416026        750.50265081012         28.8771853585745        5.10445144416028        -1.52263151820998       -1.72787480278091       -9.8852953725598        2.58159140516159        
1.36010432215864        98.4151148047177        0.247241897575323       5.07027323550993        748.487283845996        28.8383865291847        5.07027323550988        -1.72787480278091       -1.65112990167895       -6.9285484211241        9.84527040775805        
1.37003200641319        98.8005565137559        0.131362045879971       5.0374891087786         746.560091068965        28.8012362980975        5.03748910877857        -1.65112990167895       -1.35738577325302       2.58159140516159        7.54668489373619        
1.37999884185538        99.1219366125196        0.0410462776990131      5.01043945891441        744.966693671072        28.7704843675882        5.01043945891439        -1.35738577325302       -1.13148960151385       9.84527040775805        10.4647196044616        
1.38999299485156        99.3911448518761        -0.0261496697753683     4.98782561391726        743.618547133123        28.7444399866812        4.9878256139172         -1.13148960151385       -0.817422660733964      7.54668489373619        11.5614321563649        
1.40000966573757        99.5856268653554        -0.0665529917261971     4.97145142465969        742.627659833099        28.7252823181775        4.97145142465964        -0.817422660733964      -0.469780658843064      10.4647196044616        11.4463572579066        
1.41004513972256        99.6963761509124        -0.087027960016566      4.96202588628488        742.043998844432        28.7139919211761        4.96202588628489        -0.469780658843064      -0.125241871209083      11.5614321563649        11.7774631729412        
1.42008492158998        99.7240265317513        -0.0906767112117511     4.95951175245869        741.873722380084        28.7106972394937        4.95951175245874        -0.125241871209083      0.22928358360003        11.4463572579066        5.11088341829191        
1.43011833904525        99.6642531121072        -0.0806385671376566     4.96411218862066        742.116800465379        28.7154004453936        4.96411218862059        0.22928358360003        0.383012489371638       11.7774631729412        -0.513724963000222      
1.44014051029143        99.5664777915156        -0.0624988088659587     4.97178857660541        742.53521534504         28.7234943584717        4.97178857660537        0.383012489371638       0.367579445997496       5.11088341829191        -8.90329764189049       
1.45014702016682        99.4586310272414        -0.0389858664243063     4.97914518547949        742.828445750505        28.7291653154557        4.97914518547948        0.367579445997496       0.100474378041017       -0.513724963000222      -9.88694269723474       
1.46013914274363        99.3603669196519        -0.0211173779806313     4.98115330145707        742.393829573714        28.7207596149489        4.98115330145706        0.100474378041017       -0.195746070262456      -8.90329764189049       -4.94140722046951       
1.4701210855652         99.2436369823934        -0.0105964499332738     4.97724592468761        740.939981582691        28.6926235503655        4.97724592468761        -0.195746070262456      -0.343578473614578      -9.88694269723474       3.49727827442274        
1.48008799139625        99.0516956930415        -0.00560658105991343    4.97039839444746        738.489583859987        28.6451388906853        4.9703983944475         -0.343578473614578      -0.239058685435134      -4.94140722046951       8.00081002989364        
1.49003230246366        98.818319438091         -0.00300594897510791    4.96563835047833        736.044055097404        28.5976699730241        4.96563835047832        -0.239058685435134      -1.06989565723787e-12   3.49727827442274        8.00081002989364        
1.5                     98.818319438091         0.00300594897510791     4.96563835047833        736.044055097404        28.5976699730241        4.9656383504783         -1.06989565723787e-12   -1.06989565723787e-12   8.00081002989364        8.00081002989364        
