# xp[i]                    V[i]                   up[i]                    p[i]                    e[i]                   cs[i]                  dd1[i]             dd2_left[i]            dd2_right[i]             dd3_left[i]            dd3_right[i]
-1.5                    94.9596678317957        -0.004456157264209      5.29074619508001        753.611251900702        28.936928576565         5.29074619508001        -0.00126133001803953    -0.00126133001803953    -0.0382048350894866     -0.0382048350894866     
-1.49022626626084       94.9596678317957        0.004456157264209       5.29074619508001        753.611251900702        28.936928576565         5.29074619508001        -0.00126133001803953    -0.00126133001803953    -0.0382048350894866     -0.0382048350894866     
-1.480660388504         95.2630370418757        0.013186207486606       5.29072191187686        756.015356204084        28.9830478460941        5.29072191187686        -0.00126133001803953    -0.00236394326299796    -0.0382048350894866     -0.0421509179850313     
-1.47106175465486       95.5568177896456        0.0219208998381464      5.29067654600348        758.340322035609        29.0275792620973        5.29067654600348        -0.00236394326299796    -0.0035785897266457     -0.0382048350894866     -0.0470514662264892     
-1.46144337540027       95.7360186935347        0.0306560770189324      5.29060771414974        759.752578532997        29.0545957071051        5.29060771414974        -0.0035785897266457     -0.00493715509979909    -0.0421509179850313     -0.0450772335290182     
-1.45181006416014       95.8176949024922        0.0393697724425398      5.29051259728018        760.387082885976        29.0667255902686        5.29051259728018        -0.00493715509979909    -0.00624044297407561    -0.0470514662264892     -0.0477522541705844     
-1.44216402215332       95.839609370378         0.04806058522373        5.29039224106873        760.543688700158        29.0697186604923        5.29039224106873        -0.00624044297407561    -0.00762220403328438    -0.0450772335290182     -0.0487563622956357     
-1.43251644688141       95.8466829062407        0.0567092476206642      5.29024516026235        760.57867555791         29.0703872916507        5.29024516026235        -0.00762220403328438    -0.00903390530918512    -0.0477522541705844     -0.0550701804200351     
-1.4228649159275        95.8533048750972        0.0653178998691397      5.2900707391521         760.606145056166        29.0709122483505        5.2900707391521         -0.00903390530918512    -0.0106294850811062     -0.0487563622956357     -0.0565851005476656     
-1.41320077815027       95.8583271111498        0.0738752127602975      5.28986533479429        760.616462454964        29.0711094168719        5.28986533479428        -0.0106294850811062     -0.0122698189546377     -0.0550701804200351     -0.0545638186270141     
-1.4035325492644        95.8630558361367        0.0823594085246427      5.28962814740844        760.619877671124        29.0711746823612        5.28962814740845        -0.0122698189546377     -0.0138516578578751     -0.0565851005476656     -0.06283683090081       
-1.39387122376715       95.8677347102749        0.0907426598480867      5.2893604719306         760.618509765087        29.0711485414107        5.28936047193061        -0.0138516578578751     -0.0156730417823179     -0.0545638186270141     -0.0734341727146818     
-1.38421323134893       95.8724425946307        0.0990201434932295      5.28905765070969        760.612313996036        29.0710301387641        5.2890576507097         -0.0156730417823179     -0.0178016171417184     -0.06283683090081       -0.0641488215802981     
-1.37454823789492       95.8760510122468        0.107212397244954       5.2887136075727         760.591463443205        29.0706316761092        5.2887136075727         -0.0178016171417184     -0.0196612055798552     -0.0734341727146818     -0.0738635819100764     
-1.36488319662685       95.8799860840869        0.115283818819358       5.2883336121494         760.56802971134         29.0701838413202        5.28833361214941        -0.0196612055798552     -0.0218024547936182     -0.0641488215802981     -0.0828163209686345     
-1.3552239366203        95.88624922211          0.123219594926887       5.28791229662629        760.557114508452        29.0699752419046        5.28791229662628        -0.0218024547936182     -0.0242036019166531     -0.0738635819100764     -0.0843920213804843     
-1.34555904963122       95.8919395320243        0.131027628608333       5.28744440479935        760.534948715939        29.0695516289226        5.28744440479934        -0.0242036019166531     -0.0266513792486219     -0.0828163209686345     -0.0864793996565339     
-1.33588509216973       95.8960642990557        0.138701907665285       5.28692889331319        760.493509646545        29.0687596655957        5.28692889331319        -0.0266513792486219     -0.029160239260693      -0.0843920213804843     -0.0940604212686516     
-1.32621235504483       95.8962312707587        0.14620978699646        5.28636488620433        760.413704563602        29.0672344088973        5.28636488620432        -0.029160239260693      -0.0318885587019933     -0.0864793996565339     -0.0985871028374695     
-1.31654848900785       95.8932258960299        0.153544133738175       5.28574839480334        760.301197278682        29.0650840027588        5.28574839480334        -0.0318885587019933     -0.0347474930471812     -0.0940604212686516     -0.104360231096144      
-1.30688359193899       95.8937442474691        0.16069189516759        5.28507669904486        760.208689959698        29.063315746443         5.28507669904487        -0.0347474930471812     -0.0377740176767319     -0.0985871028374695     -0.10702770955805       
-1.29721571428341       95.8966389946516        0.167650526908955       5.28434628684528        760.126572288494        29.0617459957338        5.28434628684528        -0.0377740176767319     -0.0408786637000313     -0.104360231096144      -0.0968371699389404     
-1.28754363633135       95.9005401481427        0.17440536387984        5.28355563282834        760.0437586365          29.0601628548717        5.28355563282835        -0.0408786637000313     -0.0436884248286344     -0.10702770955805       -0.102809044832127      
-1.27787270203593       95.9062389773649        0.180943666102942       5.28271046545571        759.967338522333        29.0587018621566        5.2827104654557         -0.0436884248286344     -0.0466719413842537     -0.0968371699389404     -0.11583635408316       
-1.26819597131327       95.9137920197788        0.187280075998251       5.28180743455771        759.897269650034        29.0573622273452        5.28180743455771        -0.0466719413842537     -0.050033793917058      -0.102809044832127      -0.118144525207766      
-1.25852341675752       95.9230382459352        0.193396908190577       5.28083935079453        759.831232525355        29.0560996182931        5.28083935079452        -0.050033793917058      -0.0534624830023399     -0.11583635408316       -0.115468093713924      
-1.24884806066065       95.9332933823685        0.199262690067036       5.27980503888197        759.763628695158        29.0548069974882        5.27980503888196        -0.0534624830023399     -0.056813125641234      -0.118144525207766      -0.100382316272845      
-1.23917832796562       95.9440952972034        0.204908958455107       5.27870604840998        759.691014231856        29.0534185066798        5.27870604840998        -0.056813125641234      -0.059726280964731      -0.115468093713924      -0.103131105076289      
-1.22950524205148       95.9556325327805        0.210337295768707       5.27755046084072        759.616039040458        29.0519848057936        5.27755046084071        -0.059726280964731      -0.0627197850795882     -0.100382316272845      -0.119205991905691      
-1.21982502987033       95.9677971581334        0.21553130028369        5.27633653250815        759.537591134687        29.0504846227446        5.27633653250815        -0.0627197850795882     -0.0661807248253635     -0.103131105076289      -0.0970736913341354     
-1.21014895812196       95.9805705006659        0.220496338921785       5.27505549730493        759.454254081001        29.0488908581722        5.27505549730493        -0.0661807248253635     -0.0689994981560669     -0.119205991905691      -0.0967485314154644     
-1.20046807194279       95.9942049919376        0.225239438458403       5.27371971414584        759.369796964607        29.0472755839436        5.27371971414584        -0.0689994981560669     -0.0718091138028466     -0.0970736913341354     -0.0962021044045922     
-1.19078728200765       96.0088178910086        0.22977886959218        5.27232935205526        759.285162934339        29.0456568360599        5.27232935205527        -0.0718091138028466     -0.0746032114448609     -0.0967485314154644     -0.0779665078180544     
-1.18110591435557       96.0238465089245        0.234101726902441       5.27088479510448        759.195948797005        29.0439503893478        5.27088479510449        -0.0746032114448609     -0.0768678056460544     -0.0962021044045922     -0.0767412827766724     
-1.17142303833692       96.0398741602044        0.238242650191469       5.26939627679401        759.10823298532         29.0422725041604        5.26939627679402        -0.0768678056460544     -0.0790969667438936     -0.0779665078180544     -0.0890399814211874     
-1.16174085391876       96.0562840524017        0.242213602219108       5.26786451486136        759.017235283635        29.0405317383908        5.26786451486136        -0.0790969667438936     -0.0816838238235378     -0.0767412827766724     -0.0907229729836405     
-1.15205685544755       96.0733350038547        0.245985895510974       5.26628228054462        758.92395264544         29.0387471539788        5.26628228054463        -0.0816838238235378     -0.084320396545321      -0.0890399814211874     -0.126634538670379      
-1.14236658018721       96.0911851127039        0.249541511528055       5.26464826031687        758.829435803075        29.0369388462175        5.26464826031687        -0.084320396545321      -0.0880020016589358     -0.0907229729836405     -0.240683670578462      
-1.13267371591474       96.1101717077138        0.252830830633751       5.26294229393053        758.733431336178        29.0351019617477        5.26294229393052        -0.0880020016589358     -0.0950013728590267     -0.126634538670379      -0.528774284804697      
-1.12297863828591       96.1312545275767        0.255635525952666       5.26110025194996        758.634251122949        29.033204192651         5.26110025194995        -0.0950013728590267     -0.110381215710463      -0.240683670578462      -1.21406648112429       
-1.11328238705099       96.1558861032951        0.257423049817711       5.25895975416006        758.519902714241        29.0310160329382        5.25895975416007        -0.110381215710463      -0.14569885779934       -0.528774284804697      -2.8247745510062        
-1.10358623431789       96.1875035847232        0.256901949346839       5.25613396783766        758.361607309756        29.0279866356926        5.25613396783764        -0.14569885779934       -0.227890667703647      -1.21406648112429       -6.33680263658537       
-1.09388538161516       96.2358038299336        0.251057876927305       5.251712759883          758.104198396889        29.0230597666539        5.25171275988302        -0.227890667703647      -0.412345071152791      -2.8247745510062        -9.36067632751277       
-1.08418210762164       96.3229833265514        0.233274231248355       5.24370917024878        757.634566462738        29.014068741881         5.24370917024877        -0.412345071152791      -0.68502862043133       -6.33680263658537       -11.3962843140407       
-1.07446964507464       96.4700025024298        0.197844438344655       5.23039996183329        756.865046110149        28.999330377521         5.23039996183327        -0.68502862043133       -1.01747405742696       -9.36067632751277       -7.65930772958607       
-1.06474046501464       96.6920310446797        0.140623717264282       5.21059633494989        755.734713870403        28.9776679122696        5.21059633494988        -1.01747405742696       -1.24138792470945       -11.3962843140407       -10.2064689457028       
-1.05498424725475       96.9681170261853        0.0684021935428305      5.18637264066848        754.36918374262         28.9514763343123        5.18637264066849        -1.24138792470945       -1.54065413903001       -7.65930772958607       -4.41889655769429       
-1.04519907064615       97.3127715522423        -0.0241672833429806     5.15620889708574        752.647467716616        28.9184191153246        5.15620889708576        -1.54065413903001       -1.67068995305274       -10.2064689457028       7.84441183796838        
-1.03536858123106       97.6896438096004        -0.126265717867515      5.12336895216573        750.750132063354        28.8819461498654        5.12336895216573        -1.67068995305274       -1.4390339646766        -4.41889655769429       10.6903913805755        
-1.02550170332093       98.0173191942924        -0.213782673157547      5.09498615657144        749.095326598745        28.8500977583313        5.09498615657145        -1.4390339646766        -1.1223799326914        7.84441183796838        9.10817475413232        
-1.01561893578106       98.2715906636958        -0.280695921089368      5.07279474079397        747.767412432381        28.8245152687851        5.07279474079399        -1.1223799326914        -0.851959300271573      10.6903913805755        12.0243657550045        
-1.00570784815925       98.4650589011698        -0.329722408052437      5.05591311687762        746.746174278828        28.804825488465         5.05591311687761        -0.851959300271573      -0.494259075663515      9.10817475413232        7.74532197865808        
-0.995782672670674      98.5785710678791        -0.354717821328382      5.04610156915922        746.156223226648        28.793444918103         5.04610156915924        -0.494259075663515      -0.263529679998975      12.0243657550045        10.1507305590061        
-0.985842067537996      98.6397191228945        -0.36410396358892       5.04086486948498        745.844242293697        28.7874247679568        5.04086486948499        -0.263529679998975      0.0390591308605307      7.74532197865808        7.10197198368053        
-0.975905683716449      98.6307689473218        -0.352926212550633      5.04164123492443        745.891427635683        28.7883353622355        5.04164123492444        0.0390591308605307      0.250778144303782       10.1507305590061        1.86058138677042        
-0.965965717267758      98.572926118843         -0.327365174459265      5.04662490007597        746.190875137053        28.7941135021466        5.04662490007597        0.250778144303782       0.306224944398143       7.10197198368053        -3.78038829080466       
-0.956036424054362      98.502388623501         -0.29809843262346       5.05270732901659        746.555611385405        28.8011498880283        5.05270732901657        0.306224944398143       0.19361533652916        1.86058138677042        -5.87175231588568       
-0.946109741922906      98.4581866882995        -0.276536838750959      5.05655121530855        746.788295333696        28.8056378612416        5.05655121530854        0.19361533652916        0.0187699708420631      -3.78038829080466       -4.94008073734984       
-0.936185975715284      98.4546574683496        -0.266877162060011      5.05692378771416        746.816549044421        28.8061827669844        5.05692378771415        0.0187699708420631      -0.128315285136147      -5.87175231588568       -2.22542268639752       
-0.926261417286113      98.4851550138266        -0.267223887931046      5.05437690477099        746.671639447014        28.8033879073474        5.05437690477097        -0.128315285136147      -0.19457905298162       -4.94008073734984       1.50250681488581        
-0.916337035283898      98.5310261785587        -0.272105931421367      5.05051418954829        746.448518738348        28.799084066036         5.05051418954828        -0.19457905298162       -0.149832067003398      -2.22542268639752       4.30190632129535        
-0.906407058071411      98.5666765038577        -0.273988630976334      5.04753896182617        746.278709986406        28.7958081437483        5.04753896182617        -0.149832067003398      -0.0216878764190292     1.50250681488581        4.12265183752719        
-0.896477229412062      98.5726347813048        -0.267201832173578      5.04710822782374        746.260134064482        28.7954497575279        5.04710822782373        -0.0216878764190292     0.101121710959924       4.30190632129535        1.44380808739567        
-0.886545685703762      98.5499621088648        -0.252104383230893      5.04911641153335        746.385346559789        28.7978654023714        5.04911641153335        0.101121710959924       0.144126783004926       4.12265183752719        -0.95721491746081       
-0.876620450443977      98.5174629542144        -0.234134374337116      5.05197807450903        746.56209420142         28.8012749370853        5.05197807450903        0.144126783004926       0.115620821918496       1.44380808739567        -2.50179711908056       
-0.866692108053583      98.4915196702773        -0.218146176498906      5.05427334621416        746.704594046415        28.8040235238531        5.05427334621417        0.115620821918496       0.041125553418174       -0.95721491746081       -3.16613778968225       
-0.856770596358364      98.4829595705714        -0.207270392062423      5.05508968489884        746.760289595257        28.8050977277606        5.05508968489886        0.041125553418174       -0.0531527110879581     -2.50179711908056       -2.22806099243833       
-0.846842134813275      98.4963810400739        -0.202839821930265      5.05403449038634        746.706160432154        28.8040537353908        5.05403449038633        -0.0531527110879581     -0.11950873442748       -3.16613778968225       -0.419887459651542      
-0.836916310269913      98.5257344021916        -0.202969059144101      5.05166140862893        746.577975354562        28.8015812712999        5.05166140862894        -0.11950873442748       -0.132016890913462      -2.22806099243833       1.43012286633278        
-0.826982474155352      98.558567001834         -0.203992755716346      5.04903926748256        746.439112408606        28.7989026104315        5.04903926748255        -0.132016890913462      -0.0894055806184354     -0.419887459651542      2.4844437089086         
-0.817051642802074      98.5824252886017        -0.202176019381351      5.04726316047294        746.357165143852        28.7973217339517        5.04726316047293        -0.0894055806184354     -0.0153694337946927     1.43012286633278        1.94744534381983        
-0.807115684205653      98.5882627908557        -0.19537895484284       5.04695780739715        746.356203915046        28.7973031899988        5.04695780739716        -0.0153694337946927     0.0426595729503554      2.4844437089086         0.40447681176762        
-0.797183322162039      98.5784413053284        -0.184697850061774      5.04780520172467        746.407153198419        28.7982860832303        5.04780520172466        0.0426595729503554      0.0547089586549927      1.94744534381983        -1.14819501881246       
-0.787255790571826      98.563840956933         -0.173260779113495      5.04889149694242        746.457207770167        28.7992516833755        5.04889149694241        0.0547089586549927      0.0205190379597062      0.40447681176762        -1.84198543156836       
-0.777331430214336      98.5585320726433        -0.164207241344232      5.049298741482          746.477207935066        28.799637496466         5.04929874148202        0.0205190379597062      -0.034312475642502      -1.14819501881246       -1.53204919159692       
-0.767413371275081      98.56933944522          -0.158938259904061      5.04861792468866        746.458400921788        28.7992747000064        5.04861792468866        -0.034312475642502      -0.079917928205037      -1.84198543156836       -0.838606090871566      
-0.757490510981395      98.5950627462843        -0.156821292139066      5.04703184098288        746.418631566303        28.7985075146902        5.04703184098287        -0.079917928205037      -0.104890869266749      -1.53204919159692       0.0255673346349855      
-0.747561477107704      98.6241059138091        -0.156460843366349      5.04494885012744        746.330354587077        28.7968045022568        5.04494885012746        -0.104890869266749      -0.104129058446132      -0.838606090871566      1.05634592933758        
-0.737625109068113      98.6485433715801        -0.156108086364444      5.04287977368054        746.209116107384        28.7944654424998        5.04287977368058        -0.104129058446132      -0.0726381545275903     0.0255673346349855      1.48180329836789        
-0.727686263332026      98.6677576788708        -0.153672342264037      5.04143583866051        746.140754523794        28.7931464554365        5.04143583866047        -0.0726381545275903     -0.0284517294095493     1.05634592933758        0.944704265724639       
-0.717743392632807      98.6775480823926        -0.148283392208236      5.04087016841775        746.131062631711        28.7929594525334        5.04087016841773        -0.0284517294095493     -0.000282337243250064   1.48180329836789        0.040018021695348       
-0.707804474737743      98.6772841869187        -0.14103509327452       5.04086455630041        746.128236554732        28.7929049237777        5.04086455630044        -0.000282337243250064   0.000910687872758385    0.944704265724639       -0.783047189815971      
-0.697870473464202      98.6735839709774        -0.133773696971682      5.0408826528541         746.102936601364        28.7924167601541        5.04088265285413        0.000910687872758385    -0.0224316159002123     0.040018021695348       -1.13404251984685       
-0.687934790016124      98.6760992007573        -0.128183099029833      5.04043686676697        746.055972420378        28.7915105624399        5.04043686676698        -0.0224316159002123     -0.056244519859848      -0.783047189815971      -0.910084825148873      
-0.677993927764075      98.6890596251545        -0.12498515108718       5.03931864610985        745.988427504132        28.7902071989791        5.03931864610982        -0.056244519859848      -0.0833863954792106     -1.13404251984685       -0.276588293255165      
-0.668048505134648      98.7093056731752        -0.123720610850358      5.03766049228289        745.895954115644        28.7884227138396        5.03766049228284        -0.0833863954792106     -0.0916363111899846     -0.910084825148873      0.467935285913286       
-0.658109844411205      98.7319142041049        -0.123104815648031      5.03583837026409        745.796942877981        28.7865119433464        5.0358383702641         -0.0916363111899846     -0.0776779884650778     -0.276588293255165      0.915201190737827       
-0.648164029603333      98.7515808510704        -0.121624061681355      5.03429354468485        745.716669008951        28.784962683259         5.03429354468489        -0.0776779884650778     -0.0503720060166492     0.467935285913286       0.858408380308388       
-0.638219201926706      98.7647850985162        -0.118381677678997      5.03329145378765        745.667923157303        28.7840218631661        5.03329145378768        -0.0503720060166492     -0.024754104806021      0.915201190737827       0.342311595439154       
-0.628267060815119      98.7719479334277        -0.113480349904905      5.03279889245305        745.649025247179        28.7836571154763        5.03279889245307        -0.024754104806021      -0.0145376393549564     0.858408380308388       -0.31970319459238       
-0.618319834837384      98.776856914809         -0.107974296978776      5.03250963661507        745.643226447486        28.7835451921847        5.0325096366151         -0.0145376393549564     -0.024079812358324      0.342311595439154       -0.672478600519797      
-0.608372369060606      98.7839090676053        -0.103213377589285      5.03203051358951        745.625467019762        28.7832024127453        5.03203051358948        -0.024079812358324      -0.0441538319841197     -0.31970319459238       -0.592780028023289      
-0.598419945264258      98.7955224703288        -0.0999139107646228     5.0311517001211         745.58289126142         28.7823806300819        5.03115170012113        -0.0441538319841197     -0.0618534143398291     -0.672478600519797      -0.258474113544366      
-0.588465364017231      98.8115083097732        -0.0979184392174829     5.02992028175751        745.521014577568        28.7811862657529        5.02992028175751        -0.0618534143398291     -0.0695723805978666     -0.592780028023289      0.16713349063088        
-0.578509637819376      98.8292476215535        -0.0965625059709544     5.02853508922235        745.449509259639        28.7798059845912        5.02853508922232        -0.0695723805978666     -0.064580756929226      -0.258474113544366      0.490510251205134       
-0.568555486403624      98.8457623238538        -0.0949892114657606     5.02724922596542        745.383423198834        28.778530253546         5.02724922596539        -0.064580756929226      -0.0499295269353046     0.16713349063088        0.556010589819267       
-0.558597645325673      98.8590500935634        -0.0925266320855193     5.02625490805947        745.336178608304        28.7776182052091        5.02625490805946        -0.0499295269353046     -0.0333191787625657     0.490510251205134       0.339103298060022       
-0.548638625432736      98.8684422746171        -0.0890361457973702     5.02559125126961        745.308567782956        28.7770851698005        5.02559125126961        -0.0333191787625657     -0.0231862437955974     0.556010589819267       -0.0300858904250897     
-0.538678182924057      98.8759009042466        -0.0849662433747492     5.02512930877117        745.296281347624        28.776847973243         5.02512930877119        -0.0231862437955974     -0.0240854738991899     0.339103298060022       -0.32801440300921       
-0.528711832227266      98.8836722614459        -0.0810759744722097     5.02464930855191        745.283663183322        28.7766043704357        5.0246493085519         -0.0240854738991899     -0.0338910696665242     -0.0300858904250897     -0.389207047286287      
-0.518746908872751      98.8941712821775        -0.0779826376323429     5.02397384598521        745.262595063061        28.7761976305082        5.02397384598518        -0.0338910696665242     -0.0455261481821287     -0.32801440300921       -0.21377405679584       
-0.508782306760201      98.9072884457106        -0.0758117122386185     5.02306656998672        745.226841179524        28.7755073549157        5.02306656998673        -0.0455261481821287     -0.0519158197333666     -0.389207047286287      0.0658652679721819      
-0.498819076110546      98.921334395066         -0.0741988778963993     5.02203214346205        745.179181509269        28.7745871967546        5.02203214346209        -0.0519158197333666     -0.0499476035677546     -0.21377405679584       0.297133526102436       
-0.488859992497778      98.9322152110373        -0.0725640522041533     5.02103725999481        745.113508182665        28.7733192033999        5.02103725999482        -0.0499476035677546     -0.0410705131553171     0.0658652679721819      0.361127688729511       
-0.47890430525939       98.9403227875697        -0.0704299321763548     5.02021935696675        745.053185464043        28.7721544681281        5.02021935696679        -0.0410705131553171     -0.0302832166397163     0.297133526102436       0.243145135523707       
-0.46894555425497       98.9480192607979        -0.0676667350272298     5.01961630435853        745.021636148225        28.7715452824917        5.01961630435852        -0.0302832166397163     -0.0230202572832923     0.361127688729511       0.0137812530500565      
-0.458991230101754      98.9583255400301        -0.064525259702238      5.01915788674361        745.031190139775        28.771729761845         5.0191578867436         -0.0230202572832923     -0.0226085159044156     0.243145135523707       -0.188067223817017      
-0.449031306087531      98.9721985243708        -0.0614719656261824     5.01870751648706        745.068774986264        28.7724554814007        5.01870751648706        -0.0226085159044156     -0.0282297071343059     0.0137812530500565      -0.241538662581179      
-0.439064715748772      98.9821466269491        -0.0589149397276555     5.01814483796551        745.060122220154        28.7722884081996        5.0181448379655         -0.0282297071343059     -0.0354523401000032     -0.188067223817017      -0.131244921386034      
-0.429093537125407      98.9898661206611        -0.0569559873387425     5.01743794175592        745.013265184715        28.7713836454194        5.01743794175588        -0.0354523401000032     -0.0393781927411415     -0.241538662581179      0.0513515619637811      
-0.41912380772504       99.0000812295669        -0.0553695904494171     5.01665260154138        744.973522579673        28.7706162329182        5.01665260154137        -0.0393781927411415     -0.0378418123486431     -0.131244921386034      0.193060702379107       
-0.409147382800785      99.0099547091347        -0.0537836059285159     5.01589771755841        744.935708761665        28.7698860454559        5.01589771755843        -0.0378418123486431     -0.0320640463965687     0.0513515619637811      0.226695040330468       
-0.399173142310333      99.0170512939564        -0.0519101658929287     5.01525790768783        744.89407424692         28.7690820586368        5.01525790768781        -0.0320640463965687     -0.0252779878549233     0.193060702379107       0.150933423760214       
-0.38918980564966       99.0227959009851        -0.0496673638097256     5.01475337387098        744.862349751904        28.7684694250089        5.01475337387098        -0.0252779878549233     -0.0207599021122621     0.226695040330468       0.0106944234933363      
-0.37921189208309       99.0278943167376        -0.0472166300790872     5.01433909949578        744.83916361973         28.7680216679665        5.01433909949582        -0.0207599021122621     -0.0204398534539849     0.150933423760214       -0.0951970378060787     
-0.369240041564297      99.033477015116         -0.0448541505680727     5.01393140492584        744.820590817638        28.767662995833         5.01393140492583        -0.0204398534539849     -0.0232882208314477     0.0106944234933363      -0.122728509582702      
-0.359269533565144      99.0401230360464        -0.042795394484079      5.01346690099934        744.801568068181        28.7672956298213        5.0134669009993         -0.0232882208314477     -0.0269605180306943     -0.0951970378060787     -0.068463418791379      
-0.349290651383037      99.0481798468393        -0.0410858047957705     5.01292901329998        744.782241703163        28.7669223956027        5.01292901329994        -0.0269605180306943     -0.0290092689418275     -0.122728509582702      0.0424470632388072      
-0.339317042132484      99.0569801243281        -0.0396168874095968     5.01235027669858        744.762422602652        28.7665396405587        5.0123502766986         -0.0290092689418275     -0.0277390346867791     -0.068463418791379      0.137600661432779       
-0.329343026580221      99.0660546698029        -0.0381625421707448     5.01179691366402        744.748420564483        28.7662692240695        5.01179691366402        -0.0277390346867791     -0.0236211313811421     0.0424470632388072      0.152037950168816       
-0.319366880957625      99.0746049783592        -0.0365310342520236     5.0113256091047         744.742657709974        28.7661579273279        5.01132560910474        -0.0236211313811421     -0.0190706968019147     0.137600661432779       0.0802580458211039      
-0.309387854545064      99.0831147960455        -0.0346951749838026     5.01094506257214        744.750067307269        28.7663010271716        5.01094506257216        -0.0190706968019147     -0.0166683217688157     0.152037950168816       -0.014416020090194      
-0.299413020141744      99.0928131554123        -0.0328064214428996     5.01061243703724        744.773523026274        28.7667540173698        5.01061243703724        -0.0166683217688157     -0.0170998794062386     0.0802580458211039      -0.0633784595301971     
-0.289430614587669      99.1054971345559        -0.0310580611716703     5.01027113975747        744.818118126874        28.7676152436666        5.01027113975745        -0.0170998794062386     -0.0189974559479873     -0.014416020090194      -0.0502018988633907     
-0.279452168084373      99.1231074816866        -0.0295561640185319     5.00989191668724        744.894082394134        28.7690822159665        5.00989191668727        -0.0189974559479873     -0.0205008264708103     -0.0633784595301971     0.0045738359485654      
-0.269467903067141      99.1484752278841        -0.0282620509922992     5.00948259593146        745.02384160084         28.7715878679884        5.00948259593144        -0.0205008264708103     -0.0203638185463927     -0.0502018988633907     0.0616420248310105      
-0.259482757218656      99.1848753517427        -0.0270487693998744     5.00907586219228        745.236847528447        28.7757005422679        5.00907586219225        -0.0203638185463927     -0.018516473960203      0.0045738359485654      0.0916047571351922      
-0.249490607643801      99.2372540694736        -0.0257949693666171     5.00870582510109        745.575318787213        28.782234466328         5.00870582510111        -0.018516473960203      -0.0157696435339475     0.0616420248310105      0.0705521070495453      
-0.239491634039775      99.3122546896198        -0.0244441841677203     5.00839047911762        746.091826270793        28.792202383261         5.00839047911758        -0.0157696435339475     -0.0136524739661401     0.0916047571351922      0.0248084819821196      
-0.229487677330119      99.4199943820656        -0.0230341971887994     5.00811725170751        746.860483544229        28.8070300745462        5.00811725170751        -0.0136524739661401     -0.0129071973387755     0.0705521070495453      -0.00798242814646182    
-0.219468498639011      99.5729751766239        -0.0216526697325422     5.00785859486489        747.971069331786        28.8284402270433        5.00785859486487        -0.0129071973387755     -0.0131473628321565     0.0248084819821196      -0.0239533209399084     
-0.209431338333002      99.7859693746217        -0.0203756662207144     5.00759465887378        749.531530906347        28.8584963592728        5.00759465887375        -0.0131473628321565     -0.0138695070358441     -0.00798242814646182    -0.0147380711246617     
-0.19937442960512       100.078034043763        -0.0192375216970993     5.0073156070418         751.683452684092        28.8998933616658        5.00731560704183        -0.0138695070358441     -0.0143150447805422     -0.0239533209399084     0.0137058474983862      
-0.189285789448543      100.471969811598        -0.0181997313622243     5.00702668130055        754.59875035424         28.955881197939         5.00702668130058        -0.0143150447805422     -0.0138991468508813     -0.0147380711246617     0.046496437853324       
-0.179153253036927      100.992095366768        -0.017185753366334      5.00674492075804        758.462490771413        29.0299173415483        5.00674492075803        -0.0138991468508813     -0.0124811690733856     0.0137058474983862      0.0603921610093395      
-0.16896339228986       101.661723556589        -0.0161274438797149     5.00649048097252        763.452676897987        29.1252596916984        5.00649048097254        -0.0124811690733856     -0.0106277954991624     0.046496437853324       0.050596341130986       
-0.15870386287402       102.504534444869        -0.0150050495079875     5.00627231595302        769.748419576501        29.2451025259216        5.00627231595304        -0.0106277954991624     -0.00906254825562798    0.0603921610093395      0.0288212655492901      
-0.148357227796262      103.540446623297        -0.0138502578204363     5.00608461896158        777.498355921951        29.3919557385265        5.00608461896158        -0.00906254825562798    -0.00816171949698516    0.050596341130986       0.00733947118798468     
-0.137887463608707      104.773532715821        -0.0127191016578637     5.00591360959285        786.730880020877        29.5659503863045        5.00591360959285        -0.00816171949698516    -0.00792948939379752    0.0288212655492901      0.00617847094325898     
-0.127268396481127      106.193518860318        -0.0116641179210706     5.00574524227987        797.366552693988        29.765127856716         5.00574524227984        -0.00792948939379752    -0.00773130518447571    0.00733947118798468     0.0213553699433007      
-0.11651017771363       107.787567592636        -0.0106814227390277     5.00557877055626        809.308740107394        29.9871961585717        5.00557877055625        -0.00773130518447571    -0.00703610657529983    0.00617847094325898     0.0359607900466965      
-0.105581356335136      109.525300908663        -0.00970814732577238    5.00542492492585        822.331006617335        30.227489450229         5.00542492492588        -0.00703610657529983    -0.00584687603538267    0.0213553699433007      0.0433839824570787      
-0.0944668881037727     111.357485871559        -0.00868521419415312    5.00529496828025        836.06559556988         30.47887420584          5.00529496828027        -0.00584687603538267    -0.00438892442406946    0.0359607900466965      0.0425945322276902      
-0.0831712849277786     113.221936668317        -0.00759729689328517    5.00519584831469        850.046951025613        30.7326636048794        5.0051958483147         -0.00438892442406946    -0.0029348215022482     0.0433839824570787      0.0288609434550862      
-0.0717087333153277     115.048865520288        -0.00647388381642104    5.00512854341515        863.751541054687        30.9794114615692        5.00512854341517        -0.0029348215022482     -0.00193433362398556    0.0425945322276902      0.00956006970203757     
-0.0600630049256345     116.759477230082        -0.00535866384232995    5.00508349911226        876.586399273889        31.2087309591739        5.00508349911227        -0.00193433362398556    -0.00159809550010317    0.0288609434550862      3.41952978717431e-05    
-0.0482435553109569     118.262319597464        -0.00428477425064284    5.00504575696206        887.862481364669        31.4088183187933        5.00504575696206        -0.00159809550010317    -0.00159687758559128    0.00956006970203757     0.00141189104223247     
-0.0362942720565464     119.436130372197        -0.00325263740381502    5.005007617388          896.668113456291        31.5641870454527        5.00500761738802        -0.00159687758559128    -0.00154609353252028    3.41952978717431e-05    0.00949333624274242     
-0.0242446015690612     120.181053626057        -0.00221864121289054    5.00497038057201        902.253920556527        31.6623491891224        5.00497038057198        -0.00154609353252028    -0.00120230477744329    0.00141189104223247     0.0198858952204789      
-0.0121243210567745     120.49126497997         -0.0011362631941014     5.00494126770541        904.577556744423        31.7030940786616        5.00494126770541        -0.00120230477744329    -0.000479403083194035   0.00949333624274242     0.0239558163481718      
1.38777587686248e-05    120.540390379997        -8.31500420701355e-06   5.00492963378685        904.944257821623        31.7095193877454        5.00492963378685        -0.000479403083194035   0.000392521812601545    0.0198858952204789      0.0196166702015292      
0.0121522172614198      120.49123973806         0.00112036381959244     5.00493915949483        904.576986211646        31.703084080814         5.00493915949485        0.000392521812601545    0.00110566588888014     0.0239558163481718      0.0120011360304802      
0.0242732815695711      120.181039699305        0.00220709891920106     5.00496593398256        902.253014408436        31.6623332896157        5.00496593398256        0.00110566588888014     0.00154029796105515     0.0196166702015292      0.00510266483748665     
0.0363242392213535      119.436077557644        0.00324443830546543     5.005003033921          896.666895803452        31.5641656137577        5.00500303392103        0.00154029796105515     0.00172384338598168     0.0120011360304802      -0.000869449286951947   
0.048273677431578       118.262164414218        0.00427290716807684     5.00504420704599        887.861041371152        31.4087928483437        5.00504420704601        0.00172384338598168     0.00169287610666274     0.00510266483748665     0.00718263579491737     
0.060092828999252       116.759308197008        0.00534751189364603     5.00508418756857        876.585250812436        31.208710515076         5.00508418756857        0.00169287610666274     0.0019454893616411      -0.000869449286951947   0.028103457683774       
0.0717389311744093      115.048747724963        0.00647013658111401     5.00512948964763        863.750819977866        30.9793985304547        5.0051294896477         0.0019454893616411      0.00291969222473279     0.00718263579491737     0.0428396609909841      
0.0831989726896561      113.221890339091        0.00759595203059664     5.00519644475588        850.046704490639        30.7326591482568        5.00519644475586        0.00291969222473279     0.00438218638766718     0.028103457683774       0.0444325944507176      
0.0944972848382545      111.357344464556        0.00868518143299415     5.00529541957972        836.064609277508        30.4788562281298        5.00529541957972        0.00438218638766718     0.00587535843717786     0.0428396609909841      0.0349712731138072      
0.105612054060513       109.525247102617        0.00971414587749916     5.00542600620297        822.330780274869        30.2274852902466        5.0054260062029         0.00587535843717786     0.00703177516068561     0.0444325944507176      0.0195132198102926      
0.116536512064872       107.787579952608        0.0106969262722933      5.00557972838807        809.308987774177        29.9872007469516        5.00557972838802        0.00703177516068561     0.00766691970178178     0.0349712731138072      0.00854351732398165     
0.127294982790225       106.193585779777        0.011687847209376       5.00574479590241        797.366984063003        29.7651359080646        5.00574479590243        0.00766691970178178     0.00794093260926085     0.0195132198102926      0.0103555009288224      
0.137913252884271       104.773554569569        0.0127396402575613      5.00591339100682        786.731009764785        29.5659528242422        5.00591339100686        0.00794093260926085     0.00826858385389061     0.00854351732398165     0.0269357916137564      
0.148380535188501       103.540466543146        0.0138592907066647      5.00608663386438        777.498818438585        29.3919644808385        5.00608663386432        0.00826858385389061     0.00911045707844835     0.0103555009288224      0.0476060919677664      
0.158731576776638       102.504522701213        0.0150109496968884      5.00627533001858        769.74879482162         29.2451096542771        5.00627533001862        0.00911045707844835     0.0105831654320177      0.0269357916137564      0.0599499974739218      
0.168986291926633       101.661745445395        0.0161358459174815      5.00649256144804        763.453158534291        29.1252688787644        5.00649256144812        0.0105831654320177      0.0124228059020623      0.0476060919677664      0.0486088483331212      
0.179178080043953       100.992122232782        0.0171929308205308      5.00674578008859        758.462822716761        29.0299236941004        5.00674578008852        0.0124228059020623      0.0139049656486817      0.0599499974739218      0.0178445838729097      
0.189306527252646       100.471981256081        0.0181964584836226      5.0070276102577         754.59897630974         28.9558855331835        5.00702761025762        0.0139049656486817      0.014446364667085       0.0486088483331212      -0.0160726138807266     
0.199394466846315       100.078068258896        0.0192232053631018      5.00731913161762        751.684238772155        28.8999084729838        5.00731913161766        0.014446364667085       0.013960559024003       0.0178445838729097      -0.0300645770065899     
0.209449271172717       99.7860667581096        0.0203617857396858      5.00759998294118        749.533059293515        28.8585257822732        5.00759998294126        0.013960559024003       0.0130542221816348      -0.0160726138807266     -0.0115298439037048     
0.21948669104189        99.5730700768295        0.02165007572941        5.00786204598311        747.972297659656        28.8284638982543        5.00786204598309        0.0130542221816348      0.0127073101070536      -0.0300645770065899     0.0311915786866416      
0.2295069752054         99.4201093224448        0.0230461155803128      5.00811672681667        746.861268719517        28.8070452169742        5.00811672681665        0.0127073101070536      0.0136444066681545      -0.0115298439037048     0.0760002716612712      
0.239513132498857       99.3123952864457        0.0244623453574725      5.00838981147402        746.092783058572        28.7922208448079        5.00838981147401        0.0136444066681545      0.0159250379136825      0.0311915786866416      0.0861238784633438      
0.249509340277796       99.2372654554044        0.025806064612853       5.0087082322546         745.575762649378        28.7822430337676        5.00870823225467        0.0159250379136825      0.0185074529614645      0.0760002716612712      0.0574139825832655      
0.259500723165878       99.1849562206584        0.027051455134201       5.00907807978606        745.237785074159        28.7757186429068        5.00907807978607        0.0185074529614645      0.0202280684580548      0.0861238784633438      0.00146437419655337     
0.269489165134849       99.1484835792866        0.0282613774753269      5.00948213108587        745.023835222045        28.7715877448192        5.00948213108591        0.0202280684580548      0.0202719350896799      0.0574139825832655      -0.0517295882720406     
0.279470466472231       99.1232006173318        0.0295652269159137      5.00988688007728        744.894033426058        28.7690812703511        5.0098868800772         0.0202719350896799      0.0187228249723454      0.00146437419655337     -0.0538430029534453     
0.289451375980291       99.1057104744479        0.0310874312316109      5.01026061453229        744.81815679805         28.7676159904781        5.01026061453231        0.0187228249723454      0.0171107928332723      -0.0517295882720406     -0.000681435609766256   
0.299431125777474       99.0929748486831        0.0328387739501365      5.01060211834496        744.773204534873        28.7667478665303        5.01060211834488        0.0171107928332723      0.0170903949327708      -0.0538430029534453     0.0767891213428807      
0.309407489194148       99.0831583492265        0.0347091314008004      5.01094312961009        744.750107385188        28.7663018011853        5.01094312961001        0.0170903949327708      0.0193886471286811      -0.000681435609766256   0.136257197939576       
0.319381786686169       99.0746097862247        0.036531072622974       5.01132995913334        744.743340316729        28.7661711103845        5.01132995913337        0.0193886471286811      0.0234662683879617      0.0767891213428807      0.127270882931307       
0.329359511622949       99.0660712615975        0.038174054424659       5.01179812489376        744.7487252842          28.7662751090424        5.01179812489372        0.0234662683879617      0.0272747819068861      0.136257197939576       0.0535392868367144      
0.339330932403441       99.0571418560099        0.0396504265838055      5.01234221471373        744.762440690646        28.7665399898842        5.01234221471378        0.0272747819068861      0.0288770370459831      0.127270882931307       -0.0494080097364774     
0.34930728034612        99.0484251288285        0.0411194582342395      5.01291837354826        744.782505298985        28.7669274862449        5.01291837354818        0.0288770370459831      0.0273983327625652      0.0535392868367144      -0.121805371883479      
0.359287453963505       99.0401983557467        0.042797624886357       5.01346509489776        744.80186617243         28.7673013868259        5.01346509489768        0.0273983327625652      0.0237530405323757      -0.0494080097364774     -0.0996908098724645     
0.369259855024848       99.0334618264314        0.0448319331016218      5.01393894256804        744.821596303305        28.7676824135716        5.01393894256797        0.0237530405323757      0.0207696649383461      -0.121805371883479      0.00532211785438939     
0.379232733173385       99.0277668345801        0.0471782598475433      5.01435329733617        744.840313732221        28.7680438784314        5.01435329733613        0.0207696649383461      0.0209289581541825      -0.0996908098724645     0.135040566804993       
0.389214571254715       99.0226631812565        0.049616925274258       5.01477099285994        744.863968435657        28.7685006838239        5.01477099285999        0.0209289581541825      0.0249715461858262      0.00532211785438939     0.221731642975911       
0.399193575165123       99.0169470536305        0.0518788722051059      5.01526939352689        744.894995997818        28.7690998584287        5.01526939352692        0.0249715461858262      0.0316085413028881      0.135040566804993       0.200644612965919       
0.409171214806101       99.0100333191048        0.0537997014611789      5.01590005145251        744.936646829419        28.7699041598338        5.01590005145258        0.0316085413028881      0.0376125148669627      0.221731642975911       0.0606416338463031      
0.419141204298329       99.0001668072292        0.0554182145280697      5.01665023685728        744.973815393594        28.7706218871032        5.01665023685721        0.0376125148669627      0.0394267159543911      0.200644612965919       -0.126563884394504      
0.429113787499755       98.9899647543469        0.0570077013096041      5.01743652162522        745.013796649279        28.7713939076314        5.01743652162515        0.0394267159543911      0.0356407572828648      0.0606416338463031      -0.238244473255306      
0.439084518567903       98.9821846943787        0.0589480985537277      5.01814727438184        745.060770504684        28.7723009257299        5.01814727438188        0.0356407572828648      0.0285162758130311      -0.126563884394504      -0.195454348157212      
0.449054741181293       98.972133719896         0.0614849331774158      5.01871567281183        745.069498007505        28.7724694419182        5.01871567281187        0.0285162758130311      0.0226744734235191      -0.238244473255306      0.000446950878761735    
0.459008407947677       98.9582445359953        0.0645287881655725      5.0191672994505         745.031977479141        28.7717449646377        5.01916729945046        0.0226744734235191      0.0226878258388884      -0.195454348157212      0.23910464417724        
0.468966541050567       98.9480496851746        0.0676855783822248      5.01961907109017        745.022275870321        28.7715576350117        5.01961907109023        0.0226878258388884      0.0298293591683825      0.000446950878761735    0.376278447657074       
0.478921635207595       98.9403825141201        0.0704685493938226      5.02021303076291        745.052696349078        28.7721450239073        5.02021303076288        0.0298293591683825      0.0410676899224619      0.23910464417724        0.313985856184592       
0.488877144352712       98.9323131620244        0.0726038902876487      5.02103070677668        745.113273418457        28.7733146705696        5.02103070677674        0.0410676899224619      0.0504472167182519      0.376278447657074       0.062525194113707       
0.498831923482556       98.9213275814337        0.0742136092548392      5.02203547147688        745.179623999316        28.7745957399794        5.02203547147691        0.0504472167182519      0.0523157082939462      0.313985856184592       -0.237126413747486      
0.508801152815152       98.9072357384149        0.0758143561741247      5.02307805421082        745.228147860432        28.7755325823951        5.02307805421089        0.0523157082939462      0.0452273796258305      0.062525194113707       -0.395298998565398      
0.518765264484793       98.8942013625973        0.0780117583066886      5.02397946352473        745.263655061052        28.7762180949063        5.02397946352473        0.0452273796258305      0.0334100872310495      -0.237126413747486      -0.310625340524321      
0.528729033988375       98.8838533543488        0.0811366342267531      5.02464525628477        745.284427020131        28.7766191169176        5.02464525628484        0.0334100872310495      0.0241253324760471      -0.395298998565398      -0.0103239703986279     
0.538693176294837       98.8760753278886        0.0850183776025718      5.02512599177823        745.297104142792        28.7768638578284        5.02512599177822        0.0241253324760471      0.0238167801581392      -0.310625340524321      0.346750803124203       
0.548654292604634       98.8685076087317        0.0890387327450542      5.02560049411191        745.310431035823        28.7771211407763        5.02560049411182        0.0238167801581392      0.0341784523181108      -0.0103239703986279     0.551390676272793       
0.558613969952924       98.8588562595642        0.0924629760638632      5.0262813137468         745.338632873742        28.7776655850745        5.02628131374671        0.0341784523181108      0.0506504061855295      0.346750803124203       0.47491173244185        
0.568572613284083       98.8454767326936        0.094874582712148       5.02728991908683        745.387303088404        28.7786051528331        5.02728991908689        0.0506504061855295      0.064833314246492       0.551390676272793       0.147184649268137       
0.578521799393121       98.8288673064827        0.0964304476228877      5.02858043548143        745.453362897255        28.7798803738008        5.02858043548137        0.064833314246492       0.0692278558428285      0.47491173244185        -0.285761485137429      
0.588475069943799       98.8112669188455        0.0978027733678963      5.02995830669307        745.524829249969        28.7812598992618        5.02995830669301        0.0692278558428285      0.0606961745980885      0.147184649268137       -0.616147479240808      
0.598426186232106       98.7955615020663        0.099855806956318       5.0311664472891         745.585371255424        28.7824284987178        5.03116644728919        0.0606961745980885      0.0423002066088907      -0.285761485137429      -0.66404544548547       
0.608380130872226       98.7842148399825        0.103259830896482       5.03200840087698        745.624498423242        28.7831837174888        5.03200840087706        0.0423002066088907      0.0224771903972718      -0.616147479240808      -0.261655582423925      
0.618329611142076       98.7776935284338        0.10811667969945        5.03245568272643        745.641547685664        28.7835127901309        5.03245568272644        0.0224771903972718      0.0146673167025451      -0.66404544548547       0.408525514391709       
0.628275438942472       98.7727141669479        0.113612066879825       5.03274750663658        745.647196421152        28.7836218171444        5.03274750663659        0.0146673167025451      0.0268596202068992      -0.261655582423925      0.868583159863799       
0.638226709012305       98.7649717535917        0.118378667221519       5.03328193255652        745.667921845211        28.7840218378417        5.03328193255657        0.0268596202068992      0.0527802114204018      0.408525514391709       0.876195937063618       
0.648172345296277       98.7513007621578        0.121464422130372       5.03433193331778        745.720240325399        28.7850316103005        5.03433193331776        0.0527802114204018      0.0789240194047228      0.868583159863799       0.429809701195603       
0.658117470533827       98.7314490295138        0.122855321107849       5.03590168491289        745.802805782429        28.7866250922664        5.03590168491288        0.0789240194047228      0.0917460718404161      0.876195937063618       -0.310645272125433      
0.668060388933461       98.7087021037112        0.123456735316774       5.03772619758484        745.901121776196        28.7885224385652        5.0377261975848         0.0917460718404161      0.0824799369093221      0.429809701195603       -0.9373242579382        
0.678002523124382       98.6886836927927        0.124778113256964       5.03936628201185        745.992637526388        28.7902884383372        5.03936628201185        0.0824799369093221      0.0545254704422747      -0.310645272125433      -1.13803085675195       
0.687944630270817       98.6761956871816        0.128098325407388       5.04045031172096        746.058691966339        28.7915630382378        5.0404503117209         0.0545254704422747      0.020592839930894       -0.9373242579382        -0.760019421435996      
0.697880605715964       98.6740043639104        0.133816424506627       5.04085959128652        746.102701962698        28.7924122327528        5.04085959128644        0.020592839930894       -0.00206486039977319    -1.13803085675195       0.0850506794714939      
0.707816243875396       98.6780587783422        0.141156526492323       5.04081855639727        746.127284698691        28.7928865578267        5.04081855639734        -0.00206486039977319    0.00047080292460261     -0.760019421435996      1.00295634003799        
0.717754913042916       98.6781966320428        0.148390498620325       5.04082791490048        746.12971226226         28.7929333973587        5.04082791490051        0.00047080292460261     0.0303772140709395      0.0850506794714939      1.47939127946954        
0.72769743798004        98.6679261477495        0.153642827883009       5.04143184747           746.141437807623        28.7931596392002        5.04143184747007        0.0303772140709395      0.0744917558035727      1.00295634003799        1.00612863870267        
0.737635928082624       98.6482336380794        0.155943702819746       5.0429126534691         746.211638483769        28.7945141087629        5.04291265346904        0.0744917558035727      0.104487723699361       1.47939127946954        0.0190095414718301      
0.747574003708623       98.6237599176784        0.156266788499322       5.04498911143274        746.333692369866        28.7968688955716        5.0449891114328         0.104487723699361       0.105054140137596       1.00612863870267        -0.843462316948453      
0.757504853790614       98.5946073926981        0.156613850538998       5.04707529181936        746.421610317475        28.7985649780887        5.04707529181939        0.105054140137596       0.0799353629556955      0.0190095414718301      -1.58460431554042       
0.767421368740935       98.5689446605789        0.158724546052682       5.04866169651781        746.461883061073        28.7993418725165        5.04866169651789        0.0799353629556955      0.0327659889587359      -0.843462316948453      -1.85289874454857       
0.777349676041766       98.5584557659328        0.16411672466357        5.04931189189617        746.47857411877         28.799663850638         5.04931189189614        0.0327659889587359      -0.02238651348604       -1.58460431554042       -1.07423228858289       
0.787263758682035       98.5641589528714        0.173307659585776       5.04886767377744        746.45609389532         28.7992301960259        5.0488676737774         -0.02238651348604       -0.0543687430281467     -1.85289874454857       0.45482773477342        
0.797193512275166       98.578663101309         0.18473929860785        5.04778840105392        746.406348291284        28.7982705555441        5.04778840105385        -0.0543687430281467     -0.0408217631643635     -1.07423228858289       1.91538654382653        
0.807121878515412       98.5880480512287        0.195302857845238       5.04697756079308        746.357499415412        28.7973281826903        5.04697756079306        -0.0408217631643635     0.0162523242845714      0.45482773477342        2.4361064861741         
0.8170612738314         98.5819125786081        0.202046490041634       5.04730047215282        746.358800855606        28.7973532899506        5.04730047215275        0.0162523242845714      0.0888496937503288      1.91538654382653        1.43223453012326        
0.826991369801765       98.5582883242496        0.203900047913861       5.04906562168294        746.440897964825        28.7989370553233        5.04906562168302        0.0888496937503288      0.131526468979219       2.4361064861741         -0.464841843017277      
0.836925167225874       98.5254947494686        0.202911720682383       5.05167807821391        746.578622956605        28.8015937629347        5.05167807821392        0.131526468979219       0.117679410989142       1.43223453012326        -2.26761437716471       
0.846852659500444       98.4964990954767        0.202912314711454       5.05401481526718        746.704148520734        28.8040149308069        5.05401481526714        0.117679410989142       0.0501428616682379      -0.464841843017277      -3.08084934919235       
0.856777486451344       98.4837635648004        0.207542116383212       5.05501027337388        746.754654870885        28.8049890522629        5.05501027337385        0.0501428616682379      -0.0416038872062401     -2.26761437716471       -2.40083008919336       
0.866705218440645       98.4924655588412        0.218444196725756       5.05418428919557        746.698608047446        28.8039080690923        5.05418428919563        -0.0416038872062401     -0.113101084514518      -3.08084934919235       -0.926347391550305      
0.876631994984363       98.5179166798997        0.234247313691589       5.05193878938909        746.559727087481        28.8012292771503        5.05193878938911        -0.113101084514518      -0.140687504528763      -2.40083008919336       1.40652612716501        
0.886558548539999       98.5494778593451        0.2519789333327         5.04914578731429        746.386021463303        28.7978784223056        5.04914578731435        -0.140687504528763      -0.0987990917417159     -0.926347391550305      4.05705432493832        
0.896483713092528       98.5717207464469        0.266915709517806       5.04718415082047        746.264440005851        28.7955328326741        5.04718415082038        -0.0987990917417159     0.0220414371634445      1.40652612716501        4.18848830871543        
0.906416436246764       98.5656528499307        0.27368463892607        5.04762188116143        746.283219084407        28.795895137336         5.0476218811615         0.0220414371634445      0.146808814927305       4.05705432493832        1.52871299885279        
0.916344681998457       98.5307524934732        0.272004751693774       5.05053738977551        746.449874266505        28.7991102151613        5.05053738977557        0.146808814927305       0.192341302929086       4.18848830871543        -2.09871546502804       
0.926273908164936       98.4853114853254        0.26727348295298        5.054356204394          746.669767721295        28.8033518057514        5.05435620439398        0.192341302929086       0.129845363029416       1.52871299885279        -4.99373870644764       
0.936195942008915       98.4544400427659        0.266814382555394       5.05693356346651        746.816343486846        28.8061788026042        5.05693356346652        0.129845363029416       -0.0188275044816191     -2.09871546502804       -5.96430500746055       
0.946121548637493       98.4579697491526        0.276474064584363       5.05655990856586        746.787933768532        28.8056308879692        5.0565599085658         -0.0188275044816191     -0.196393828864665      -4.99373870644764       -3.68416662818267       
0.956040752661237       98.5028327302845        0.298212575628654       5.05266194615512        746.552271787187        28.8010854692664        5.05266194615504        -0.196393828864665      -0.30611816013075       -5.96430500746055       2.09825167249253        
0.965972103499374       98.5734054039113        0.327471886430878       5.04658235744696        746.188212937268        28.7940621374398        5.04658235744689        -0.30611816013075       -0.243589822073638      -3.68416662818267       7.31726972731617        
0.97591073385352        98.6294880041615        0.352546296620046       5.04174102643915        745.896504130903        28.7884333279667        5.04174102643915        -0.243589822073638      -0.025443951234001      2.09825167249253        9.94287291072919        
0.985851985142324       98.6352369139261        0.362807778061254       5.04123526486915        745.865152033811        28.7878282927932        5.04123526486909        -0.025443951234001      0.270927257600833       7.31726972731617        7.55417068324164        
0.995785807359031       98.5724058008828        0.352930477989781       5.04661790161307        746.185901579705        28.794017541838         5.04661790161307        0.270927257600833       0.495909491511881       9.94287291072919        12.3905978287332        
1.00571183378262        98.4586150061297        0.327849757336268       5.05645921680014        746.777956981681        28.805438471497         5.05645921680019        0.495909491511881       0.864396823336826       7.55417068324164        9.01450324324749        
1.01561592374489        98.2624240227989        0.278006599339629       5.0735823521062         747.813750595873        28.8254083636077        5.07358235210626        0.864396823336826       1.13198871866511        12.3905978287332        10.531889402235         
1.02550040835855        98.006015807392         0.210465889344935       5.09596124693346        749.152287781227        28.8511946176936        5.09596124693339        1.13198871866511        1.44391691242932        9.01450324324749        7.78355536878121        
1.03536642664938        97.6773801125406        0.122626834546641       5.12443992176861        750.812799153705        28.8831515507591        5.1244399217686         1.44391691242932        1.67377719353106        10.531889402235         -4.77635530695641       
1.04519632316698        97.299869264204         0.0203554345556018      5.15734014868851        752.712783327633        28.9196738749022        5.15734014868853        1.67377719353106        1.53321643191473        7.78355536878121        -9.6444108852784        
1.05498306436835        96.9570081042571        -0.0717227970985996     5.18736129076032        754.426546061937        28.9525770501798        5.18736129076036        1.53321643191473        1.25040971798396        -4.77635530695641       -9.58017764870893       
1.06474068248264        96.6789745675307        -0.144546586189635      5.21176311138803        755.801869946817        28.9789553900147        5.21176311138799        1.25040971798396        0.970315107909663       -9.6444108852784        -9.86571517136905       
1.07446882498326        96.4672371410885        -0.198700850905257      5.23065001491483        756.879533086241        28.9996079108789        5.23065001491475        0.970315107909663       0.682505302995317       -9.58017764870893       -9.52001448624505       
1.08418434463523        96.3207510458397        -0.233969649012022      5.24391098759652        757.646167114241        29.0142908679736        5.24391098759658        0.682505302995317       0.40519741766485        -9.86571517136905       -6.1970201639948        
1.09388485409939        96.2352383288929        -0.251263266715416      5.25177469608287        758.108684290776        29.0231456349119        5.25177469608282        0.40519741766485        0.224829096841505       -9.52001448624505       -2.75591388298008       
1.10358252382063        96.1874725382567        -0.256886524308208      5.25613584969794        758.361634050251        29.0279871474688        5.25613584969788        0.224829096841505       0.144649781784598       -6.1970201639948        -1.19720466364466       
1.1132819525389         96.1561220875469        -0.257333885821785      5.25894125399072        758.519095904953        29.0310005933304        5.25894125399077        0.144649781784598       0.109823669806323       -2.75591388298008       -0.521365556334685      
1.12297434380575        96.1316384896509        -0.255524465126635      5.26107084183552        758.633040353663        29.0331810243549        5.26107084183552        0.109823669806323       0.0946604066510892      -1.19720466364466       -0.241470274046154      
1.13267207907764        96.1106122265497        -0.252697446065005      5.26290610222918        758.731691364136        29.0350686692286        5.26290610222916        0.0946604066510892      0.0876389840706491      -0.521365556334685      -0.118489648452463      
1.14235988829082        96.0917501465105        -0.249393800573177      5.26460478494802        758.827631423023        29.0369043235027        5.26460478494806        0.0876389840706491      0.0841943172409704      -0.241470274046154      -0.0784849700153484     
1.15205199352435        96.0737953414324        -0.245836492181481      5.26623636015828        758.920971428185        29.0386901186864        5.26623636015823        0.0841943172409704      0.0819134194829951      -0.118489648452463      -0.0838209459111002     
1.1617373452115         96.0567710422807        -0.242074096124988      5.26782315656679        759.015124262341        29.0404913537851        5.26782315656672        0.0819134194829951      0.0794780639328807      -0.0784849700153484     -0.0828095770015159     
1.17141779548632        96.0401889327873        -0.238130860680751      5.26936229151508        759.105825048619        29.0422264422115        5.269362291515          0.0794780639328807      0.077072658714538       -0.0838209459111002     -0.0889766154264467     
1.18110260618969        96.0242459570553        -0.234001812357781      5.27085476709037        759.194781838505        29.0439280676416        5.27085476709029        0.077072658714538       0.0744884499506147      -0.0828095770015159     -0.0905680405543592     
1.19078158836938        96.0091581525569        -0.22967279521211       5.27229694200778        759.283186398701        29.0456190308873        5.27229694200771        0.0744884499506147      0.0718583456535743      -0.0889766154264467     -0.0975976778233743     
1.20046092172403        95.9946078062791        -0.22513238600898       5.27368798996856        759.368415434574        29.0472491609136        5.2736879899686         0.0718583456535743      0.0690245905917847      -0.0905680405543592     -0.0975567113732661     
1.21013966543333        95.9808903393767        -0.220401323509672      5.27502402364147        759.452253526065        29.0488525978425        5.27502402364155        0.0690245905917847      0.0661920875915708      -0.0975976778233743     -0.105301040022319      
1.21981466204259        95.9681042361395        -0.215450476328187      5.27630519706491        759.535510700414        29.0504448369157        5.27630519706484        0.0661920875915708      0.06313491398216        -0.0975567113732661     -0.111953251810869      
1.22949669765311        95.9558936427304        -0.210258141329931      5.27752722577964        759.614761760288        29.0519603805987        5.2775272257797         0.06313491398216        0.0598850869925674      -0.105301040022319      -0.104005687037221      
1.23916929149388        95.9443332922204        -0.20484257988066       5.27868599697928        759.690012958735        29.0533993604637        5.27868599697935        0.0598850869925674      0.0568666516273888      -0.111953251810869      -0.114552147938894      
1.24884189341183        95.9334500670802        -0.199205884474885      5.27978605478867        759.762137777904        29.0547784897177        5.27978605478869        0.0568666516273888      0.0535424970963456      -0.104005687037221      -0.117387123611539      
1.25851312622524        95.9232121021436        -0.193346444217124      5.2808218934593         759.83009783991         29.0560779229848        5.28082189345936        0.0535424970963456      0.0501357128952825      -0.114552147938894      -0.108081378446066      
1.26819026494089        95.9139469002778        -0.18724055282942       5.28179201301195        759.896278011509        29.0573432679343        5.28179201301193        0.0501357128952825      0.0469988065022522      -0.117387123611539      -0.108588384929846      
1.27786449572082        95.906265647361         -0.180907203116132      5.28270141051662        759.966247219043        29.0586809981887        5.28270141051662        0.0469988065022522      0.0438474580458317      -0.108081378446066      -0.110777503818875      
1.28753764430148        95.9005651030836        -0.174354353490186      5.28354965540924        760.043096555923        29.0601501975916        5.28354965540921        0.0438474580458317      0.0406331748826775      -0.108588384929846      -0.101615762069974      
1.29720783780203        95.8967100880558        -0.167599429372996      5.28433558135659        760.125595880025        29.0617273303266        5.28433558135668        0.0406331748826775      0.0376853893092422      -0.110777503818875      -0.0987890645752189     
1.30687825688234        95.8938088734684        -0.160650385959354      5.28506432129339        760.207421865143        29.0632915063572        5.28506432129339        0.0376853893092422      0.034820341331425       -0.101615762069974      -0.100626517578766      
1.31654215734049        95.8933185717608        -0.153514984549523      5.28573744602108        760.300357196977        29.0650679452725        5.28573744602106        0.034820341331425       0.0319020968613678      -0.0987890645752189     -0.0923397123898326     
1.32620666734222        95.8962971555271        -0.146188173500212      5.28635422808624        760.412693888903        29.0672150920912        5.28635422808623        0.0319020968613678      0.0292235978926135      -0.100626517578766      -0.0844241494726179     
1.33588092715104        95.8960921329336        -0.138691570445996      5.28691949443758        760.492378406984        29.0687380455932        5.2869194944375         0.0292235978926135      0.0267743006357751      -0.0923397123898326     -0.0881271222486968     
1.34555350724647        95.8919436825575        -0.131030083885553      5.28743737430174        760.533970382389        29.0695329317366        5.28743737430171        0.0267743006357751      0.0242181046248378      -0.0844241494726179     -0.0803955829654186     
1.35521893442589        95.8862826570157        -0.123225009501299      5.28790556744493        760.556411855447        29.0699618135178        5.28790556744499        0.0242181046248378      0.0218870128865587      -0.0881271222486968     -0.0692673020416513     
1.36488022213163        95.8800030860048        -0.115287739328706      5.28832856171397        760.567438225415        29.0701725375267        5.28832856171407        0.0218870128865587      0.0198788396205741      -0.0803955829654186     -0.0701699275921274     
1.37454475483791        95.8760843555376        -0.107215938175856      5.28871278571006        760.591609762422        29.0706344723488        5.28871278571003        0.0198788396205741      0.0178445161068613      -0.0692673020416513     -0.0733585241652149     
1.38421098362223        95.8724474313419        -0.0990227955822777     5.28905769302223        760.612358453412        29.071030988357         5.28905769302223        0.0178445161068613      0.0157179505567991      -0.0701699275921274     -0.0574936484225215     
1.39387094656839        95.8676964512687        -0.0907416024468167     5.28936141542049        760.618341891876        29.0711453333193        5.28936141542048        0.0157179505567991      0.0140513353169187      -0.0733585241652149     -0.058081932992448      
1.40353135680626        95.8629690823571        -0.0823528782236513     5.28963295352788        760.61988042159         29.0711747349231        5.28963295352791        0.0140513353169187      0.0123675408189652      -0.0574936484225215     -0.0599460181457393     
1.41320001150546        95.8582738828031        -0.07387232969983       5.28987201562678        760.617000718392        29.0711197032074        5.28987201562679        0.0123675408189652      0.0106299062543206      -0.058081932992448      -0.0593481616487861     
1.42286189322122        95.8532393255565        -0.065330661205011      5.29007740798109        760.606583756896        29.0709206320775        5.29007740798113        0.0106299062543206      0.00891048754755224     -0.0599460181457393     -0.0491960112782228     
1.43251372075499        95.8466596916168        -0.056736193913665      5.29024943793731        760.579106342616        29.0703955242484        5.29024943793722        0.00891048754755224     0.00748614037480808     -0.0593481616487861     -0.0448065816709031     
1.44216110052983        95.8395586232558        -0.0480998621014759     5.29039388779483        760.54352272414         29.0697154885007        5.2903938877948         0.00748614037480808     0.00618966999084113     -0.0491960112782228     -0.0441846614420415     
1.45180579022056        95.8176628108394        -0.0394093118718872     5.29051325692093        760.386923021888        29.0667225347683        5.29051325692086        0.00618966999084113     0.00491222049287467     -0.0448065816709031     -0.0402616433256326     
1.46143946413523        95.7360701825731        -0.0306867696642431     5.29060789365199        759.753012922713        29.054604013109         5.29060789365208        0.00491222049287467     0.0037496714209016      -0.0441846614420415     -0.0371222539426727     
1.47105856802299        95.5567612736673        -0.0219469324987316     5.29068002110229        758.340371627749        29.0275802112357        5.2906800211023         0.0037496714209016      0.00267982567853701     -0.0402616433256326     -0.044007370306663      
1.48065803068495        95.262720811555         -0.0132004978644101     5.29073145536248        756.014210281662        28.983025880709         5.29073145536248        0.00267982567853701     0.00140959160791307     -0.0371222539426727     -0.0485587794614729     
1.49022627457636        94.9592540743744        -0.00445754795450992    5.29075859682051        753.609734762489        28.9368994492516        5.29075859682044        0.00140959160791307     1.73573068498946e-12    -0.044007370306663      -0.0485587794614729     
1.5                     94.9592540743744        0.00445754795450992     5.29075859682051        753.609734762489        28.9368994492516        5.29075859682048        1.73573068498946e-12    1.73573068498946e-12    -0.0485587794614729     -0.0485587794614729     
