# xp[i]                    V[i]                   up[i]                    p[i]                    e[i]                   cs[i]                  dd1[i]             dd2_left[i]            dd2_right[i]             dd3_left[i]            dd3_right[i]
-1.5                    95.1090303416053        -0.00746447692663734    5.29276066760565        755.084002389241        28.9651898815964        5.29276066760565        -0.000312038198139189   -0.000312038198139189   -0.0156142583636507     -0.0156142583636507     
-1.4902215710001        95.1090303416053        0.00746447692663734     5.29276066760565        755.084002389241        28.9651898815964        5.29276066760565        -0.000312038198139189   -0.000312038198139189   -0.0156142583636507     -0.0156142583636507     
-1.48065073298986       95.388365125542         0.0220660259468019      5.29275465754822        757.300820691184        29.0076775410155        5.29275465754822        -0.000312038198139189   -0.000762859463046559   -0.0156142583636507     -0.0018830619550634     
-1.47104954503454       95.6521745611768        0.0367003412339583      5.29274001234297        759.393137351332        29.0477219866308        5.29274001234297        -0.000762859463046559   -0.000817140841670293   -0.0156142583636507     -0.00517263814127331    
-1.46142720653093       95.8100444098756        0.0513734176049112      5.29272429046194        760.644223977579        29.0716399410831        5.29272429046194        -0.000817140841670293   -0.000966521997891763   -0.0018830619550634     -0.0121674497119226     
-1.45179284817666       95.8818176906691        0.066028569816963       5.29270566815298        761.211359946322        29.082475822054         5.29270566815298        -0.000966521997891763   -0.001318326912406      -0.00517263814127331    -0.0227095908474406     
-1.44214922131212       95.9008272870113        0.0806764106941906      5.2926802438716         761.35862092936         29.0852887772297        5.2926802438716         -0.001318326912406      -0.00197544651552177    -0.0121674497119226     -0.00865441929077518    
-1.43250030715506       95.9066024999339        0.0952801421030725      5.29264212411076        761.398986557244        29.0860597873362        5.29264212411076        -0.00197544651552177    -0.00222600819755504    -0.0227095908474406     -0.0307828730553642     
-1.422848198256         95.9114739186887        0.109845033171517       5.29259914967265        761.431477958854        29.086680379683         5.29259914967266        -0.00222600819755504    -0.00311764478840075    -0.00865441929077518    -0.0211254769391104     
-1.41319011741296       95.9146032583778        0.12436460544526        5.29253893287741        761.447657964683        29.0869894161306        5.29253893287741        -0.00311764478840075    -0.00372973329774596    -0.0307828730553642     -0.0186537706235569     
-1.40352871762986       95.9178343884371        0.138803722945301       5.29246687870072        761.462942366257        29.0872813436132        5.29246687870072        -0.00372973329774596    -0.00427025391565382    -0.0211254769391104     -0.00770583247293848    
-1.39387188808554       95.9207937770678        0.153139911560308       5.29238439131595        761.474567682584        29.0875033817041        5.29238439131595        -0.00427025391565382    -0.00449352398640315    -0.0186537706235569     -0.0255005769775206     
-1.38421346688546       95.922721851788         0.167406620392923       5.29229759866858        761.477385770958        29.0875572056155        5.29229759866859        -0.00449352398640315    -0.00523231513056379    -0.00770583247293848    -0.0341703080738325     
-1.3745570357654        95.9232378380206        0.18161179986733        5.29219654214838        761.466941397074        29.087357723418         5.29219654214838        -0.00523231513056379    -0.00622221363154024    -0.0255005769775206     -0.0340938757225994     
-1.36490047753983       95.9244593316116        0.195686573587635       5.29207637797858        761.459347948783        29.0872126915818        5.29207637797857        -0.00622221363154024    -0.00720994884114941    -0.0341703080738325     -0.0207961370813378     
-1.35524577434568       95.9279929053336        0.209622950038881       5.29193712105844        761.467359906548        29.0873657167611        5.29193712105844        -0.00720994884114941    -0.0078125843838079     -0.0340938757225994     -0.037917677934703      
-1.3455826381981        95.9301493279431        0.223434200811391       5.29178616150856        761.462755027589        29.0872777655186        5.29178616150857        -0.0078125843838079     -0.00891167128796696    -0.0207961370813378     -0.0259055836954797     
-1.33591838633217       95.9302398775372        0.237124816731479       5.29161392372507        761.438689563393        29.0868181209937        5.29161392372507        -0.00891167128796696    -0.00966257551883964    -0.037917677934703      -0.0481706234379514     
-1.32625559699555       95.9263182924862        0.250630215522248       5.291427218626          761.380697393164        29.0857104547761        5.29142721862601        -0.00966257551883964    -0.0110585293094943     -0.0259055836954797     -0.0429535153901314     
-1.31660043093033       95.9190370748983        0.263949544715452       5.29121361386075        761.292172198674        29.0840195181454        5.29121361386076        -0.0110585293094943     -0.0123030241615611     -0.0481706234379514     -0.049997975457073      
-1.30694187556704       95.9145940959083        0.27710842592441        5.29097599221855        761.222721997256        29.0826928677761        5.29097599221854        -0.0123030241615611     -0.0137515592164511     -0.0429535153901314     -0.0523398028261833     
-1.29728598434035       95.9120425655618        0.290092066992674       5.29071038066691        761.164258848877        29.0815760471753        5.2907103806669         -0.0137515592164511     -0.0152680886916998     -0.049997975457073      -0.0502613710276279     
-1.28762629519782       95.9105082952145        0.302881147006272       5.29041543989714        761.109650900077        29.0805328336496        5.29041543989713        -0.0152680886916998     -0.0167246887967109     -0.0523398028261833     -0.0573668961061131     
-1.27796663459728       95.9105307991222        0.315447781563618       5.2900922734417         761.063336883193        29.0796480355285        5.2900922734417         -0.0167246887967109     -0.0183874997422664     -0.0502613710276279     -0.0690077253419035     
-1.26830020772424       95.9120229306874        0.327788004747979       5.28973691894656        761.024053000958        29.0788975222957        5.28973691894656        -0.0183874997422664     -0.0203877319121476     -0.0573668961061131     -0.0743764626174048     
-1.2586409749472        95.9146436795016        0.339889561946613       5.28934297530416        760.98817016246         29.0782119686136        5.28934297530416        -0.0203877319121476     -0.022543226323413      -0.0690077253419035     -0.0539400509501206     
-1.24898070134052       95.9182233081997        0.351760894770265       5.28890748440782        760.953913718757        29.0775574726695        5.28890748440781        -0.022543226323413      -0.0241061600347111     -0.0743764626174048     -0.0667260256305734     
-1.23932440589947       95.9220509923238        0.363351074980304       5.28844185871053        760.917284461757        29.0768576259876        5.28844185871053        -0.0241061600347111     -0.0260396737279053     -0.0539400509501206     -0.0768892411168444     
-1.22966600795481       95.9263736074882        0.374671023861871       5.28793880814134        760.879190584954        29.0761297780872        5.28793880814135        -0.0260396737279053     -0.0282678433045022     -0.0667260256305734     -0.0810988299637514     
-1.22000185870849       95.9311872959293        0.385734109412282       5.2873926280489         760.838778762713        29.0753576220046        5.2873926280489         -0.0282678433045022     -0.0306183259529077     -0.0768892411168444     -0.0677381210035258     
-1.21034534585925       95.9364366446438        0.396522457750102       5.2868010309216         760.795278233771        29.0745264265201        5.28680103092159        -0.0306183259529077     -0.0325817669105484     -0.0810988299637514     -0.0746829322236733     
-1.20067918490015       95.9422865544585        0.40702733731855        5.28617137428109        760.751053150878        29.0736813621086        5.28617137428108        -0.0325817669105484     -0.0347466324082346     -0.0677381210035258     -0.0489719762206147     
-1.19101716060039       95.9487855002863        0.417276229328152       5.28549985798774        760.705938203789        29.0728192686301        5.28549985798773        -0.0347466324082346     -0.0361662167747711     -0.0746829322236733     -0.0692427084060684     
-1.18135520465058       95.9555644979208        0.427234088797978       5.28480099664934        760.659094338993        29.0719241105189        5.28480099664935        -0.0361662167747711     -0.0381732932759938     -0.0489719762206147     -0.0720816917569022     
-1.17169395014517       95.9632575599036        0.436936044195366       5.28406333149812        760.613895665094        29.0710603648885        5.28406333149812        -0.0381732932759938     -0.0402627394106469     -0.0692427084060684     -0.0793910936975802     
-1.1620301829037        95.9713816091358        0.446372111615365       5.2832852302686         760.566274476028        29.0701502972843        5.28328523026861        -0.0402627394106469     -0.0425644236417256     -0.0720816917569022     -0.0477517827268214     
-1.15236779013406       95.9801087301602        0.455561472751015       5.28246249369124        760.516986761218        29.0692083514349        5.28246249369125        -0.0425644236417256     -0.0439491106733573     -0.0793910936975802     -0.0432463049053316     
-1.14269792788359       95.9894373658402        0.464522313572989       5.28161275879033        760.468555650791        29.0682827465644        5.28161275879034        -0.0439491106733573     -0.0452034142779383     -0.0477517827268214     -0.0489228414638448     
-1.13303100781095       95.9992227196735        0.473256936666164       5.28073863370497        760.420206332141        29.0673586754807        5.28073863370496        -0.0452034142779383     -0.0466225385777619     -0.0432463049053316     -0.0387822427630556     
-1.12335953049561       96.0098348679187        0.481771783272931       5.2798370001448         760.374417770144        29.0664835194946        5.2798370001448         -0.0466225385777619     -0.0477475440388234     -0.0489228414638448     -0.040587999555505      
-1.11369139290418       96.0209791726309        0.490112624612636       5.27891360736541        760.329680320428        29.0656284279488        5.27891360736541        -0.0477475440388234     -0.048924939216812      -0.0387822427630556     -0.0424161457983343     
-1.10402101868499       96.0318874142225        0.498273319610352       5.27796746518636        760.279766089058        29.0646743600287        5.27796746518634        -0.048924939216812      -0.0501552883997893     -0.040587999555505      -0.0944761293617142     
-1.09435260866844       96.0420691129556        0.506210239209948       5.27699759392414        760.220651436844        29.0635443934081        5.27699759392416        -0.0501552883997893     -0.0528954460092488     -0.0424161457983343     -0.231786862111953      
-1.08468506718986       96.0521913219349        0.513859507979969       5.27597489691959        760.153425312969        29.0622593239825        5.27597489691957        -0.0528954460092488     -0.0596174419310862     -0.0944761293617142     -0.647299647571471      
-1.07501993812702       96.0646611323374        0.520957509380608       5.27482232558088        760.086028860322        29.0609709415743        5.27482232558089        -0.0596174419310862     -0.0783894821487412     -0.231786862111953      -1.75685114644281       
-1.06535216264645       96.0829361532469        0.526768153520558       5.27330672717587        760.012190375589        29.0595593446668        5.27330672717586        -0.0783894821487412     -0.129350098465772      -0.647299647571471      -4.78186910384872       
-1.05568443044259       96.1148311506912        0.529202995231096       5.2708050522881         759.903806443322        29.0574872057926        5.27080505228809        -0.129350098465772      -0.268136621530363      -1.75685114644281       -8.86248348152386       
-1.04600699026274       96.1751376019255        0.522613151495967       5.26561507098295        759.631881015838        29.052287747283         5.26561507098296        -0.268136621530363      -0.525619655163923      -4.78186910384872       -11.8074897324176       
-1.03631813346031       96.2887821410052        0.499379027747832       5.25542826739731        759.05818124565         29.0413150384385        5.25542826739731        -0.525619655163923      -0.869121139137735      -8.86248348152386       -9.03503206529234       
-1.02661216602144       96.4754954074891        0.453877713106222       5.23855977201874        758.088973840876        29.0227683387615        5.23855977201873        -0.869121139137735      -1.13240614227703       -11.8074897324176       -8.79863955060377       
-1.01689559469209       96.716851863789         0.39086675767909        5.21654234359108        756.791329629421        28.9979181174063        5.21654234359109        -1.13240614227703       -1.38940284659936       -9.03503206529234       -10.8284784959901       
-1.00714860623254       97.0168631997631        0.310605097894311       5.1894525767391         755.196616078734        28.9673497441273        5.18945257673911        -1.38940284659936       -1.70670727478693       -8.79863955060377       -6.36574420617426       
-0.997364320235066      97.3935872749111        0.208549119969523       5.15605062344395        753.249399582372        28.9299805964979        5.15605062344396        -1.70670727478693       -1.8939712922653        -10.8284784959901       5.96773664550193        
-0.987537898009114      97.8193778790606        0.0929681567453054      5.11883063767716        751.081242668783        28.8883144900568        5.11883063767719        -1.8939712922653        -1.71770279290018       -6.36574420617426       11.0281870547789        
-0.977671385453157      98.2116845239472        -0.0121606948877513     5.08493768926046        749.100444242366        28.8501963067145        5.08493768926046        -1.71770279290018       -1.39072904462541       5.96773664550193        10.5140410256316        
-0.967767721294881      98.5336834239183        -0.0962889356116852     5.05739785429123        747.486058685304        28.8190920260492        5.05739785429121        -1.39072904462541       -1.07799922729768       11.0281870547789        10.4284981627631        
-0.957836672810003      98.7860896971817        -0.159895426387546      5.03598994432108        746.228631530711        28.7948419673214        5.03598994432109        -1.07799922729768       -0.767023621542041      10.5140410256316        8.69515994662237        
-0.947884576210452      98.9671678322307        -0.202788269058108      5.02072430899586        745.330297991631        28.7775046789373        5.02072430899584        -0.767023621542041      -0.507261852321038      10.4284981627631        10.7785075748428        
-0.937914954272225      99.0880091489392        -0.228179400988374      5.01061319951908        744.737529833612        28.7660588934176        5.01061319951909        -0.507261852321038      -0.184900507828937      8.69515994662237        9.17530876036639        
-0.927940850774925      99.1326841255287        -0.231637275065613      5.00692500183842        744.52487197119         28.7619515635808        5.00692500183843        -0.184900507828937      0.0896307142350572      10.7785075748428        5.58907344608808        
-0.917964817609024      99.1122723192298        -0.216411850239678      5.00871302608605        744.637394115471        28.7641249189076        5.00871302608607        0.0896307142350572      0.256838119747539       9.17530876036639        -0.723918795610849      
-0.907993408513443      99.0524279121721        -0.189902748341788      5.01383483274226        744.94877000061         28.7701382609857        5.01383483274227        0.256838119747539       0.235189430368239       5.58907344608808        -5.26523612730826       
-0.898028720299048      98.9978428284782        -0.165085423727399      5.01852242566179        745.234341490289        28.7756521596198        5.01852242566181        0.235189430368239       0.0778017172241303      -0.723918795610849      -5.56099383179318       
-0.888067230446521      98.9804691357672        -0.151239604413254      5.02007253257481        745.333701554749        28.7775703853375        5.02007253257482        0.0778017172241303      -0.0884036412687758     -5.26523612730826       -2.76584259188468       
-0.878107271133065      99.0023953466327        -0.14895810091259       5.01831112372863        745.23723276568         28.775707979816         5.01831112372861        -0.0884036412687758     -0.171083728003918      -5.56099383179318       1.52943877967753        
-0.868139442161904      99.0438256000639        -0.152523369951706      5.01490098909491        745.042468448256        28.7719475347517        5.0149009890949         -0.171083728003918      -0.125347355815628      -2.76584259188468       3.85350932227477        
-0.858169963262731      99.0744926250931        -0.15313324096588       5.01240154668899        744.901710107165        28.7692295132445        5.01240154668897        -0.125347355815628      -0.0100814242264167     1.52943877967753        3.71222120892068        
-0.848196492651984      99.0781181281109        -0.145999850654089      5.01220048998275        744.89908834243         28.7691788849423        5.01220048998274        -0.0100814242264167     0.100966424486903       3.85350932227477        1.4055577316992         
-0.838226344820016      99.0558743551696        -0.13141804221117       5.01421402805758        745.031032129801        28.7717267108181        5.0142140280576         0.100966424486903       0.143009659190863       3.71222120892068        -1.93977705459327       
-0.82825481090524       99.0243530864597        -0.11413599608221       5.01706568746331        745.217526139992        28.7753275131471        5.0170656874633         0.143009659190863       0.0849974166139598      1.4055577316992         -3.24798591632196       
-0.818287372045414      99.0073560687155        -0.10103824632359       5.01876018013713        745.341264267491        28.7777163843348        5.01876018013711        0.0849974166139598      -0.0121189859203319     -1.93977705459327       -2.345520847895         
-0.808322156016069      99.0126304388468        -0.0948121340313445     5.01851863646511        745.345096654178        28.7777903686965        5.01851863646509        -0.0121189859203319     -0.0822381296129744     -3.24798591632196       -0.49480821031387       
-0.798357999928826      99.0321199999274        -0.0936082186720466     5.01687974679285        745.248355664393        28.7759227222342        5.01687974679287        -0.0822381296129744     -0.0970281000510692     -2.345520847895         1.20861355347313        
-0.788394355312071      99.0532044430518        -0.0936278396771027     5.0149464014298         745.11976675766         28.7734400437792        5.01494640142982        -0.0970281000510692     -0.0609092955756942     -0.49480821031387       2.05374530713742        
-0.778434554199396      99.0671291932269        -0.0913762547434731     5.01373305210387        745.044210019689        28.7719811626151        5.01373305210386        -0.0609092955756942     0.000454574582736083    1.20861355347313        1.70091636306836        
-0.768476613764879      99.0698560528921        -0.0851269790019825     5.01374210599493        745.066063090863        28.7724031184757        5.01374210599493        0.000454574582736083    0.0512753290535707      2.05374530713742        0.26103241782203        
-0.758517727719228      99.0649215251362        -0.0756163483967004     5.01476348927472        745.180727298178        28.7746170415327        5.01476348927471        0.0512753290535707      0.0590760875182801      1.70091636306836        -1.30722250242125       
-0.748554270077712      99.055635834351         -0.0658027117240747     5.0159406298489         745.285782595556        28.7766452873691        5.01594062984888        0.0590760875182801      0.0199991182668866      0.26103241782203        -1.88166612655795       
-0.738588394573476      99.0510314356589        -0.0589001718067487     5.01633925139219        745.310365322366        28.7771198721478        5.01633925139217        0.0199991182668866      -0.0362637793720965     -1.30722250242125       -1.27218023073741       
-0.728619691427705      99.061837259797         -0.0560763967063417     5.01561630003638        745.284248507684        28.7766156705924        5.01561630003635        -0.0362637793720965     -0.0743096296543397     -1.88166612655795       0.0484370464767295      
-0.718651157966887      99.0825600147857        -0.0560732192222895     5.01413466017714        745.219947583828        28.7753742631096        5.01413466017716        -0.0743096296543397     -0.0728610026215625     -1.27218023073741       1.19472158969319        
-0.708679462190905      99.0995081679457        -0.0561696263695808     5.01268189918433        745.131466217297        28.7736659352359        5.01268189918437        -0.0728610026215625     -0.0371328564671797     0.0484370464767295      1.3098329084511         
-0.698713786277887      99.1047062806422        -0.0540035967154736     5.0119416600396         745.060509170909        28.7722958797156        5.01194166003959        -0.0371328564671797     0.00203748068465393     1.19472158969319        0.56770461633124        
-0.68874706811434       99.1014684490698        -0.0493216020119465     5.01198227955868        745.042205617473        28.7719424597698        5.01198227955865        0.00203748068465393     0.0190157592108606      1.3098329084511         -0.319447823045176      
-0.678773881818945      99.096719388049         -0.0436396049250111     5.01236146694142        745.062866641446        28.7723413993649        5.01236146694145        0.0190157592108606      0.00946134273908108     0.56770461633124        -0.899547666305344      
-0.66880559012667       99.0951479775444        -0.0387932854892877     5.01255011863253        745.079093626122        28.7726547191006        5.01255011863257        0.00946134273908108     -0.0174430290196471     -0.319447823045176      -0.89937722367669       
-0.658836941631828      99.1004064336197        -0.0359774587073789     5.01220233883366        745.066933358931        28.772419922151         5.01220233883364        -0.0174430290196471     -0.0443415566559425     -0.899547666305344      -0.370842622335645      
-0.648866451619373      99.1123477408707        -0.0351807171511254     5.01131819132476        745.025266828095        28.7716153879343        5.01131819132473        -0.0443415566559425     -0.0554335393410018     -0.89937722367669       0.332122549465322       
-0.638897123440765      99.1269025152542        -0.0353041981735702     5.01021281073634        744.970315305808        28.7705543009555        5.01021281073636        -0.0554335393410018     -0.0454986190212032     -0.370842622335645      0.787861685097785       
-0.62892497767144       99.1389828152378        -0.0348975936521231     5.00930540866788        744.926164239303        28.7697017371343        5.00930540866792        -0.0454986190212032     -0.0219290791728884     0.332122549465322       0.681030054267914       
-0.618951581564469      99.1455680547221        -0.0330198212852374     5.00886803104325        744.910599373381        28.7694011711784        5.00886803104326        -0.0219290791728884     -0.00155393273777872    0.787861685097785       0.122670146955814       
-0.608980324322953      99.1472431624389        -0.0298814588719333     5.00883703729515        744.918575546598        28.7695551957775        5.00883703729517        -0.00155393273777872    0.00211639419830189     0.681030054267914       -0.421104461282831      
-0.599005514623077      99.147951789787         -0.0266246971694718     5.00887925505874        744.930178352142        28.769779251309         5.00887925505876        0.00211639419830189     -0.010484875269036      0.122670146955814       -0.597461666169912      
-0.589030455404071      99.1518219963685        -0.0243728233953258     5.00867006818814        744.928144559293        28.7697399779563        5.00867006818817        -0.010484875269036      -0.0283660901267999     -0.421104461282831      -0.347429436163112      
-0.579052787617372      99.1599981390097        -0.023484707345611      5.00810405959095        744.905383843509        28.7693004557812        5.00810405959092        -0.0283660901267999     -0.0387648912996218     -0.597461666169912      0.111891368006359       
-0.569075772208499      99.1706464644232        -0.0234329696857142     5.00733053246939        744.870308949051        28.7686231267688        5.00733053246936        -0.0387648912996218     -0.0354157083424573     -0.347429436163112      0.428870573351506       
-0.559098826901651      99.1804926898904        -0.0232610449898698     5.00662380811358        744.83912400246         28.7680209028949        5.00662380811362        -0.0354157083424573     -0.0225778161443286     0.111891368006359       0.438167710814648       
-0.549119512922359      99.1873015828799        -0.0223129324274144     5.0061732179578         744.823219118575        28.7677137530287        5.00617321795779        -0.0225778161443286     -0.00945963169860903    0.428870573351506       0.193598345451422       
-0.539140671706752      99.191400633823         -0.0205719610099767     5.00598439803732        744.82590598858         28.7677656412053        5.00598439803734        -0.00945963169860903    -0.00366259316564611    0.438167710814648       -0.144163749366756      
-0.529156468969366      99.1943689971774        -0.0185449234539465     5.00591127597943        744.837315414951        28.7679859762154        5.0059112759794         -0.00366259316564611    -0.00797983643218528    0.193598345451422       -0.334668768183025      
-0.519174597340547      99.1986198160076        -0.0169306000611806     5.00575195631004        744.845527810853        28.7681445702023        5.00575195631001        -0.00797983643218528    -0.0180021383709013     -0.144163749366756      -0.244442586854941      
-0.50919198316821       99.2053105391262        -0.0161137143828863     5.00539256356178        744.842285457569        28.7680819554815        5.00539256356176        -0.0180021383709013     -0.0253210933769437     -0.334668768183025      0.0453340511063956      
-0.499211298913759      99.2130616256444        -0.0159019991628408     5.00488717570127        744.825269688371        28.7677533531397        5.00488717570129        -0.0253210933769437     -0.0239640767932284     -0.244442586854941      0.293846597023391       
-0.489236953192541      99.2180084013086        -0.015700566064766      5.00440904285504        744.791247686364        28.7670963213639        5.00440904285503        -0.0239640767932284     -0.015170505968419      0.0453340511063956      0.298398809542549       
-0.479262196517652      99.220006395887         -0.0149964221764752     5.00410641850014        744.761206273925        28.7665161501262        5.00410641850013        -0.015170505968419      -0.00624255295431681    0.293846597023391       0.105491493682781       
-0.469289646657849      99.2221128973244        -0.013770748429739      5.00398191089538        744.758487148545        28.7664636367602        5.00398191089537        -0.00624255295431681    -0.00308664445690708    0.298398809542549       -0.0977833928734168     
-0.459319539550106      99.2278263169226        -0.012411092258865      5.00392035523068        744.792209868816        28.7671149032057        5.00392035523069        -0.00308664445690708    -0.00601227422247786    0.105491493682781       -0.180236073026806      
-0.449347136711569      99.2378775238036        -0.0113356269625163     5.00380042138144        744.849800055913        28.7682270734749        5.00380042138143        -0.00601227422247786    -0.0114068158556002     -0.0977833928734168     -0.116805440023519      
-0.43936571582146       99.2437344324948        -0.0107149538786757     5.00357275084439        744.859867947702        28.7684214981887        5.00357275084435        -0.0114068158556002     -0.0149042377523758     -0.180236073026806      0.0244851397928604      
-0.429382627409518      99.2466318196503        -0.0104120412437931     5.00327518216072        744.837314844447        28.767985965198         5.00327518216075        -0.0149042377523758     -0.0141709005986228     -0.116805440023519      0.138737422549132       
-0.419399476762513      99.2507900587669        -0.0101304728080142     5.00299221704938        744.826395300019        28.7677750906581        5.00299221704938        -0.0141709005986228     -0.0100151409411419     0.0244851397928604      0.154692372566173       
-0.409412786273629      99.2539842903176        -0.00963957144770927    5.00279220450227        744.820588310087        28.7676629474077        5.00279220450223        -0.0100151409411419     -0.00538064759543751    0.138737422549132       0.0700660464681396      
-0.399427284464984      99.2547963459082        -0.00890864819240666    5.00268472877432        744.810680905921        28.767471616894         5.00268472877432        -0.00538064759543751    -0.00328120255206078    0.154692372566173       -0.047877143126192      
-0.389435985069975      99.2553665297918        -0.00809598400189961    5.0026191778796         744.805200164108        28.767365772967         5.00261917787957        -0.00328120255206078    -0.00471566497590177    0.0700660464681396      -0.106258061088939      
-0.379448676818259      99.2568921634465        -0.00742541569258968    5.0025249922813         744.802625555717        28.76731605207          5.00252499228133        -0.00471566497590177    -0.0078986317274774     -0.047877143126192      -0.0640212864568945     
-0.369468753170462      99.2596006193504        -0.00700923749995004    5.00236729011453        744.799469052105        28.7672550934817        5.00236729011452        -0.0078986317274774     -0.00981608142026961    -0.106258061088939      0.0265515223688585      
-0.359484393424997      99.2632495688348        -0.00676100656476417    5.00217129659807        744.797666700414        28.7672202862991        5.00217129659806        -0.00981608142026961    -0.00902081900684401    -0.0640212864568945     0.0901629037996393      
-0.349499888483112      99.2670994060907        -0.00649924860692549    5.00199115510525        744.799729833329        28.7672601297094        5.00199115510525        -0.00902081900684401    -0.00632021472860593    0.0265515223688585      0.08639344544507        
-0.339514203205253      99.2705567494095        -0.00609946357795574    5.00186495263683        744.806877950426        28.7673981743691        5.0018649526368         -0.00632021472860593    -0.00373271387952731    0.0901629037996393      0.024220196293253       
-0.329533945560069      99.273848995925         -0.00557387388597883    5.00179042861792        744.820481579818        28.7676608862532        5.00179042861789        -0.00373271387952731    -0.00300736382899339    0.08639344544507        -0.0323742214127331     
-0.319549939142008      99.2774772858123        -0.00504967004058577    5.00173038606469        744.838762188441        28.7680139156985        5.00173038606473        -0.00300736382899339    -0.00397691896147059    0.024220196293253       -0.0405878096339222     
-0.309567854287537      99.2825030644601        -0.00464791460852167    5.00165098195793        744.864643415398        28.7685137185198        5.00165098195791        -0.00397691896147059    -0.00519259101350329    -0.0323742214127331     -0.00903417209193333    
-0.299583556260269      99.289613612913         -0.00439242020789224    5.00154729313887        744.902547303704        28.7692456801376        5.00154729313885        -0.00519259101350329    -0.00546320643542907    -0.0405878096339222     0.0322791428708892      
-0.289597019394223      99.2997239323436        -0.00421448731784093    5.00143818496276        744.962146547226        28.7703965628875        5.00143818496279        -0.00546320643542907    -0.00449613448836611    -0.00903417209193333    0.0492034337891308      
-0.279611483140274      99.3141399567524        -0.00401662815630571    5.0013483781096         745.05691919408         28.7722265618557        5.00134837810961        -0.00449613448836611    -0.00302174858043426    0.0322791428708892      0.0317973558444662      
-0.269620619702797      99.3354826762082        -0.0037598900386142     5.0012880063972         745.208037177296        28.7751443123574        5.00128800639724        -0.00302174858043426    -0.00206871296544969    0.0492034337891308      -0.00105668519533747    
-0.259629752126874      99.3677306356492        -0.00348155347549412    5.0012466653082         745.443797221176        28.7796957211383        5.00124666530819        -0.00206871296544969    -0.00210039643557733    0.0317973558444662      -0.0233910505526087     
-0.249634419209378      99.4163155115698        -0.00323586972463233    5.00120467215509        745.80201243736         28.7866097814275        5.00120467215511        -0.00210039643557733    -0.00280214734751996    -0.00105668519533747    -0.0191372493589862     
-0.239630021992477      99.4886223295813        -0.00304670343780074    5.00114860755057        746.336077546065        28.7969149108809        5.00114860755055        -0.00280214734751996    -0.00337672722075057    -0.0233910505526087     0.00574271056024698     
-0.229618691479496      99.5941513109344        -0.00289600420043997    5.00108099096232        747.117625398208        28.8119887353667        5.00108099096233        -0.00337672722075057    -0.00320413548213979    -0.0191372493589862     0.0259827229856428      
-0.21959715604048       99.7450199996126        -0.00273718802462302    5.00101676025025        748.239775154338        28.8336180169826        5.00101676025026        -0.00320413548213979    -0.00242215571862895    0.00574271056024698     0.0230605884487593      
-0.209559175306239      99.9560274097391        -0.00253390777480537    5.00096812406419        749.815360326287        28.8639598485779        5.00096812406422        -0.00242215571862895    -0.00172668690079564    0.0259827229856428      0.00405758240081311     
-0.199497250856746      100.24580285518         -0.00228967074021727    5.00093336832412        751.983870799367        28.9056678563482        5.00093336832415        -0.00172668690079564    -0.00160397157376548    0.0230605884487593      -0.0110304354465973     
-0.189401938276248      100.63720130171         -0.00203880395317566    5.00090097851389        754.915017696928        28.9619485550903        5.00090097851388        -0.00160397157376548    -0.00193882053766099    0.00405758240081311     -0.00908129560960615    
-0.179267475044818      101.155046132264        -0.00181592965682866    5.00086166271675        758.793588289777        29.0362529777628        5.00086166271677        -0.00193882053766099    -0.00221588169240323    -0.0110304354465973     0.00301320798468844     
-0.169075307397274      101.823394878585        -0.00162757404062977    5.00081647179987        763.800165485114        29.1318871777819        5.00081647179984        -0.00221588169240323    -0.00212335415196358    -0.00908129560960615    0.0115588160916531      
-0.158805902219854      102.6654138874          -0.00145490606358322    5.00077284960339        770.109621542108        29.2519633062297        5.00077284960343        -0.00212335415196358    -0.00176549744751835    0.00301320798468844     0.013735699334104       
-0.148448872012355      103.700419509121        -0.00128091126520334    5.00073625287761        777.867670916813        29.3989355611694        5.00073625287764        -0.00176549744751835    -0.00133591467586181    0.0115588160916531      0.0132287861864474      
-0.13797464437209       104.932563886229        -0.00110463982756644    5.00070824984416        787.105706854745        29.5729926876749        5.00070824984416        -0.00133591467586181    -0.000917137704665111   0.013735699334104       0.00996454002157193     
-0.127356743614924      106.352219541608        -0.000934938054314367   5.00068876904727        797.751524737456        29.7723123563088        5.00068876904726        -0.000917137704665111   -0.000597324999272443   0.0132287861864474      0.0057533339776029      
-0.116585045541492      107.946229276398        -0.000786159853963762   5.00067589728168        809.706160417385        29.9945580326644        5.00067589728164        -0.000597324999272443   -0.000409900670391568   0.00996454002157193     0.00497835019063326     
-0.105648311598209      109.683622738395        -0.000671036197944652   5.00066692789773        822.736897139852        30.2349484526296        5.00066692789773        -0.000409900670391568   -0.000245158308885213   0.0057533339776029      0.00867347482361095     
-0.0945297827992115     111.515562255185        -0.000584139279116535   5.00066147617948        836.477364245998        30.486378820822         5.00066147617945        -0.000245158308885213   4.65055820930151e-05    0.00497835019063326     0.0107863683847863      
-0.0832284896506795     113.380883906063        -0.000498690068116548   5.00066252718139        850.469306171628        30.7402975871453        5.00066252718136        4.65055820930151e-05    0.000415022728904274    0.00867347482361095     0.00666197712969854     
-0.0717506477190485     115.208929418308        -0.000395640540924976   5.00067205409854        864.183110587115        30.9871498561566        5.00067205409856        0.000415022728904274    0.000646135349117126    0.0107863683847863      0.000881170068262772    
-0.0600972851884235     116.920386022026        -0.000289017978741959   5.00068711016895        877.023400944482        31.2165091817434        5.00068711016898        0.000646135349117126    0.000677140731333021    0.00666197712969854     -0.00189241787180049    
-0.048278395363164      118.427217190181        -0.000202865675086854   5.00070310491139        888.329029063429        31.4170694768771        5.00070310491137        0.000677140731333021    0.000609720679893775    0.000881170068262772    -0.00352486619655433    
-0.0363275340808295     119.615776959137        -0.000140488599931054   5.00071767131035        897.247094410608        31.5743759401795        5.00071767131032        0.000609720679893775    0.000482886292518894    -0.00189241787180049    -0.00583753543163966    
-0.0242675825814634     120.391242028256        -9.13926567408684e-05   5.00072930784469        903.066018627782        31.6765952615524        5.00072930784469        0.000482886292518894    0.00027137414063132     -0.00352486619655433    -0.00605425854499406    
-0.0121425932943067     120.739252374644        -4.59628824209768e-05   5.00073588262103        905.677667686076        31.7223662366349        5.00073588262105        0.00027137414063132     5.11607983982363e-05    -0.00583753543163966    -0.00429796290877433    
2.91415902041443e-06    120.807160561212        1.69792028978798e-06    5.00073712484754        906.187279148801        31.731289835268         5.00073712484751        5.11607983982363e-05    -0.000105354261344848   -0.00605425854499406    -0.00344334727693762    
0.0121485625382209      120.739364548395        5.27251310112289e-05    5.00073456675601        905.678270797971        31.7223767989652        5.00073456675601        -0.000105354261344848   -0.000230600302082187   -0.00429796290877433    -0.00482566663675497    
0.0242734674775756      120.391320465121        0.000102714855588202    5.00072897982678        903.066547754314        31.676604541563         5.00072897982679        -0.000230600302082187   -0.000405451741586942   -0.00344334727693762    -0.00571325300997784    
0.0363335330939423      119.615776890267        0.000152308514783004    5.00071920910579        897.247369810902        31.5743807858858        5.00071920910577        -0.000405451741586942   -0.000611032362039745   -0.00482566663675497    -0.00295220571125572    
0.0482852119276332      118.427113192103        0.000216212535582917    5.00070461115999        888.32851653917         31.4170604137867        5.00070461115996        -0.000611032362039745   -0.000716207511050799   -0.00571325300997784    0.00161069694105712     
0.0601030412166577      116.920270664259        0.000302675986229322    5.00068769427901        877.022638083799        31.2164956052227        5.00068769427898        -0.000716207511050799   -0.000659537283804182   -0.00295220571125572    0.0052921325440425      
0.0717558701617924      115.208863210253        0.00039781432977291     5.00067232777624        864.182661255104        30.9871418002712        5.00067232777623        -0.000659537283804182   -0.000475965460456201   0.00161069694105712     0.00850405160057163     
0.0832302118827543      113.38089287884         0.000486285918988754    5.00066140324796        850.469182327512        30.7402953489663        5.00066140324789        -0.000475965460456201   -0.000185443086516393   0.0052921325440425      0.0102122070763271      
0.0945334100075944      111.515542418122        0.000570580415127824    5.00065721237635        836.476502227865        30.4863631121972        5.00065721237628        -0.000185443086516393   0.000157956103726321    0.00850405160057163     0.0096418054668013      
0.105651138981117       109.683731733275        0.000665296749789241    5.00066072493686        822.736694164648        30.234944723038         5.00066072493687        0.000157956103726321    0.000477014558522097    0.0102122070763271      0.00778085895601779     
0.116587631473704       107.946333841576        0.000781071184161845    5.00067116234411        809.70617808351         29.9945583598742        5.00067116234404        0.000477014558522097    0.000730474412686236    0.0096418054668013      0.00645203300039943     
0.127358295358257       106.352290926464        0.000919997288038517    5.00068690237305        797.751762410002        29.7723167913118        5.00068690237311        0.000730474412686236    0.000937535957244225    0.00778085895601779     0.00979562113016093     
0.137975835597393       104.93260298576         0.00108238431913261     5.00070681457891        787.10577423359         29.5729939534477        5.00070681457885        0.000937535957244225    0.001247605148403       0.00645203300039943     0.0164849712254569      
0.148447834266705       103.700487384442        0.00126082057191208     5.00073296407704        777.867668481355        29.3989355151462        5.00073296407711        0.001247605148403       0.00176313606037748     0.00979562113016093     0.0147702071003252      
0.158805806703785       102.665460753744        0.00143780479620966     5.00076951038363        770.109458860215        29.2519602165624        5.00076951038355        0.00176313606037748     0.00222039206164001     0.0164849712254569      -0.000256147698428437   
0.169073888320351       101.823408784512        0.00160880455972402     5.00081512391916        763.800063927882        29.131885241049         5.0008151239192         0.00222039206164001     0.00221252675544092     0.0147702071003252      -0.0118691255179348     
0.179265772044987       101.155080407166        0.00180025854398376     5.00086024421968        758.793630163566        29.0362537789411        5.0008602442196         0.00221252675544092     0.00185042477764524     -0.000256147698428437   -0.00744424450155872    
0.18940014198005        100.637251324181        0.00203716662137842     5.00089776696216        754.914908130462        28.9619464533581        5.00089776696209        0.00185042477764524     0.00162444408841553     -0.0118691255179348     0.00809643296022862     
0.199495333397665       100.245851495371        0.00230558634369359     5.00093056985446        751.983814866435        28.9056667813392        5.00093056985451        0.00162444408841553     0.00186931533833053     -0.00744424450155872    0.0223501149703484      
0.209557187535965       99.9560782527069        0.00256082377973302     5.00096819834354        749.815752859388        28.8639674038101        5.00096819834358        0.00186931533833053     0.00254338651441897     0.00809643296022862     0.0212392190321338      
0.219597401222218       99.7450074286375        0.00276430880562191     5.00101927235848        748.240056708234        28.8336234418591        5.0010192723584         0.00254338651441897     0.00318262880516473     0.0223501149703484      0.00319779646893258     
0.229617332198038       99.5941514709974        0.00291559628602523     5.001083072054          747.117937495781        28.8119947532617        5.00108307205398        0.00318262880516473     0.00327873413071634     0.0212392190321338      -0.0157902113590737     
0.239629708108325       99.4886351063834        0.00305789916571362     5.00114872390785        746.336190758434        28.7969170949954        5.00114872390791        0.00327873413071634     0.00280467321755341     0.00319779646893258     -0.0194549546060153     
0.249632099158166       99.4163161160535        0.00324353611783363     5.00120483504657        745.802041263188        28.7866103377399        5.00120483504663        0.00280467321755341     0.00222103318790703     -0.0157902113590737     -0.00236616179984772    
0.259627544666726       99.3676959808289        0.00349012518269031     5.00124923832859        745.443920757881        28.7796981058578        5.00124923832866        0.00222103318790703     0.00215008669327589     -0.0194549546060153     0.0284895549676525      
0.269618610668764       99.3354308807876        0.00376796100670892     5.00129220753189        745.208274593858        28.7751488961078        5.00129220753189        0.00215008669327589     0.00300401034543324     -0.00236616179984772    0.0485183029113342      
0.279610773316877       99.314075806162         0.0040223160964861      5.00135222754635        745.057011389783        28.7722283420389        5.00135222754627        0.00300401034543324     0.00445785341680757     0.0284895549676525      0.0336964475956711      
0.289595307237329       99.2997045885575        0.00422017596620193     5.00144126524818        744.962460234249        28.7704026201745        5.00144126524826        0.00445785341680757     0.00546731033650342     0.0485183029113342      -0.00854960292477177    
0.299580523463402       99.2895762971698        0.00439546038870012     5.00155044208242        744.90273633493         28.7692493304711        5.00155044208245        0.00546731033650342     0.00521123680528602     0.0336964475956711      -0.0425724205751422     
0.309563598823942       99.2824341498754        0.00463980161398601     5.0016544929537         744.864649255656        28.7685138313024        5.00165449295362        0.00521123680528602     0.00393621206610562     -0.00854960292477177    -0.032850152343663      
0.319545504939786       99.2774257723563        0.00503319018443704     5.00173308100935        744.838777024567        28.7680142022074        5.00173308100937        0.00393621206610562     0.00295239863747252     -0.0425724205751422     0.0259253681422498      
0.329529421088632       99.2738079891699        0.00556058463812911     5.00179202868556        744.820412186236        28.7676595461377        5.00179202868553        0.00295239863747252     0.00372883060995684     -0.032850152343663      0.0847314244333994      
0.339511740234691       99.2704933495879        0.00609385653739424     5.00186647785956        744.806629388825        28.7673933741509        5.00186647785961        0.00372883060995684     0.00626654359937607     0.0259253681422498      0.0882722179987266      
0.349494832928439       99.2670726539382        0.00650101005127573     5.00199160170336        744.799595611014        28.7672575375975        5.00199160170337        0.00626654359937607     0.00891044780261473     0.0847314244333994      0.0286618609610218      
0.359480254259524       99.2632111917049        0.00677016382437053     5.00216953450505        744.797116380431        28.7672096584603        5.00216953450507        0.00891044780261473     0.00976892237355233     0.0882722179987266      -0.0619037324762137     
0.369464334510854       99.2595699176897        0.00702298083976249     5.00236459596568        744.798837550546        28.76724289787          5.00236459596561        0.00976892237355233     0.00791474412995852     0.0286618609610218      -0.106623550517238      
0.379445855664798       99.2568663217471        0.00743975425120481     5.00252263644759        744.802080896089        28.7673055335796        5.00252263644764        0.00791474412995852     0.00472063482354427     -0.0619037324762137     -0.0469351019928414     
0.389434447878455       99.2553602261074        0.00810752533448334     5.0026169267996         744.804817714074        28.7673583870885        5.00261692679958        0.00472063482354427     0.00331435905794932     -0.106623550517238      0.0722554037936821      
0.399423908364857       99.2547923592101        0.00891143112527302     5.00268313800323        744.810414152148        28.7674664653619        5.00268313800323        0.00331435905794932     0.00547939384107586     -0.0469351019928414     0.152944525971486       
0.409410547696461       99.2539600829996        0.00962732732033718     5.00279258676876        744.820463566009        28.767660538374         5.00279258676882        0.00547939384107586     0.01006153285714        0.0722554037936821      0.134221322122252       
0.419397032408932       99.2507636398586        0.0101071357279011      5.002993530005          744.826392507402        28.7677750367278        5.00299353000501        0.01006153285714        0.014082051247502       0.152944525971486       0.0226936132432516      
0.429380291014917       99.2465730241287        0.0103929396103225      5.00327471804086        744.836804495729        28.767976109551         5.00327471804078        0.014082051247502       0.0147617343758744      0.134221322122252       -0.113920364808279      
0.439362953408656       99.2437793076135        0.0107110983454401      5.00356944408435        744.859712488538        28.7684184960703        5.00356944408427        0.0147617343758744      0.0113507183164312      0.0226936132432516      -0.173576797060312      
0.449345456158043       99.2378619659882        0.0113422201457923      5.00379599476459        744.84902435162         28.7682120935131        5.0037959947646         0.0113507183164312      0.00615577803347693     -0.113920364808279      -0.0905028969408433     
0.459316086653335       99.2278084272881        0.0124109411174402      5.00391877907568        744.791840993746        28.767107779425         5.00391877907577        0.00615577803347693     0.00344812129904782     -0.173576797060312      0.104587776294972       
0.469284700609322       99.2220157925024        0.0137508378104561      5.0039875392165         744.758595962437        28.7664657382407        5.00398753921646        0.00344812129904782     0.0065768077079251      -0.0905028969408433     0.285274620832226       
0.479259511477576       99.2198007790557        0.0149645896882417      5.00411871255157        744.761492601168        28.7665216798426        5.0041187125515         0.0065768077079251      0.0151116830003034      0.104587776294972       0.28206152395754        
0.489230942889457       99.2178633859917        0.015681098704123       5.00442013607259        744.791810080433        28.7671071824215        5.00442013607263        0.0151116830003034      0.023552039212962       0.285274620832226       0.0478792725250139      
0.499206048992312       99.2129995974686        0.0159095830985235      5.00489001554265        744.825226646111        28.7677525219185        5.00489001554257        0.023552039212962       0.0249851970757237      0.28206152395754        -0.234377589992237      
0.509185788493712       99.2053211891288        0.0161348924819636      5.00538870688957        744.841791515126        28.7680724166977        5.00538870688956        0.0249851970757237      0.0179674619609732      0.0478792725250139      -0.329443598088269      
0.519170147831639       99.1986106008368        0.0169455160259426      5.00574741977174        744.84478359012         28.7681301981921        5.00574741977175        0.0179674619609732      0.00810205107118439     -0.234377589992237      -0.142600261426116      
0.529150855273071       99.1943964779321        0.0185451137592023      5.005909166085          744.837207829725        28.7679838985735        5.00590916608504        0.00810205107118439     0.0038318517567908      -0.329443598088269      0.193781456773483       
0.539132332034511       99.1913246408151        0.0205556382889697      5.00598566022454        744.825523155896        28.7677582480398        5.00598566022448        0.0038318517567908      0.00963434057622362     -0.142600261426116      0.42853198741809        
0.549114087964407       99.1872380215468        0.022283392990651       5.00617798455115        744.823450997854        28.7677182310283        5.00617798455108        0.00963434057622362     0.0224651399078235      0.193781456773483       0.412185811733163       
0.559093850825956       99.1804137238736        0.0232410413148634      5.00662638135052        744.838913794807        28.7680168434555        5.00662638135049        0.0224651399078235      0.0348039383433119      0.42853198741809        0.117570413681162       
0.569071910983966       99.1707050807887        0.0234621621993843      5.00732086887475        744.869311698085        28.7686038686869        5.00732086887478        0.0348039383433119      0.0383226737219593      0.412185811733163       -0.324067259676287      
0.579044587432285       99.160149364199         0.0235533029672656      5.00808539998041        744.903744436082        28.7692687976459        5.00808539998048        0.0383226737219593      0.0286249363018292      0.117570413681162       -0.584001247101317      
0.589020848979713       99.1519146167361        0.0244260204818597      5.00865645909644        744.926816365342        28.7697143299713        5.00865645909653        0.0286249363018292      0.0111489814091173      -0.324067259676287      -0.417480722148111      
0.598995065109198       99.1479372944294        0.0266198566407153      5.00887888180404        744.930013932747        28.7697760763067        5.00887888180406        0.0111489814091173      -0.00134408146598474    -0.584001247101317      0.103765909358195       
0.608970466094067       99.1469205916978        0.0298074110346609      5.00885206785345        744.91838734054         28.7695515614172        5.00885206785351        -0.00134408146598474    0.00176090364480013     -0.417480722148111      0.654233205331213       
0.61894474163585        99.1453237295249        0.0329264703097119      5.00888719465937        744.911613658762        28.7694207576718        5.00888719465928        0.00176090364480013     0.0213361703436886      0.103765909358195       0.786217847353826       
0.628917130147444       99.1388458068658        0.0348453010484278      5.00931276789504        744.926229142065        28.7697029904351        5.009312767895          0.0213361703436886      0.0448585299038838      0.654233205331213       0.343550871664012       
0.638890263374559       99.1269110069744        0.0352950232394588      5.01020747315436        744.969585476775        28.7705402080511        5.01020747315438        0.0448585299038838      0.0551355340931414      0.786217847353826       -0.368172032075116      
0.648861692247471       99.1124866912253        0.0351956728619793      5.01130694778209        745.024639751546        28.771603279614         5.01130694778202        0.0551355340931414      0.0441232140079454      0.343550871664012       -0.899560153600081      
0.65882831584344        99.1006365224822        0.0360168908796883      5.01218669932875        745.066338409498        28.7724084344996        5.01218669932883        0.0441232140079454      0.0172187232469597      -0.368172032075116      -0.890697102043091      
0.668800678049062       99.095375402787         0.038853220088678       5.01253003153097        745.077817788457        28.7726300846338        5.01253003153094        0.0172187232469597      -0.00942165920054925    -0.899560153600081      -0.310058490157589      
0.678768268473049       99.0969673540435        0.0436786397437381      5.01234216276011        745.061861505501        28.7723219915232        5.01234216276009        -0.00942165920054925    -0.0186956500997874     -0.890697102043091      0.566632972838461       
0.68874091358037        99.1016695452964        0.0493086510733302      5.01196936252474        745.041797304114        28.7719345756728        5.01196936252473        -0.0186956500997874     -0.00174904847312979    -0.310058490157589      1.32183727904531        
0.698708992776258       99.10478867201          0.0539552296219951      5.01193449099651        745.06006285225         28.7722872618824        5.01193449099655        -0.00174904847312979    0.0377812629013914      0.566632972838461       1.20635378546466        
0.708675045485983       99.0994519503408        0.0560871099975934      5.01268766872814        745.131901153786        28.7736743328918        5.0126876687282         0.0377812629013914      0.0738571095316566      1.32183727904531        0.0250114896132391      
0.718645297897478       99.0822530134297        0.0559494634562174      5.01416021690779        745.221436892296        28.7754030166255        5.0141602169077         0.0738571095316566      0.0746051194113857      1.20635378546466        -1.32104941797516       
0.728614337686087       99.0614492768328        0.0559630205668367      5.01564773093149        745.285999932198        28.776649483222         5.01564773093147        0.0746051194113857      0.0350974708524631      0.0250114896132391      -1.89062358946702       
0.738583001686631       99.0508955591268        0.0588918993143968      5.01634745568848        745.310561882536        28.7771236668322        5.0163474556884         0.0350974708524631      -0.0214388202223222     -1.32104941797516       -1.2720612692108        
0.748549863501621       99.0558739684094        0.0659097360907063      5.01592008002745        745.284520924219        28.7766209298107        5.01592008002753        -0.0214388202223222     -0.05946672016183       -1.89062358946702       0.256985839498015       
0.75851680230177        99.0652258133287        0.0757570195167239      5.01473508997228        745.17879612319         28.774579756043         5.01473508997228        -0.05946672016183       -0.0517866464172638     -1.2720612692108        1.70656518432693        
0.768469952659554       99.0703120584872        0.0852936614682953      5.01370358792128        745.063768536177        28.7723588137446        5.01370358792127        -0.0517866464172638     -0.000798653809648071   0.256985839498015       2.1386812206137         
0.778433316684569       99.0676666921209        0.0915582964067813      5.01368768072695        745.041510078976        28.7719290296593        5.01368768072688        -0.000798653809648071   0.063099070572819       1.70656518432693        1.23906759688777        
0.788388456132475       99.053225000319         0.0936496100380329      5.01494454508014        745.119645581919        28.7734377041264        5.01494454508022        0.063099070572819       0.10012452165308        2.1386812206137         -0.573116409430326      
0.798352621975831       99.0314363291426        0.0934274341695515      5.01693927107626        745.252052986146        28.7759941036148        5.01693927107632        0.10012452165308        0.0829960237542096      1.23906759688777        -2.38263313751002       
0.808314055229591       99.0116941821116        0.094598376913408       5.01859312804019        745.349112026944        28.777867885407         5.01859312804028        0.0829960237542096      0.0117705257389642      -0.573116409430326      -3.21129222871957       
0.81828090717697        99.0065170446483        0.100866192012448       5.01882772411938        745.344978918268        28.7777880958034        5.01882772411931        0.0117705257389642      -0.084248103319205      -2.38263313751002       -1.90999001325584       
0.828247384408675       99.023372972812         0.113917140906323       5.01714813993558        745.222397281036        28.7754215584727        5.01714813993552        -0.084248103319205      -0.141370688963342      -3.21129222871957       1.26623315326823        
0.838219910255006       99.0544868910359        0.131083641920245       5.01432912291247        745.037697559309        28.7718554138378        5.01432912291241        -0.141370688963342      -0.103495310216097      -1.90999001325584       3.78325157166366        
0.84818959070693        99.0772716387631        0.145828745626388       5.0122651831593         744.902338616083        28.769241650224         5.01226518315936        -0.103495310216097      0.00967618551758224     1.26623315326823        3.87239140640469        
0.858162404988003       99.0737616085372        0.152979615411069       5.01245815255976        744.904626119211        28.7692858235849        5.01245815255972        0.00967618551758224     0.125507958255993       3.78325157166366        1.34727241598325        
0.868132523968532       99.0430157412903        0.152355859092504       5.01496090166962        745.045277289029        28.7720017704139        5.0149609016697         0.125507958255993       0.165799198019965       3.87239140640469        -2.41889627639427       
0.878101390686106       99.0028739513624        0.149155479926675       5.01826599573663        745.234133745483        28.7756481488058        5.01826599573671        0.165799198019965       0.0934887806474587      1.34727241598325        -5.6704370288642        
0.888062175832932       98.9796449790482        0.151091782540971       5.02012871099037        745.33583634443         28.777611597761         5.02012871099042        0.0934887806474587      -0.0759826606941058     -2.41889627639427       -5.40476450307796       
0.8980206969707         98.9966810692128        0.164811920398788       5.01861498339367        745.239340380294        28.7757486702546        5.01861498339362        -0.0759826606941058     -0.237533053496621      -5.6704370288642        -0.473961891117146      
0.907986896671609       99.0517960826148        0.189793157703696       5.01388078014931        744.950844926836        28.7701783280851        5.01388078014924        -0.237533053496621      -0.251706367281968      -5.40476450307796       5.31784567305708        
0.917957403202421       99.1104374144032        0.21594902778148        5.00886136511977        744.645661267688        28.7642845917504        5.00886136511979        -0.251706367281968      -0.0926107442247394     -0.473961891117146      9.9008531554763         
0.927933289811991       99.1315432502904        0.231378305162297       5.00701387762831        744.529519147373        28.7620413266315        5.00701387762834        -0.0926107442247394     0.203641868907288       5.31784567305708        7.73138478083135        
0.937908918386091       99.0824059459551        0.226631863126822       5.01107627453538        744.764240489489        28.766574748588         5.01107627453534        0.203641868907288       0.43488672229796        9.9008531554763         12.3349082291752        
0.947879237058742       98.9786772373415        0.206200325044848       5.01974536319923        745.271634176607        28.7763721398227        5.01974536319915        0.43488672229796        0.803391104560395       7.73138478083135        8.86852324022776        
0.957831232087885       98.7889946310794        0.160821491270379       5.03573440895075        746.212709234066        28.794534767596         5.03573440895074        0.803391104560395       1.06784928115731        12.3349082291752        10.5951299132557        
0.96776081379295        98.5389973303278        0.0978223312527765      5.05694051747571        747.458772226748        28.818566010796         5.05694051747578        1.06784928115731        1.38301243072145        8.86852324022776        10.9984525605226        
0.977667074092867       98.2186478366167        0.0142119410421299      5.08433142554965        749.064236656056        28.8494990647066        5.08433142554974        1.38301243072145        1.70914931352245        10.5951299132557        5.37313259998777        
0.98753547342268        97.8281300184512        -0.0903672303719394     5.11806158637717        751.035591471819        28.8874365516264        5.11806158637716        1.70914931352245        1.86787746435858        10.9984525605226        -3.97339867689681       
0.997362530456578       97.4080825087849        -0.204252219408083      5.15477238720966        753.174741010987        28.9285468585192        5.15477238720967        1.86787746435858        1.7509860463676         5.37313259998777        -12.227226708159        
1.00714752146759        97.0214402465469        -0.309249597466065      5.18904053073883        755.172278684981        28.9668829812595        5.18904053073891        1.7509860463676         1.39269972204082        -3.97339867689681       -7.68277979403517       
1.01689202051853        96.7207289226713        -0.389653605602805      5.2161930411723         756.770989715325        28.9975284332864        5.21619304117227        1.39269972204082        1.16830088332146        -12.227226708159        -12.572733451337        
1.02661065846464        96.4715903361666        -0.455048341942962      5.23890864452836        758.108772845313        29.023147330006         5.23890864452842        1.16830088332146        0.801916830164505       -7.68277979403517       -8.08579675859419       
1.03631544721485        96.2992518398223        -0.496219535019608      5.25447352364158        759.002803708259        29.0402556559809        5.25447352364149        0.801916830164505       0.566668557453923       -12.572733451337        -10.1425058286498       
1.04600641731871        96.1768530668857        -0.522136205570978      5.26545686319409        759.622606592165        29.0521103955589        5.26545686319412        0.566668557453923       0.271968326411518       -8.08579675859419       -4.82974383766084       
1.05568428684838        96.1157534653856        -0.528924407224479      5.27072164763177        759.89907370267         29.0573967194943        5.27072164763183        0.271968326411518       0.131776357504638       -10.1425058286498       -1.80983814974713       
1.06535373634364        96.0833079385263        -0.526658096928245      5.27327051495955        760.009912098014        29.0595157889233        5.27327051495957        0.131776357504638       0.0792721831160513      -4.82974383766084       -0.666306250261545      
1.07502171182462        96.0648365677206        -0.520915821724591      5.27480338259535        760.084687313823        29.0609452953582        5.27480338259533        0.0792721831160513      0.0599466578594384      -1.80983814974713       -0.23677157316703       
1.08468984287646        96.0523155419469        -0.513840400774706      5.27596246655066        760.152617436889        29.0622438805802        5.27596246655075        0.0599466578594384      0.0530796162660338      -0.666306250261545      -0.0942691221940971     
1.0943561166032         96.0421701572689        -0.506194049166316      5.27698874816297        760.220176903592        29.0635353226072        5.27698874816301        0.0530796162660338      0.0503454348805357      -0.23677157316703       -0.0417422401999852     
1.10402495700017        96.0319023408892        -0.498250627183273      5.2779622675227         760.279135550458        29.0646623076213        5.27796226752262        0.0503454348805357      0.0491346357551174      -0.0942691221940971     -0.0383642227055791     
1.11369459272326        96.0209639711425        -0.490095433621576      5.2789124827769         760.329397973303        29.0656230312126        5.27891248277691        0.0491346357551174      0.0480217108484594      -0.0417422401999852     -0.0448539718367954     
1.12336450259278        96.0098008381302        -0.481761542019828      5.27984123272506        760.374757816321        29.0664900188883        5.27984123272514        0.0480217108484594      0.0467205840573653      -0.0383642227055791     -0.0531543141767638     
1.13303546612539        95.9991418983914        -0.473242746704917      5.28074472888639        760.42044383632         29.0673632148253        5.28074472888631        0.0467205840573653      0.0451788657212682      -0.0448539718367954     -0.0449552250927174     
1.14270020737982        95.9893697518861        -0.464505799414935      5.2816182233617         760.46880679585         29.0682875464703        5.28161822336174        0.0451788657212682      0.04387511239918        -0.0531543141767638     -0.0570773173290479     
1.15236803959116        95.9800280872767        -0.455549185528695      5.28246647406088        760.516920825691        29.0692070913094        5.28246647406085        0.04387511239918        0.0422201310639651      -0.0449552250927174     -0.0724652474043173     
1.16203423339306        95.9714151135274        -0.446366650019775      5.2832825530052         760.566154584779        29.0701480060594        5.2832825530052         0.0422201310639651      0.0401193635915965      -0.0570773173290479     -0.0575983203672476     
1.17169229927162        95.9632606154021        -0.436933451426591      5.28405777891844        760.61312061779         29.0710455535284        5.28405777891845        0.0401193635915965      0.0384498565701787      -0.0724652474043173     -0.0696701038156886     
1.18135594632262        95.9556248508014        -0.427219636464259      5.28480075365914        760.659537794023        29.0719325848073        5.28480075365911        0.0384498565701787      0.036430458396749       -0.0575983203672476     -0.0606093503083141     
1.19101701090284        95.9487191404445        -0.417265341984333      5.28550474640728        760.706115642777        29.0728226593302        5.28550474640729        0.036430458396749       0.034673593860176       -0.0696701038156886     -0.0777696286361935     
1.20067981498179        95.9422499551722        -0.407025324470859      5.28617479057287        760.751254595809        29.0736852114265        5.28617479057281        0.034673593860176       0.0324195084232156      -0.0606093503083141     -0.064537299186973      
1.21034181351908        95.9363996793073        -0.396523109715473      5.28680120682916        760.79501040511         29.0745213088541        5.28680120682923        0.0324195084232156      0.0305490424384179      -0.0777696286361935     -0.0813027101250473     
1.21999941426364        95.9311689274203        -0.38573991786451       5.28739142383435        760.83845979787         29.0753515274034        5.2873914238343         0.0305490424384179      0.0281927328740799      -0.064537299186973      -0.0719115609451633     
1.22966283652601        95.9263920090592        -0.374690727197238      5.28793616753252        760.87895658841         29.0761253071315        5.28793616753245        0.0281927328740799      0.0261087016363732      -0.0813027101250473     -0.0692211911992623     
1.23932265469762        95.9220893418597        -0.363365265541399      5.28844058671081        760.917405656387        29.0768599415868        5.28844058671081        0.0261087016363732      0.0241027937688578      -0.0719115609451633     -0.0610625794375259     
1.24897952429561        95.9181881198515        -0.351774861199635      5.28890617106602        760.95344559683         29.0775485287347        5.28890617106607        0.0241027937688578      0.0223333791189355      -0.0692211911992623     -0.0709241698807894     
1.25863919423934        95.9147000224994        -0.339920249287729      5.28933762350457        760.987847214241        29.078205798506         5.28933762350458        0.0223333791189355      0.020277872373788       -0.0610625794375259     -0.060130464274911      
1.26830043735049        95.9120625876657        -0.327821314834688      5.28972946262327        761.023294936414        29.0788830393851        5.2897294626233         0.020277872373788       0.0185349247068378      -0.0709241698807894     -0.0550877288354674     
1.27796524685125        95.9105598945858        -0.315466157655065      5.29008766197509        761.062904327207        29.0796397717106        5.29008766197504        0.0185349247068378      0.0169381846963669      -0.060130464274911      -0.0569304428018678     
1.28762567223021        95.9105024560508        -0.302883456999738      5.29041494795718        761.109533789363        29.0805305963622        5.29041494795712        0.0169381846963669      0.0152883412397966      -0.0550877288354674     -0.0527669120493104     
1.29728476499003        95.9120665829332        -0.290100785275215      5.29071027848521        761.164434751623        29.081579407507         5.29071027848522        0.0152883412397966      0.0137595029756582      -0.0569304428018678     -0.04620139315231       
1.30694089195642        95.9146120894657        -0.277122670042685      5.29097602495392        761.222869512178        29.0826956856971        5.29097602495394        0.0137595029756582      0.0124210179347587      -0.0527669120493104     -0.0363331551723088     
1.31659688074079        95.9190283515412        -0.263963862819782      5.29121591274677        761.292433723325        29.0840245137224        5.2912159127467         0.0124210179347587      0.0113683383222304      -0.04620139315231       -0.0508705537344751     
1.32625488463321        95.9262317139551        -0.250624173431618      5.29143551400091        761.381203823254        29.0857201279111        5.29143551400094        0.0113683383222304      0.00989408049086902     -0.0363331551723088     -0.0401892554550688     
1.33591672319672        95.9301050240408        -0.237106943956765      5.29162670303069        761.439458054629        29.0868327991021        5.29162670303067        0.00989408049086902     0.00872911240286889     -0.0508705537344751     -0.0335986915363704     
1.34558219688868        95.9300721109167        -0.223424655937259      5.29179541173847        761.463473166435        29.0872914816846        5.29179541173852        0.00872911240286889     0.00775521901299274     -0.0401892554550688     -0.018812620952639      
1.35524367498763        95.9279452625761        -0.209613910017458      5.29194526114338        761.468153015267        29.0873808647757        5.29194526114341        0.00775521901299274     0.00721006704865018     -0.0335986915363704     -0.0490732569397733     
1.36490003504885        95.9244166405816        -0.195670912962275      5.29208452009365        761.460180603954        29.087228594999         5.29208452009374        0.00721006704865018     0.00578836098984396     -0.018812620952639      -0.0312453114609389     
1.37455486742891        95.9233043013563        -0.18162344067553       5.29219630594774        761.467435016908        29.087367151335         5.29219630594773        0.00578836098984396     0.00488318170544953     -0.0490732569397733     -0.0116954365024679     
1.3842131973021         95.9228517772122        -0.167433528191072      5.2922906220991         761.477413358313        29.087557732518         5.29229062209903        0.00488318170544953     0.00454434269368311     -0.0312453114609389     -0.00600559264397551    
1.3938706798872         95.9208904968576        -0.153157782636552      5.29237839752536        761.474473105447        29.087501575332         5.29237839752528        0.00454434269368311     0.00437033574349655     -0.0116954365024679     -0.0264556326567637     
1.40352802172878        95.9179204860424        -0.138812446727558      5.2924628160018         761.463041340895        29.0872832339895        5.29246281600174        0.00437033574349655     0.00360378213022248     -0.00600559264397551    -0.01590774769635       
1.41318834569342        95.9147128904151        -0.124387372397689      5.29253243260515        761.4475931048          29.08698817732          5.29253243260512        0.00360378213022248     0.00314289875741784     -0.0264556326567637     -0.0228726604246732     
1.42284565676556        95.9115885781355        -0.109873590692071      5.29259313274528        761.431522588995        29.0866812321187        5.29259313274533        0.00314289875741784     0.00248042179552665     -0.01590774769635       -0.0137650229923453     
1.43249756114551        95.9066838339347        -0.0952975169045898     5.29264101700597        761.399472996759        29.086069078527         5.29264101700605        0.00248042179552665     0.0020819182270586      -0.0228726604246732     -0.0233184138353792     
1.44214621389706        95.9008712849888        -0.0806895029964035     5.29268118936548        761.359106240731        29.0852980471183        5.29268118936552        0.0020819182270586      0.00140722172848797     -0.0137650229923453     -0.0129264185675485     
1.45178868254366        95.8818340599206        -0.0660383220782697     5.29270832592861        761.21187215137         29.0824856065825        5.29270832592861        0.00140722172848797     0.00103348948929903     -0.0233184138353792     -0.0128919480638077     
1.46142266510674        95.8100848744097        -0.0513752407583939     5.29272823788104        760.645112532851        29.0716569212629        5.292728237881          0.00103348948929903     0.000661178697698642    -0.0129264185675485     -0.00733053322494667    
1.47104567088997        95.652179881395         -0.0367026117869186     5.29274095968777        759.393315512522        29.0477253940729        5.29274095968776        0.000661178697698642    0.000449846482038876    -0.0128919480638077     -0.00955430487090812    
1.48064788076061        95.3882991614996        -0.0220625857727722     5.29274959698444        757.299572916087        29.0076536435949        5.29274959698453        0.000449846482038876    0.000173950615907122    -0.00733053322494667    -0.00598952899371111    
1.49022154145948        95.1090554652196        -0.00745807031133672    5.29275294796826        755.083100538026        28.9651725839849        5.29275294796831        0.000173950615907122    -1.05004418433119e-12   -0.00955430487090812    -0.00598952899371111    
1.5                     95.1090554652196        0.00745807031133672     5.29275294796826        755.083100538026        28.9651725839849        5.29275294796829        -1.05004418433119e-12   -1.05004418433119e-12   -0.00598952899371111    -0.00598952899371111    
