# xp[i]                    V[i]                   up[i]                    p[i]                    e[i]                   cs[i]                  dd1[i]             dd2_left[i]            dd2_right[i]             dd3_left[i]            dd3_right[i]
-1.5                    97.5634470325997        -0.00229095478832027    5.04801735764362        738.75296113816         28.6502464821307        5.04801735764362        0.000960889024557935    0.000960889024557935    0.0349165884450151      0.0349165884450151      
-1.49009163443247       97.5634470325997        0.00229095478832027     5.04801735764362        738.75296113816         28.6502464821307        5.04801735764362        0.000960889024557935    0.000960889024557935    0.0349165884450151      0.0349165884450151      
-1.48025777601532       97.8923532087305        0.0068262266297612      5.04803630959658        741.246230144287        28.6985526182514        5.04803630959658        0.000960889024557935    0.00199452032030661     0.0349165884450151      0.0354845555585729      
-1.4703871533838        98.2141990424218        0.0113802660644844      5.04807566499272        743.6890622142          28.7458028282043        5.04807566499272        0.00199452032030661     0.00304591088758731     0.0349165884450151      0.0390473880969291      
-1.46049873720136       98.4092437684017        0.0159406488059978      5.04813590484237        745.174855253481        28.7745036689211        5.04813590484237        0.00304591088758731     0.00420534633143829     0.0354845555585729      0.0383219292588672      
-1.45059162092181       98.4939143334946        0.0205101277918399      5.04821922753559        745.828308200386        28.7871172614184        5.04821922753559        0.00420534633143829     0.00534490088794387     0.0390473880969291      0.0320636036879618      
-1.44066723937723       98.5132938833978        0.0250922057246471      5.04832526283521        745.990725354999        28.790251539849         5.04832526283521        0.00534490088794387     0.00629917376062294     0.0383219292588672      0.0324060378634189      
-1.43074593787934       98.5182686410707        0.0296806463716285      5.04845027701377        746.046870917896        28.7913349410296        5.04845027701377        0.00629917376062294     0.00726419699540292     0.0320636036879618      0.02831289444826        
-1.42082067600311       98.5230030442228        0.0342758299925271      5.0485945169198         746.104039439305        28.7924380396293        5.0485945169198         0.00726419699540292     0.00810795190251639     0.0324060378634189      0.0235919392787897      
-1.41087994771995       98.5239801982386        0.0388773752786206      5.04875568517382        746.135257727715        28.7930403961273        5.04875568517382        0.00810795190251639     0.00881148945175421     0.02831289444826        0.0272380428623399      
-1.40093106426487       98.5227772978492        0.0434754382943851      5.04893092898889        746.152046263493        28.7933643255119        5.0489309289889         0.00881148945175421     0.00962383440508331     0.0235919392787897      0.0401988827197227      
-1.39099335226161       98.5218653401303        0.0480615984114901      5.04912224220027        746.173412447867        28.79377657388          5.04912224220027        0.00962383440508331     0.0108223575675194      0.0272380428623399      0.0471815481508125      
-1.38105945040215       98.5217239806163        0.0526352899780599      5.04933729911083        746.204123502041        28.794369115854         5.04933729911083        0.0108223575675194      0.0122289307924453      0.0401988827197227      0.0479293548138324      
-1.37112188626096       98.5194326127734        0.0571856347614351      5.04958036289976        746.22268842823         28.7947273033764        5.04958036289977        0.0122289307924453      0.0136579414531224      0.0471815481508125      0.0376291213200493      
-1.3611786611873        98.5157037585463        0.0617099069671471      5.04985187189457        746.23456655416         28.7949564749369        5.04985187189457        0.0136579414531224      0.0147798202018598      0.0479293548138324      0.0301814296011608      
-1.35124426887635       98.5133249090047        0.0662205203941135      5.05014560182951        746.259951766217        28.795446240416         5.05014560182951        0.0147798202018598      0.0156796291677261      0.0376291213200493      0.0260107128317262      
-1.34130884850439       98.5104406246783        0.0707280491095239      5.05045722697703        746.284150178397        28.7959131008088        5.05045722697703        0.0156796291677261      0.0164552272713975      0.0301814296011608      0.0240340410923138      
-1.33136503594235       98.505600886284         0.0752406757893379      5.05078441455126        746.295830553674        28.7961384477864        5.05078441455125        0.0164552272713975      0.0171720385040618      0.0260107128317262      0.0269248335174662      
-1.32142107380892       98.4955601208457        0.0797555855810749      5.05112588423434        746.270209812845        28.7956441500146        5.05112588423434        0.0171720385040618      0.0179749765480914      0.0240340410923138      0.0380430041763998      
-1.31148238000413       98.481086772689         0.0842636106723149      5.05148318326897        746.213330553436        28.7945467551957        5.05148318326897        0.0179749765480914      0.0191090598501013      0.0269248335174662      0.0451728143027273      
-1.30154856971405       98.4696736977779        0.0887461492425114      5.05186286563484        746.182931917476        28.7939602447279        5.05186286563484        0.0191090598501013      0.020455373760091       0.0380430041763998      0.0416583785356198      
-1.29161641775405       98.4598980098536        0.0932006584078355      5.05226926030658        746.168874132157        28.7936890101548        5.05226926030658        0.020455373760091       0.0216969653658566      0.0451728143027273      0.0360770440243596      
-1.28167977311685       98.4502260851257        0.097635840147716       5.05270040387108        746.15924565227         28.7935032342805        5.05270040387107        0.0216969653658566      0.0227724336948817      0.0416583785356198      0.0241546600528934      
-1.27174292254008       98.4412281826752        0.102049791967201       5.05315302704453        746.1578852659          28.7934769863265        5.05315302704453        0.0227724336948817      0.0234925630615258      0.0360770440243596      0.0108912172625916      
-1.2618014192732        98.4333047369035        0.106464393488705       5.05361997746599        746.16677289962         28.7936484682072        5.05361997746599        0.0234925630615258      0.0238172389283515      0.0241546600528934      0.00977456078939132     
-1.25186823451814       98.4264629237583        0.110904146927871       5.05409326458913        746.184784980447        28.7939959980172        5.05409326458912        0.0238172389283515      0.0241085520935387      0.0108912172625916      0.0204033015963179      
-1.24193286715206       98.4201166578895        0.115363853649195       5.05457220155162        746.207378598654        28.7944319192802        5.05457220155163        0.0241085520935387      0.0247164650553254      0.00977456078939132     0.0318314888532884      
-1.23200507976247       98.4134016763204        0.119807796397353       5.05506308431087        746.228930723137        28.7948477398135        5.05506308431087        0.0247164650553254      0.0256648124617998      0.0204033015963179      0.0458504846215014      
-1.22207490821749       98.4064711992523        0.124218462393346       5.0555728174339         746.251621281797        28.7952855184818        5.05557281743389        0.0256648124617998      0.0270307786090911      0.0318314888532884      0.047596856200655       
-1.2121407049545        98.399025444997         0.128569883908632       5.05610972357027        746.274404013431        28.7957250687866        5.05610972357026        0.0270307786090911      0.0284487896997403      0.0458504846215014      0.0366201730027004      
-1.2022137431784        98.3911865444864        0.132846375339307       5.05667471451997        746.298337696683        28.7961868173294        5.05667471451996        0.0284487896997403      0.0295397479741994      0.047596856200655       0.0136944926390368      
-1.19228201156265       98.3834641181494        0.137078631451181       5.057261391652          746.326341992546        28.7967270901196        5.057261391652          0.0295397479741994      0.0299476933627901      0.0366201730027004      -0.00221922926833331    
-1.18235123566154       98.3759718718596        0.141314447816066       5.05785614278171        746.357270451309        28.7973237655344        5.05785614278171        0.0299476933627901      0.0298815913516683      0.0136944926390368      -0.00453131698311401    
-1.17242519094935       98.3682539947265        0.145584448597967       5.05844943484343        746.386258239239        28.7978829900787        5.05844943484342        0.0298815913516683      0.0297466434056208      -0.00221922926833331    0.0175203911465787      
-1.16249852041156       98.3611741191021        0.149888770184629       5.05903998796845        746.419669698097        28.7985275414116        5.05903998796846        0.0297466434056208      0.0302683431019187      -0.00453131698311401    0.0410402033359803      
-1.15257237593299       98.3539732040224        0.154176425740534       5.05964082540039        746.453667245111        28.7991833843545        5.05964082540039        0.0302683431019187      0.0314903088318979      0.0175203911465787      0.0554539334488031      
-1.14265062039963       98.34642022471          0.158403345867602       5.06026585885513        746.488548905579        28.7998562671101        5.06026585885514        0.0314903088318979      0.0331414734839585      0.0410402033359803      0.0575188990157818      
-1.13272339916393       98.3386752303906        0.16255806620416        5.06092376611619        746.526807902798        28.800594282117         5.06092376611618        0.0331414734839585      0.0348542136893292      0.0554539334488031      0.0374812356270434      
-1.12279663940117       98.3308634057125        0.166631629519551       5.06161570976762        746.569564454052        28.8014190324414        5.06161570976762        0.0348542136893292      0.0359702759003409      0.0575188990157818      0.00362907204332715     
-1.11287235869164       98.3236170867969        0.170650192750719       5.0623297042106         746.61985110588         28.8023890040369        5.06232970421059        0.0359702759003409      0.036078315089116       0.0374812356270434      -0.0206036149203792     
-1.10294854356718       98.3165215367801        0.174689363745829       5.06304567664441        746.671558964268        28.8033863550079        5.06304567664442        0.036078315089116       0.0354650468955028      0.00362907204332715     -0.0186912932718122     
-1.09303055037887       98.3088808258727        0.17879771649499        5.06374933968684        746.717295551047        28.8042685021788        5.06374933968685        0.0354650468955028      0.0349088057621098      -0.0206036149203792     -0.00382343562242832    
-1.08310829283742       98.3006159727628        0.182968633636241       5.0644418768771         746.75663408291         28.8050272248692        5.06444187687708        0.0349088057621098      0.0347950470708611      -0.0186912932718122     0.0302380129043723      
-1.07319386715954       98.2917081229897        0.187150564682811       5.06513196278526        746.790708735772        28.8056844069163        5.06513196278526        0.0347950470708611      0.0356943882779156      -0.00382343562242832    0.0536408449202228      
-1.06327922094119       98.2833876501553        0.191289572253935       5.06583955877409        746.831809692729        28.8064770820871        5.06583955877409        0.0356943882779156      0.0372891581717251      0.0302380129043723      0.0677557893443283      
-1.05337547496034       98.276598897204         0.195333077722631       5.06657847991604        746.889151577871        28.8075829441924        5.06657847991603        0.0372891581717251      0.0393031010906042      0.0536408449202228      0.0458003414748415      
-1.04346565692711       98.2722769873589        0.199259182108079       5.06735724565981        746.971102259072        28.8091633234804        5.06735724565982        0.0393031010906042      0.0406645037995684      0.0677557893443283      0.00932795287053311     
-1.03356032153567       98.2664050031968        0.203102467637233       5.06816313261446        747.045256517645        28.8105932778137        5.06816313261444        0.0406645037995684      0.0409418586451692      0.0458003414748415      -0.0316904305479591     
-1.02364491765332       98.2586478492194        0.206953920861464       5.06897485223907        747.105922444062        28.8117630769884        5.06897485223906        0.0409418586451692      0.0399995243607311      0.00932795287053311     -0.0546228957665657     
-1.01372875134054       98.2499364284285        0.210903587533588       5.06976785242511        747.156553811486        28.812739347022         5.0697678524251         0.0399995243607311      0.038375672409486       -0.0316904305479591     -0.0423823938998357     
-1.00382600706343       98.2376928015505        0.214988405014334       5.07052817530557        747.175483840912        28.8131043458607        5.07052817530556        0.038375672409486       0.0371161883716794      -0.0546228957665657     0.016857476535154       
-0.993922408079295      98.2254720074535        0.219177167934194       5.0712633615043         747.190856036797        28.8134007410286        5.07126336150431        0.0371161883716794      0.0376171111002419      -0.0423823938998357     0.0898765509152117      
-0.984016957095709      98.2154656559153        0.223348076058194       5.07200863153106        747.224534334967        28.8140500900933        5.07200863153105        0.0376171111002419      0.0402880481097465      0.016857476535154       0.109792842439977       
-0.974107467531086      98.2059455590608        0.227361899023163       5.07280687134187        747.269693157945        28.8149207714403        5.07280687134189        0.0402880481097465      0.0435508769030412      0.0898765509152117      0.085055378760663       
-0.964205266506689      98.1961488594085        0.231172849140327       5.07366963930704        747.322228747282        28.8159336468806        5.07366963930702        0.0435508769030412      0.0460783120338294      0.109792842439977       0.0208099117403948      
-0.954298005735781      98.1860352150158        0.234832391005581       5.07458241960153        747.379692228744        28.8170414903085        5.07458241960154        0.0460783120338294      0.0466966372331304      0.085055378760663       -0.0458697479212765     
-0.944396076739459      98.1759342131227        0.238458911971508       5.07550739981272        747.439020873346        28.8181852476936        5.07550739981273        0.0466966372331304      0.0453337699801715      0.0208099117403948      -0.091342097195801      
-0.934490629257961      98.1662173607806        0.242193613145405       5.07640532963464        747.497263500508        28.8193080243188        5.07640532963464        0.0453337699801715      0.042620061067919       -0.0458697479212765     -0.0872696664813949     
-0.924589283811141      98.1572843329129        0.246117897505605       5.077249445618          747.553526193975        28.8203925910876        5.07724944561799        0.042620061067919       0.0400277658589407      -0.091342097195801      -0.0210479726173158     
-0.9146862174061        98.1488090500177        0.250229251774991       5.0780420365273         747.605667286621        28.8213976699917        5.07804203652731        0.0400277658589407      0.0394026939969171      -0.0872696664813949     0.0819788876507379      
-0.904791639824126      98.1404664319748        0.254387263660239       5.07882202387172        747.656943521635        28.8223860435992        5.07882202387173        0.0394026939969171      0.0418367386915136      -0.0210479726173158     0.154573348990036       
-0.894893302205405      98.1317204099614        0.258398367105091       5.07965006892041        747.712200515609        28.8234511102719        5.07965006892042        0.0418367386915136      0.0464256068351804      0.0819788876507379      0.160068326088827       
-0.884999966235845      98.1220327878716        0.262115989935729       5.08056887161763        747.773618102857        28.8246348748747        5.08056887161762        0.0464256068351804      0.0511771849824697      0.154573348990036       0.0708216891379127      
-0.875103255280658      98.1111222719176        0.265532424145843       5.08158160926159        747.839511901488        28.8259048600673        5.08158160926159        0.0511771849824697      0.0532793445101923      0.160068326088827       -0.0489431081058017     
-0.865212312889706      98.0998846848346        0.268810351547855       5.08263586908385        747.908988978194        28.8272438459446        5.08263586908383        0.0532793445101923      0.0518266747182829      0.0708216891379127      -0.144809100837215      
-0.855316104096813      98.0889215676339        0.272201525111572       5.08366136125517        747.976290810854        28.8285408504769        5.08366136125516        0.0518266747182829      0.0475289042271368      -0.0489431081058017     -0.181934243331527      
-0.845425550566635      98.0789707105671        0.275894776312575       5.08460173462233        748.038756907383        28.829744611105         5.08460173462231        0.0475289042271368      0.0421294502435336      -0.144809100837215      -0.114863725497944      
-0.835532277429962      98.070420926994         0.279966038195531       5.08543525193942        748.096163632008        28.8308508301632        5.08543525193943        0.0421294502435336      0.038720624410231       -0.181934243331527      0.0421884492457809      
-0.82564003501318       98.0631962141927        0.284277737820502       5.0862013479231         748.153741149411        28.83196029774          5.08620134792311        0.038720624410231       0.0399725748084035      -0.114863725497944      0.173288148252025       
-0.815747357571008      98.0562303165974        0.288524830579238       5.08699210281811        748.216903878966        28.8331773382864        5.08699210281811        0.0399725748084035      0.0451145097490805      0.0421884492457809      0.260782561297445       
-0.805860083267298      98.0489814067831        0.292437370387457       5.08788448065731        748.292836265744        28.8346403608527        5.08788448065731        0.0451145097490805      0.0528515398795225      0.173288148252025       0.210115916152228       
-0.795966740259904      98.0390830724242        0.295846091502432       5.08892980666332        748.371018097802        28.8361466469083        5.08892980666332        0.0528515398795225      0.0590838328949159      0.260782561297445       0.0292647095164799      
-0.78608363153617       98.0256573109821        0.298849390230521       5.09009794749195        748.440295620269        28.8374813128152        5.09009794749195        0.0590838328949159      0.0599515352206905      0.210115916152228       -0.166995571779455      
-0.77620138261954       98.0100578860639        0.301813523410736       5.09128270374646        748.49536876276         28.8385422802109        5.09128270374646        0.0599515352206905      0.0550025713115431      0.0292647095164799      -0.287348340221048      
-0.766325188821722      97.9969379867169        0.305113366534661       5.09236914871493        748.554875508131        28.839688615751         5.09236914871493        0.0550025713115431      0.0464900154807711      -0.166995571779455      -0.271688329518695      
-0.756454582485816      97.9890986482619        0.308988973175597       5.09328710782168        748.629919278388        28.8411341909508        5.09328710782167        0.0464900154807711      0.0384426942129848      -0.287348340221048      -0.115352251983382      
-0.746581397384722      97.9874590182688        0.313419964909688       5.09404620800711        748.728966066396        28.8430420276209        5.09404620800709        0.0384426942129848      0.0350255846755296      -0.271688329518695      0.110115378610509       
-0.736705814883163      97.9841027296269        0.318091059633871       5.094738011024          748.804998979066        28.844506486005         5.09473801102402        0.0350255846755296      0.0382883668813379      -0.115352251983382      0.335433259879255       
-0.726827440145742      97.9755778615114        0.32256024276288        5.09549444339774        748.851018873021        28.8453928320744        5.09549444339774        0.0382883668813379      0.0482287375448856      0.110115378610509       0.422321829970219       
-0.716947385706534      97.966768709981         0.326389612436383       5.09644731993295        748.923713751711        28.84679288455          5.09644731993291        0.0482287375448856      0.0607437550929199      0.335433259879255       0.28342443489057        
-0.707070983232423      97.956007704731         0.329401131332015       5.09764729006231        749.017765832016        28.8486041609568        5.09764729006234        0.0607437550929199      0.0691405342696482      0.422321829970219       -0.00745602917587942    
-0.697194591748227      97.9398874160652        0.331856474376021       5.09901267297096        749.095090685798        28.8500932154434        5.09901267297095        0.0691405342696482      0.0689197199991995      0.28342443489057        -0.337316939624439      
-0.687327903372789      97.9207479355618        0.334318688541384       5.10037308862775        749.148521383261        28.8511220922411        5.10037308862774        0.0689197199991995      0.0589321390343202      -0.00745602917587942    -0.504854589568904      
-0.677459401620476      97.9046434414244        0.337458037042887       5.10153625302682        749.196131784136        28.8520388608295        5.10153625302678        0.0589321390343202      0.0439833847771203      -0.337316939624439      -0.410746214285438      
-0.667588388590756      97.8944282707596        0.341614402424853       5.10240459167857        749.245470462708        28.8529888777712        5.10240459167853        0.0439833847771203      0.0318209184695884      -0.504854589568904      -0.107386502817955      
-0.657714067469251      97.8879699622988        0.34659966103638        5.10303276531626        749.288277071857        28.8538130942834        5.10303276531625        0.0318209184695884      0.0286415786799987      -0.410746214285438      0.248583865050204       
-0.647851918448971      97.8826051113878        0.351798498956996       5.10359797378968        749.330197673601        28.8546202284179        5.10359797378971        0.0286415786799987      0.0359999371389192      -0.107386502817955      0.544118364204704       
-0.637982847664074      97.8758547101122        0.356514211607325       5.10430835606492        749.382814580733        28.8556332759545        5.10430835606488        0.0359999371389192      0.0521053075542713      0.248583865050204       0.629271323567325       
-0.628117387387466      97.865330950727         0.360153461970368       5.10533657147394        749.453179773219        28.8569879804455        5.10533657147389        0.0521053075542713      0.0707304819712973      0.544118364204704       0.432509359693818       
-0.618250558270188      97.8505742508761        0.362554345923131       5.10673213603288        749.54500808433         28.8587558075598        5.10673213603286        0.0707304819712973      0.0835290806100376      0.629271323567325       -0.0724989452858343     
-0.608388202178908      97.8331090653794        0.364104650384076       5.10837977642459        749.653013721488        28.8608349328961        5.10837977642459        0.0835290806100376      0.081384064311851       0.432509359693818       -0.583902082955264      
-0.59852904248463       97.8160442363886        0.365810082263647       5.1099848548754         749.757756917652        28.8628511126837        5.10998485487542        0.081384064311851       0.0641092406687614      -0.0724989452858343     -0.776307753023883      
-0.588665178928357      97.8027208069649        0.368682098501662       5.1112493699002         749.841142648686        28.8644560864259        5.11124936990021        0.0641092406687614      0.0411402959930779      -0.583902082955264      -0.617273790079029      
-0.578803305724984      97.7948534369232        0.373088114557307       5.1120608996698         749.89986966575         28.8655863859785        5.11206089966977        0.0411402959930779      0.0228777692766999      -0.776307753023883      -0.200654771738929      
-0.568939096007475      97.7910059136393        0.378717958924094       5.11251211589734        749.936553838903        28.8662924117175        5.11251211589734        0.0228777692766999      0.0169421702017997      -0.617273790079029      0.389948268130362       
-0.559083564876302      97.7884200755317        0.384742310888147       5.11284618346299        749.965725555087        28.8668538399453        5.11284618346295        0.0169421702017997      0.0284757287223566      -0.200654771738929      0.830421844303669       
-0.549222618043961      97.7835055729438        0.389994819276544       5.11340764737468        750.010387775694        28.8677133716255        5.11340764737473        0.0284757287223566      0.0530357967824294      0.389948268130362       0.911284580801964       
-0.53936548316625       97.7730175695976        0.39359893241551        5.11445336334846        750.083307830335        28.8691166749047        5.11445336334845        0.0530357967824294      0.0799886609804814      0.830421844303669       0.643623653181635       
-0.529506354004148      97.7568947707017        0.39540315854838        5.11603055895585        750.190891493313        28.8711869342528        5.11603055895589        0.0799886609804814      0.0990251108352846      0.911284580801964       -0.0286981597346565     
-0.519646267524058      97.7365175050489        0.395929521491182       5.11798322097613        750.320785001219        28.8736863097261        5.11798322097612        0.0990251108352846      0.0981764059799886      0.643623653181635       -0.811359402419388      
-0.509787855237101      97.7167288393524        0.39649406302201        5.11991865947102        750.452554990605        28.8762215709013        5.11991865947102        0.0981764059799886      0.0741874015449623      -0.0286981597346565     -1.19911066344923       
-0.499936993893428      97.7023312201865        0.398635110601763       5.12138068430901        750.556247884536        28.8782164708691        5.12138068430897        0.0741874015449623      0.038746557103257       -0.811359402419388      -1.02392832462889       
-0.490082759109451      97.6953934029736        0.403128304413163       5.12214404203019        750.614815879256        28.8793431727258        5.12214404203015        0.038746557103257       0.0084972333907601      -1.19911066344923       -0.505984791956873      
-0.48023948095064       97.6927551491284        0.409615993209993       5.1223113514931         750.619062988525        28.8794248747852        5.12231135149313        0.0084972333907601      -0.00644482080144226    -1.02392832462889       0.253590231429057       
-0.470400522131782      97.6926563980948        0.417078175094805       5.12218450528768        750.599716324072        28.8790526992234        5.12218450528769        -0.00644482080144226    0.00104154433421029     -0.505984791956873      1.03055555757453        
-0.460557953023537      97.692991981126         0.424029507558106       5.12220500328217        750.605298466994        28.8791600844891        5.12220500328214        0.00104154433421029     0.0314628516579339      0.253590231429057       1.43167852278097        
-0.450721278215082      97.6906287367779        0.428936919645587       5.12282414701705        750.677867745064        28.880556083925         5.12282414701707        0.0314628516579339      0.0737282884878626      1.03055555757453        1.193129989901          
-0.440880069260414      97.6823364954887        0.431012696891996       5.12427526537393        750.826771151648        28.8834202951499        5.12427526537397        0.0737282884878626      0.108958032352324       1.43167852278097        0.41771102347617        
-0.431035211270696      97.6609069688361        0.43071737004878        5.12642045522331        750.976306741053        28.8862963808303        5.1264204552233         0.108958032352324       0.121294779124428       1.193129989901          -0.978445676021485      
-0.421189693678825      97.6329044873924        0.429568519587615       5.12880888681272        751.110762270414        28.8888821804132        5.12880888681276        0.121294779124428       0.0923950044727603      0.41771102347617        -1.97892780070769       
-0.411343321486748      97.6130174145381        0.430304654212014       5.13062825756591        751.224158179953        28.8910627891886        5.13062825756591        0.0923950044727603      0.0339485704333405      -0.978445676021485      -2.05591038843004       
-0.401499134952219      97.6063876872672        0.434882022878896       5.1312966522788         751.270995571051        28.8919634264358        5.13129665227877        0.0339485704333405      -0.0267719269460856     -1.97892780070769       -1.2502588663463        
-0.391656981314341      97.6119553672863        0.443446103732495       5.13076953114141        751.236669710411        28.8913033764374        5.13076953114144        -0.0267719269460856     -0.0637006871874251     -2.05591038843004       -0.013127017052654      
-0.381806827604559      97.6259265769138        0.454419099948387       5.12951502756636        751.160486184554        28.8898383939281        5.12951502756638        -0.0637006871874251     -0.0640884221509332     -1.2502588663463        1.05914812870273        
-0.371961846219679      97.6404151413708        0.465358902230079       5.12825306125676        751.087136776674        28.8884278403168        5.12825306125677        -0.0640884221509332     -0.0328088274705236     -0.013127017052654      2.05872163410541        
-0.362119925593318      97.6485114769961        0.474157953189565       5.12760721233157        751.054817584331        28.8878063007816        5.12760721233159        -0.0328088274705236     0.0279826288314755      1.05914812870273        2.06712110439187        
-0.352278311980577      97.6433174760081        0.478849452861456       5.12815805847292        751.09554805593         28.8885895978158        5.12815805847288        0.0279826288314755      0.0890204391952192      2.05872163410541        1.10177925013256        
-0.342432881419975      97.6249130202903        0.479411706438566       5.12991052947175        751.210603862327        28.8908021476718        5.12991052947172        0.0890204391952192      0.12154827554956        2.06712110439187        -0.450977591520987      
-0.332593027401675      97.5995011586485        0.477733638757946       5.13230253690904        751.365251096383        28.8937757829603        5.13230253690901        0.12154827554956        0.108238317262224       1.10177925013256        -2.18111052815001       
-0.322759196462255      97.577769553021         0.476853911001077       5.13443168492055        751.50958760536         28.8965508823258        5.13443168492055        0.108238317262224       0.043882603908604       -0.450977591520987      -3.41203058316059       
-0.312924858838389      97.57091700972          0.480150263344858       5.13529481607551        751.583136479624        28.8979648741265        5.13529481607549        0.043882603908604       -0.0567969928861661     -2.18111052815001       -2.8547712101318        
-0.303089172755558      97.5873828424413        0.49002584420426        5.13417744013177        751.546409146747        28.8972587924635        5.13417744013176        -0.0567969928861661     -0.141058700784464      -3.41203058316059       -0.953435093257924      
-0.293248576096539      97.6245566581307        0.505394296710921       5.1314012516359         751.426158338897        28.8949468542492        5.1314012516359         -0.141058700784464      -0.16921127656412       -2.8547712101318        0.439297287553122       
-0.283403282438741      97.6711040724289        0.522521379369604       5.12806958638927        751.296327394325        28.8924505209372        5.1280695863893         -0.16921127656412       -0.156235123936214      -0.953435093257924      2.96804509771062        
-0.273555704970797      97.719234052378         0.538653842766358       5.12499245971396        751.215506531191        28.8908964233678        5.12499245971393        -0.156235123936214      -0.0685381226370718     0.439297287553122       4.46174050281874        
-0.263705181831079      97.7547890005259        0.548801533111204       5.12364221602227        751.290845612166        28.8923451148525        5.12364221602229        -0.0685381226370718     0.063326242369875       2.96804509771062        3.05465515737232        
-0.253852560265886      97.7714277207836        0.550001594041662       5.12489008605225        751.601730938127        28.898322345349         5.12489008605224        0.063326242369875       0.153631970751232       4.46174050281874        0.316778980090821       
-0.243997491998886      97.784004965287         0.545001755854483       5.12791843970821        752.142603255021        28.908718470674         5.12791843970825        0.153631970751232       0.163000925916291       3.05465515737232        -3.31138890583174       
-0.23413676758721       97.8174937263902        0.539178610708241       5.13113311781798        752.871872342149        28.9227298608272        5.13113311781793        0.163000925916291       0.0650027091017315      0.316778980090821       -6.44729109482362       
-0.224269605549772      97.9058062468468        0.539681941334302       5.13241603713354        753.739995164709        28.9394001927535        5.13241603713353        0.0650027091017315      -0.125997319932779      -3.31138890583174       -5.15985562574773       
-0.214391858722829      98.0817309764947        0.552729967620139       5.12992621589037        754.72806455434         28.9583621497092        5.12992621589033        -0.125997319932779      -0.279099273762083      -6.44729109482362       -1.71548037304451       
-0.204492701656151      98.3517286495134        0.575850912544791       5.1244002464617         755.990433797251        28.9825701221585        5.1244002464617         -0.279099273762083      -0.330124808673611      -5.15985562574773       1.7128987513778         
-0.194570168509422      98.7120978203347        0.60225877321754        5.11784538228822        757.789881008674        29.0170425211858        5.11784538228818        -0.330124808673611      -0.279001537264863      -1.71548037304451       5.50812658267683        
-0.184602961517801      99.1624918054626        0.625096821734341       5.11228342790866        760.420145290791        29.067357508816         5.11228342790867        -0.279001537264863      -0.113894201634469      1.7128987513778         8.31645368850368        
-0.17458948761686       99.699409001004         0.636510375844089       5.1100020865843         764.196282039528        29.1394402836417        5.1100020865843         -0.113894201634469      0.136669114865826       5.50812658267683        9.6396048972292         
-0.164522931827532      100.324655687672        0.630383655714206       5.11275436814186        769.402982399213        29.2385396808013        5.11275436814187        0.136669114865826       0.42879130127411        8.31645368850368        11.0645740937719        
-0.154392947721242      101.050327717285        0.603430001318859       5.12144354882387        776.285323491338        29.3690185114128        5.12144354882384        0.42879130127411        0.766461461102325       9.6396048972292         8.28008903589293        
-0.144190754577281      101.883248511719        0.551893769882234       5.13709458800587        785.075826807013        29.5348349280983        5.13709458800588        0.766461461102325       1.02131900817164        11.0645740937719        9.74201709187328        
-0.13388539596666       102.842512918198        0.48090682674785        5.15814752428606        795.715280100537        29.7342914662616        5.15814752428608        1.02131900817164        1.32408828752067        8.28008903589293        0.772739507631586       
-0.123471351557194      103.900216792125        0.38620543294156        5.18572156957578        808.196392953787        29.9665812559737        5.18572156957578        1.32408828752067        1.34835978208607        9.74201709187328        -6.08543285659349       
-0.112954939910751      105.11079903773         0.287771615928146       5.21410450335425        822.08803592069         30.223023525501         5.21410450335427        1.34835978208607        1.15495669522738        0.772739507631586       -8.51137422423052       
-0.102301866402197      106.501551261669        0.201201449947903       5.23872366609583        836.898295605634        30.4940485196271        5.23872366609582        1.15495669522738        0.880898193855006       -6.08543285659349       -8.78254818466466       
-0.0914922418102571     108.047775551952        0.132982833806293       5.25776370536039        852.13450911297         30.7703773333483        5.25776370536039        0.880898193855006       0.594202605512626       -8.51137422423052       -7.48964742966915       
-0.0805358704324892     109.693140751066        0.0847610648547308      5.2707841301121         867.253298179311        31.0421451538838        5.2707841301121         0.594202605512626       0.346293493355544       -8.78254818466466       -5.08982449213361       
-0.0694333718809854     111.3629709025          0.0545341366527165      5.27847781575571        881.740457108239        31.3003453496787        5.27847781575574        0.346293493355544       0.175385885964861       -7.48964742966915       -2.78287362624971       
-0.0581602604118612     112.966787466236        0.0369125529550979      5.28243256683025        895.10915562275         31.5367361733855        5.28243256683022        0.175385885964861       0.0806067948640315      -5.08982449213361       -1.25146315603432       
-0.0467112700450799     114.397894525524        0.0262339158048009      5.28427605939993        906.765082930478        31.7414044870677        5.28427605939991        0.0806067948640315      0.0374478636868427      -2.78287362624971       -0.571408677195898      
-0.0351419858241544     115.515899036817        0.0186597522219083      5.28514206844961        915.77690636139         31.8987444260288        5.2851420684496         0.0374478636868427      0.017547651072001       -1.25146315603432       -0.272694062692385      
-0.0234780918433168     116.208642865467        0.0122385626704267      5.28555123487813        921.340103701624        31.9954875933332        5.28555123487812        0.017547651072001       0.00798656951049035     -0.571408677195898      -0.151514352945927      
-0.0117402694930608     116.474194913098        0.00618066305162794     5.28573847983587        923.4782009401          32.0325910586928        5.28573847983585        0.00798656951049035     0.0026540208506288      -0.272694062692385      -0.131665044469918      
1.01506449365914e-05    116.504755483992        0.000217029464806462    5.28580083379583        923.731400517693        32.0369821112638        5.2858008337958         0.0026540208506288      -0.0019856382080531     -0.151514352945927      -0.170409948429933      
0.0117597849923336      116.474167193005        -0.0057617270701381     5.28575418275544        923.480724635075        32.0326348282337        5.28575418275542        -0.0019856382080531     -0.00798345236024537    -0.131665044469918      -0.275467794064588      
0.0234985557809657      116.208586808599        -0.0118087989338627     5.28556699987528        921.342407306508        31.9955275920889        5.28556699987527        -0.00798345236024537    -0.0176424491074735     -0.170409948429933      -0.56570287076524       
0.0351640953641289      115.515656707787        -0.0182701572452378     5.28515558191909        915.777326772314        31.8987517479971        5.28515558191911        -0.0176424491074735     -0.0373451386490243     -0.275467794064588      -1.29361949339993       
0.0467337968281162      114.397434201341        -0.025969634271151      5.28429191829489        906.764155535727        31.7413882552895        5.28429191829486        -0.0373451386490243     -0.0819585647603628     -0.56570287076524       -2.81555871722361       
0.0581819226143016      112.966799750566        -0.036746402757045      5.28241755329356        895.106708912679        31.5366930717692        5.28241755329359        -0.0819585647603628     -0.177848554432855      -1.29361949339993       -5.11411429991619       
0.0694553015624409      111.363792015102        -0.0545322665032092     5.2784073767367         881.735191910831        31.3002518965872        5.27840737673662        -0.177848554432855      -0.34956864746399       -2.81555871722361       -7.52782155272494       
0.0805569503736836      109.694962597165        -0.0850521071159382     5.27064103542163        867.244156865484        31.0419815530424        5.27064103542156        -0.34956864746399       -0.598748846662006      -5.11411429991619       -8.81819807055308       
0.0915141289064871      108.050671278316        -0.133661739141425      5.25752021946331        852.117883458496        30.7700771576416        5.25752021946338        -0.598748846662006      -0.886594979312341      -7.52782155272494       -8.49517450302315       
0.102325567646295       106.506045984958        -0.202331060676299      5.23835835645204        836.875253996958        30.4936287333921        5.23835835645204        -0.886594979312341      -1.16009314844222       -8.81819807055308       -6.05606823103543       
0.112971253846403       105.116507006204        -0.289278702691563      5.21363651209753        822.058888427553        30.2224877354513        5.21363651209751        -1.16009314844222       -1.35252708629196       -8.49517450302315       0.975632529162637       
0.123488889844993       103.90697764362         -0.388022102070152      5.18517010600888        808.163031425146        29.9659627545273        5.1851701060089         -1.35252708629196       -1.321885942706         -6.05606823103543       9.94044083819698        
0.133901589330607       102.848612421258        -0.482583038727389      5.15764212474404        795.684503843033        29.7337164370505        5.15764212474397        -1.321885942706         -1.01293157918466       0.975632529162637       8.3652264304789         
0.144208110310496       101.887278605045        -0.552988861797506      5.13676015354466        785.055769337248        29.5344576410758        5.13676015354466        -1.01293157918466       -0.755443766206393      9.94044083819698        11.1186893218814        
0.154413132380484       101.051638984507        -0.603757203044241      5.12133314259117        776.278661766772        29.3688924954198        5.12133314259125        -0.755443766206393      -0.416131451157013      8.3652264304789         9.46890945702198        
0.164538815601293       100.322958906109        -0.629833646937504      5.11290168568695        769.412138556223        29.2387136545639        5.1129016856869         -0.416131451157013      -0.1292256466386        11.1186893218814        8.22753604859781        
0.1746054727807         99.6959491079647        -0.63545541609311       5.11029980223223        764.21428351468         29.1397834872358        5.11029980223218        -0.1292256466386        0.118604543623882       9.46890945702198        5.34303898376932        
0.18461531536388        99.157895984734         -0.623729123504416      5.11267496167317        760.443138080012        29.0677969596752        5.11267496167318        0.118604543623882       0.278734680005644       8.22753604859781        1.4936092716641         
0.194580717553804       98.7076292545532        -0.600920620134044      5.11823059295801        757.812611713517        29.0174777162837        5.11823059295794        0.278734680005644       0.323306529920524       5.34303898376932        -1.68569060205138       
0.204503293097929       98.3489483053868        -0.574987362374678      5.12464954808486        756.005840231732        28.9828654405732        5.12464954808491        0.323306529920524       0.273171412797292       1.4936092716641         -5.13835838581218       
0.214400908587892       98.0803318114823        -0.552281500606402      5.13005768649226        754.736640154809        28.9585266689912        5.13005768649228        0.273171412797292       0.120716258143924       -1.68569060205138       -6.50926174009456       
0.224278302396065       97.9055902661166        -0.539594425089552      5.13244302966389        753.742296489688        28.9394443717238        5.13244302966396        0.120716258143924       -0.0721040607437341     -5.13835838581218       -3.39252597178152       
0.234145732133458       97.8189219161743        -0.539562454985184      5.1310200595397         752.866275831656        28.9226223613523        5.13102005953963        -0.0721040607437341     -0.172493035071834      -6.50926174009456       0.551865369368683       
0.244003381367772       97.7874404039561        -0.546014856084522      5.12761870287017        752.125062481692        28.9083813775269        5.12761870287026        -0.172493035071834      -0.156171542290511      -3.39252597178152       3.28066694054237        
0.253858264865388       97.7755736601072        -0.551184349783322      5.1245401564318         751.582280309062        28.8979484144744        5.12454015643181        -0.156171542290511      -0.059171206362177      0.551865369368683       4.43077079183568        
0.263716039593173       97.7578898144744        -0.549704520980303      5.12337383309627        751.275321981279        28.8920466176589        5.12337383309633        -0.059171206362177      0.0718075660038811      3.28066694054237        3.01694395051616        
0.273567596056347       97.7215845804302        -0.539332842570501      5.12478878981975        751.203721771817        28.8906698082389        5.12478878981984        0.0718075660038811      0.160963172059386       4.43077079183568        0.480854093818346       
0.283416391872937       97.672467965869         -0.522883216155531      5.12795927540753        751.290657086284        28.8923414897882        5.12795927540751        0.160963172059386       0.175166697024097       3.01694395051616        -0.897027913398116      
0.293261169071547       97.6245924692651        -0.505366440117655      5.13140794715466        751.427414451784        28.8949710051917        5.13140794715461        0.175166697024097       0.14868311550579        0.480854093818346       -2.99810026559587       
0.303098702580973       97.5857271461069        -0.489498892333138      5.13433357170947        751.556512508905        28.8974530309604        5.13433357170948        0.14868311550579        0.0602042841978941      -0.897027913398116      -3.69970860656941       
0.312932682029608       97.5684854500735        -0.479398468908983      5.13551781866714        751.597043353828        28.8982322287834        5.13551781866716        0.0602042841978941      -0.0489574399940037     -2.99810026559587       -2.33163793542472       
0.322768142628381       97.5764453053412        -0.476439554939385      5.13455483875093        751.517414085983        28.8967013512689        5.13455483875087        -0.0489574399940037     -0.117756647711265      -3.69970860656941       -0.325568213662204      
0.332602713834167       97.6003847749425        -0.47795260859034       5.13223831886825        751.362652017368        28.893725809082         5.13223831886827        -0.117756647711265      -0.127366569164646      -2.33163793542472       1.31679783386558        
0.342442299498087       97.6271524096354        -0.48001478718156       5.12973144337705        751.201610164606        28.8906292028826        5.12973144337698        -0.127366569164646      -0.0884838291817039     -0.325568213662204      2.28604994760501        
0.352293289919535       97.6453874239992        -0.479412335934112      5.12798909282379        751.086722512232        28.8884198735647        5.12798909282385        -0.0884838291817039     -0.0209692563990499     1.31679783386558        1.98527824520639        
0.362134073142509       97.6490240055998        -0.474260411050695      5.12757625009285        751.05422450379         28.8877948949569        5.12757625009286        -0.0209692563990499     0.0376660753629264      2.28604994760501        0.814601375136601       
0.371977517325022       97.6397962567705        -0.465138474074328      5.12831786434693        751.091867122186        28.8885188098084        5.12831786434686        0.0376660753629264      0.061727573855257       1.98527824520639        -0.0854609641163527     
0.381828211911596       97.6258376696046        -0.454341585291154      5.12953362870047        751.162526034434        28.8898776204945        5.12953362870053        0.061727573855257       0.0592030197684016      0.814601375136601       -1.1478081526684        
0.391674667658865       97.6128533452234        -0.443659008271927      5.13069953543608        751.233331966392        28.8912391943454        5.13069953543608        0.0592030197684016      0.0253030023339648      -0.0854609641163527     -2.00091327342674       
0.401517793542077       97.6076376253822        -0.43518937105392       5.13119765014771        751.266121229745        28.891869698926         5.13119765014763        0.0253030023339648      -0.0337792654486019     -1.1478081526684        -1.95240957916454       
0.411357070820698       97.6142828599408        -0.430610926760505      5.1305327776062         751.219916663175        28.8909812275806        5.13053277760616        -0.0337792654486019     -0.0914307757488821     -2.00091327342674       -1.00229965413697       
0.42120110971379        97.6338985868267        -0.429821595711304      5.12873276275252        751.107261656273        28.8888148608164        5.12873276275256        -0.0914307757488821     -0.121031944685961      -1.95240957916454       0.351632594247223       
0.431048130265045       97.6619058942251        -0.430960389946001      5.12634945076609        750.973586462446        28.8862440630378        5.12634945076602        -0.121031944685961      -0.110647492288719      -1.00229965413697       1.31389102913635        
0.440893239438524       97.6835990439292        -0.431373030458359      5.12417118004412        750.821224475831        28.8833136079146        5.12417118004405        -0.110647492288719      -0.0718571476143732     0.351632594247223       1.49267011785943        
0.450729160779426       97.6915864387533        -0.429175329186751      5.1227572330263         750.675421552406        28.8805090281473        5.12275723302633        -0.0718571476143732     -0.0277989067389199     1.31389102913635        0.913868414065153       
0.460566596473895       97.6930586662343        -0.424017061327977      5.12221026507897        750.606581890721        28.8791847740187        5.12221026507902        -0.0277989067389199     -0.000825081587804776   1.49267011785943        0.230262796285449       
0.470407563326169       97.6925994399279        -0.417045599643596      5.12219402795647        750.600674140113        28.8790711250305        5.12219402795642        -0.000825081587804776   0.00597230427919547     0.913868414065153       -0.467412549222356      
0.480247023005157       97.6927711583181        -0.409611246077053      5.12231156840428        750.619217780587        28.879427852531         5.12231156840424        0.00597230427919547     -0.00783012952448491    0.230262796285449       -1.01156317512514       
0.490088978496512       97.6953339484015        -0.403076630823815      5.12215739915884        750.616316470648        28.8793720397766        5.12215739915881        -0.00783012952448491    -0.037714772985318      -0.467412549222356      -1.28745267669486       
0.49994407403822        97.7020783706037        -0.39850560947314       5.12141433045849        750.559236424182        28.8782739639678        5.12141433045847        -0.037714772985318      -0.0757681788143079     -1.01156317512514       -0.855703566417195      
0.509796576704528       97.7168005275457        -0.396460699593528      5.11992104540772        750.453455266333        28.8762388914857        5.11992104540773        -0.0757681788143079     -0.101068272843358      -1.28745267669486       0.0452404147537092      
0.519653684323449       97.7372882141647        -0.396087433060828      5.11792872450753        750.318712210118        28.8736464273434        5.11792872450753        -0.101068272843358      -0.0997304580981973     -0.855703566417195      0.735162806466749       
0.529512215197023       97.7578352499675        -0.395610127842673      5.11596239634695        750.188113630671        28.8711334810139        5.11596239634689        -0.0997304580981973     -0.077988546132639      0.0452404147537092      0.875489377952443       
0.539370897101133       97.7735741388551        -0.393673506876158      5.11442473810183        750.08337946259         28.8691180533915        5.11442473810187        -0.077988546132639      -0.0520966932843517     0.735162806466749       0.784522423547243       
0.549227927413213       97.7837428655017        -0.390009919098083      5.113397623553          750.010737585861        28.8677201036779        5.11339762355309        -0.0520966932843517     -0.0288972587481959     0.875489377952443       0.431389104275202       
0.559086269049118       97.7888935932341        -0.384798006404391      5.11282795587448        749.966683406284        28.8668722742155        5.11282795587455        -0.0288972587481959     -0.0161412331873608     0.784522423547243       -0.219986151422334      
0.568939664001718       97.7912221881785        -0.378735163869408      5.11250978043915        749.937869817241        28.8663177387926        5.11250978043918        -0.0161412331873608     -0.0226466356903846     0.431389104275202       -0.632593414752057      
0.578798463913753       97.7950902908494        -0.373102765213495      5.11206327926633        749.90203495258         28.8656280596949        5.11206327926628        -0.0226466356903846     -0.0413574778534772     -0.219986151422334      -0.787392584057935      
0.588659478288597       97.80295906481          -0.368717786037464      5.11124763150069        749.842714310653        28.8644863362624        5.11124763150062        -0.0413574778534772     -0.0646529187961513     -0.632593414752057      -0.565098006307965      
0.598522436240251       97.8162912032438        -0.365886552528971      5.10997231125632        749.757809457542        28.8628521239777        5.10997231125626        -0.0646529187961513     -0.081373008217125      -0.787392584057935      -0.0611067002675384     
0.608386787299763       97.833494219888         -0.364172416795375      5.1083671505463         749.654112144055        28.8608560769322        5.10836715054628        -0.081373008217125      -0.0831811839204652     -0.565098006307965      0.43100834757906        
0.618247047347203       97.8508897796034        -0.362586918739868      5.1067262510566         749.54656129012         28.8587857080747        5.10672625105653        -0.0831811839204652     -0.0704263242234547     -0.0611067002675384     0.634832654802535       
0.628115798091793       97.8654452227038        -0.360148957914819      5.10533668592472        749.454071669738        28.8570051512576        5.10533668592471        -0.0704263242234547     -0.0516374621598393     0.43100834757906        0.519917921821764       
0.637979563111927       97.875973131057         -0.356467962614357      5.10431777275821        749.385103768289        28.855677349494         5.10431777275823        -0.0516374621598393     -0.0362477766876316     0.634832654802535       0.236424060845563       
0.647847389347984       97.8828609788153        -0.351765931398794      5.10360246046407        749.332815193117        28.8546706250694        5.10360246046409        -0.0362477766876316     -0.029248928358951      0.519917921821764       -0.0963906216779502     
0.657715898415766       97.8882694111069        -0.346606264098859      5.10302517001364        749.289453980932        28.8538357546547        5.10302517001357        -0.029248928358951      -0.0321029644601349     0.236424060845563       -0.400741450513206      
0.667585351593429       97.8948018023199        -0.341650796879801      5.10239142871479        749.246396447836        28.8530067073286        5.10239142871473        -0.0321029644601349     -0.0439699855068004     -0.0963906216779502     -0.499683698919169      
0.67745972917609        97.9051019848418        -0.337499533338086      5.10152329936108        749.19773835299         28.8520697958279        5.10152329936113        -0.0439699855068004     -0.0587671747542184     -0.400741450513206      -0.336067174894612      
0.687328882204511       97.9210009078867        -0.33434988321089       5.10036316502042        749.148999168775        28.8511312924501        5.10036316502048        -0.0587671747542184     -0.0687192586756545     -0.499683698919169      0.000863466181745043    
0.697198591431449       97.9402914193807        -0.331864082335416      5.09900653610517        749.097279143201        28.850135357726         5.0990065361051         -0.0687192586756545     -0.0686936828893398     -0.336067174894612      0.28145547157515        
0.707073243183083       97.956146715531         -0.329374797915705      5.09764980331274        749.01919805655         28.8486317421843        5.09764980331276        -0.0686936828893398     -0.0603541686551241     0.000863466181745043    0.411131002577855       
0.71695517829174        97.9668741082265        -0.326334772083196      5.09645733898382        748.925991789262        28.8468367568605        5.09645733898387        -0.0603541686551241     -0.0481695988484916     0.28145547157515        0.337634322951826       
0.726832214418055       97.9755440514884        -0.322506701529348      5.09550558404105        748.852397720729        28.8454193883483        5.09550558404109        -0.0481695988484916     -0.0381631470200716     0.411131002577855       0.116111916367903       
0.736713037818761       97.9841780627985        -0.31803055867969       5.09475157699139        748.807568558472        28.8445559769849        5.09475157699137        -0.0381631470200716     -0.0347228435141142     0.337634322951826       -0.129853551130829      
0.746589285319478       97.9873498080624        -0.313344603886392      5.09406579135484        748.731009964156        28.8430813957978        5.09406579135483        -0.0347228435141142     -0.0385695449957526     0.116111916367903       -0.283297177828121      
0.756456512790444       97.9891739431006        -0.308929702095081      5.09330424156803        748.633012908213        28.8411937822779        5.09330424156808        -0.0385695449957526     -0.0469599299547214     -0.129853551130829      -0.281373321908058      
0.766335505486105       97.9969637538296        -0.305075358230407      5.0923770099913         748.556227903428        28.8397146677099        5.09237700999135        -0.0469599299547214     -0.0552940183164413     -0.283297177828121      -0.171327062394017      
0.776200623108956       98.010170901189         -0.301800968908598      5.09128516232495        748.496593299234        28.8385658700913        5.09128516232502        -0.0552940183164413     -0.0603700957506112     -0.281373321908058      0.0388202456406575      
0.786083828510861       98.0257867981615        -0.298869718176485      5.09009249431484        748.440482445943        28.8374849120212        5.09009249431482        -0.0603700957506112     -0.0592192791238692     -0.171327062394017      0.221104667815601       
0.795964180771896       98.0393021376891        -0.29587064961785       5.08892169408831        748.371497282647        28.8361558788547        5.08892169408824        -0.0592192791238692     -0.0526611367056519     0.0388202456406575      0.268880287506911       
0.805861455540071       98.0489895143599        -0.292424736926013      5.08788010809161        748.292255052892        28.8346291626519        5.08788010809166        -0.0526611367056519     -0.0446838757407024     0.221104667815601       0.163275165599979       
0.815744605912848       98.0562974701752        -0.288471796059801      5.08699627733937        748.218030300694        28.8331990420898        5.08699627733938        -0.0446838757407024     -0.0398391357498623     0.268880287506911       0.0301036514820852      
0.825640300387652       98.0631157895392        -0.284212589191281      5.08620817844092        748.154132298229        28.831967834684         5.08620817844098        -0.0398391357498623     -0.0389458425444256     0.163275165599979       -0.121083028507464      
0.83552981704044        98.0703883378676        -0.279919313581229      5.0854376546952         748.096268495959        28.8308528508371        5.08543765469513        -0.0389458425444256     -0.04253948251246       0.0301036514820852      -0.178590383397273      
0.845424075087993       98.0789782337746        -0.275877335917928      5.08459594582515        748.037962647186        28.8297293055312        5.08459594582508        -0.04253948251246       -0.0478403781863205     -0.121083028507464      -0.143591526067549      
0.85531910812929        98.0890249801618        -0.272202307384206      5.08364918580374        747.975287965022        28.8285215246025        5.0836491858037         -0.0478403781863205     -0.0521025614257474     -0.178590383397273      -0.0401214841117897     
0.865214739562695       98.1001342614981        -0.268829070608895      5.08261817782606        747.908288467001        28.8272303457647        5.08261817782614        -0.0521025614257474     -0.0532932900320526     -0.143591526067549      0.0812770906319611      
0.875104539314562       98.1112370771693        -0.26555755540028       5.08156389012382        747.837779320081        28.8258714683737        5.0815638901238         -0.0532932900320526     -0.0508812426430991     -0.0401214841117897     0.161962053788619       
0.884994803459907       98.1221690778885        -0.262132186877085      5.08055724918004        747.772946120904        28.8246219233354        5.08055724918004        -0.0508812426430991     -0.0460739202368526     0.0812770906319611      0.151735827147693       
0.894892728528574       98.1317707101315        -0.258389728453849      5.07964536565725        747.71189146719         28.8234451535395        5.07964536565732        -0.0460739202368526     -0.0415689513733803     0.161962053788619       0.0707601052766957      
0.904790114761377       98.1404658269047        -0.254365101751459      5.0788224892151         747.657007415594        28.8223872751642        5.07882248921507        -0.0415689513733803     -0.03946779487177       0.151735827147693       -0.0220969213029692     
0.914688333767561       98.1487472702894        -0.250214937145793      5.07804116784645        747.605068816629        28.8213861340003        5.07804116784643        -0.03946779487177       -0.0401240498971326     0.0707601052766957      -0.084644383325986      
0.924587365985624       98.1572489438369        -0.246112306250604      5.07724666623031        747.552847449651        28.8203795072871        5.07724666623024        -0.0401240498971326     -0.0426382134070395     -0.0220969213029692     -0.0932087594999925     
0.934493346931928       98.1661872828789        -0.242180994991377      5.0764022574996         747.496582099402        28.8192948888106        5.07640225749952        -0.0426382134070395     -0.0454069419925686     -0.084644383325986      -0.0517907774136221     
0.944390425638989       98.175985751241         -0.238456059837462      5.07550310515398        747.438780797965        28.8181806195319        5.07550310515406        -0.0454069419925686     -0.046945452587489      -0.0932087594999925     0.0282210717140344      
0.954294466992241       98.1861634629073        -0.234847824554427      5.07457336286485        747.379334566144        28.817034595032         5.07457336286487        -0.046945452587489      -0.046106997731642      -0.0517907774136221     0.0927524566159264      
0.96419877733542        98.1962335925382        -0.231195953899221      5.07365999792651        747.321453488263        28.8159187003037        5.07365999792655        -0.046106997731642      -0.0433507985671252     0.0282210717140344      0.110288793788357       
0.974105478223746       98.2059402945792        -0.227369852089871      5.07280115487555        747.268811012971        28.8149037635613        5.07280115487558        -0.0433507985671252     -0.0400733363899937     0.0927524566159264      0.0802887972899378      
0.984010706366248       98.2154023695164        -0.223339698024779      5.07200723852982        747.223847629959        28.8140368499251        5.07200723852976        -0.0400733363899937     -0.0376876680625375     0.110288793788357       0.0203552422537691      
0.993916720974074       98.2254758828139        -0.219167411741159      5.07126073535139        747.190498583578        28.813393848918         5.07126073535145        -0.0376876680625375     -0.0370829441695556     0.0802887972899378      -0.0436012271026533     
1.00381471267175        98.2377593213134        -0.214985412152815      5.07052638598385        747.175726107976        28.8131090170964        5.07052638598384        -0.0370829441695556     -0.0383785061993353     0.0203552422537691      -0.0534935947333186     
1.01371848945533        98.2499495620944        -0.210917844408284      5.06976603539354        747.156385903552        28.8127361094891        5.06976603539353        -0.0383785061993353     -0.0399688629818637     -0.0436012271026533     -0.0346749629427386     
1.02363671622387        98.258707792396         -0.206972635461089      5.06897349400239        747.106178031871        28.8117680052955        5.06897349400233        -0.0399688629818637     -0.0410001219419627     -0.0534935947333186     0.00807378013641014     
1.03355442621351        98.266412695927         -0.20311250756479       5.06816047243215        747.044922889803        28.8105868444571        5.06816047243211        -0.0410001219419627     -0.0407600158601302     -0.0346749629427386     0.0458648636793039      
1.04346025030199        98.2723335127488        -0.199259757939217      5.06735256720026        746.970842265882        28.8091583097745        5.06735256720028        -0.0407600158601302     -0.0393964244389892     0.00807378013641014     0.0706988109653788      
1.05337293911614        98.2766832031377        -0.195325663822978      5.06657177475222        746.888803849925        28.8075762382422        5.06657177475228        -0.0393964244389892     -0.0372945070178159     0.0458648636793039      0.0542833426378638      
1.06327946895043        98.2835397337768        -0.191274193533512      5.0658325478581         746.831931753107        28.8064794361174        5.06583254785809        -0.0372945070178159     -0.0356803541881542     0.0706988109653788      0.0262677985010048      
1.07319638923056        98.29183129243          -0.187131238046573      5.06512514615853        746.790639511888        28.8056830718425        5.06512514615857        -0.0356803541881542     -0.0348990995604955     0.0542833426378638      -0.00133610163221772    
1.08310818684959        98.3008710817181        -0.182959022443623      5.06443309038885        746.757276480452        28.8050396146317        5.0644330903889         -0.0348990995604955     -0.0349388491159808     0.0262677985010048      -0.0132237703546572     
1.09302805101938        98.3090388876391        -0.178798177827924      5.0637400420093         746.717125060181        28.8042652138761        5.06374004200932        -0.0349388491159808     -0.0353323461411475     -0.00133610163221772    -0.0165803384407688     
1.10294860339865        98.3166942905959        -0.174689752304549      5.0630390141935         746.671888409734        28.8033927093037        5.0630390141935         -0.0353323461411475     -0.0358258449193644     -0.0132237703546572     -0.000628371020565555   
1.1128695629229         98.3236752413346        -0.170644238461497      5.06232809016405        746.620054653563        28.8023929301709        5.06232809016404        -0.0358258449193644     -0.0358445506869852     -0.0165803384407688     0.0326163970136161      
1.12279486612019        98.3309730464976        -0.166622530120589      5.06161665071287        746.570535679426        28.8014377665697        5.06161665071289        -0.0358445506869852     -0.034873464513801      -0.000628371020565555   0.0582442897060613      
1.13271912216122        98.3387160640173        -0.162554367755661      5.06092441896404        746.527214186934        28.8006021192253        5.060924418964          -0.034873464513801      -0.0331391574390376     0.0326163970136161      0.0516929368265847      
1.14264493286035        98.346425843533         -0.15839486144521       5.06026655196271        746.488693801667        28.7998590621873        5.06026655196279        -0.0331391574390376     -0.0315999093915566     0.0582442897060613      0.0375231785772551      
1.1525723582235         98.3539773551179        -0.15415812702602       5.05963923927718        746.4534647474          28.7991794780376        5.05963923927711        -0.0315999093915566     -0.0304825632371915     0.0516929368265847      0.020167012102777       
1.16249514517913        98.3611565620267        -0.149875364904943      5.05903413375249        746.418672723999        28.7985083086684        5.05903413375241        -0.0304825632371915     -0.0298820698992103     0.0375231785772551      0.00224169876454842     
1.1724238940805         98.3683780547253        -0.145576379147864      5.05844094738367        746.38594721961         28.79787699003          5.05844094738374        -0.0298820698992103     -0.0298153204496239     0.020167012102777       -0.000903552545545784   
1.18234543524491        98.3760476502315        -0.141307539433157      5.05784909801195        746.356805810555        28.7973148017225        5.05784909801192        -0.0298153204496239     -0.0298422271705991     0.00224169876454842     0.013166656896824       
1.19227462770939        98.3835417380344        -0.137067344719797      5.05725662038561        746.326226687488        28.7967248656179        5.05725662038568        -0.0298422271705991     -0.0294501194217719     -0.000903552545545784   0.0317328525912333      
1.20220203464116        98.3911556831686        -0.132828048843204      5.05667188854039        746.297686536119        28.7961742546957        5.0566718885403         -0.0294501194217719     -0.0285049412698495     0.013166656896824       0.046786643056116       
1.21212800958703        98.3989043881427        -0.128549261130773      5.05610586086666        746.272915769619        28.7956963561035        5.0561058608667         -0.0285049412698495     -0.0271112003402877     0.0317328525912333      0.0484548596069887      
1.22206300742537        98.4064897273016        -0.124204438207638      5.05556736193454        746.250956501839        28.7952726926919        5.05556736193447        -0.0271112003402877     -0.0256675711961799     0.046786643056116       0.0335958604409529      
1.23199223712395        98.4134470446795        -0.11980887902708       5.05505753229471        746.228455143441        28.7948385641795        5.0550575322948         -0.0256675711961799     -0.0246666141546809     0.0484548596069887      0.0199525074224821      
1.24192436481246        98.4201144020868        -0.115375469401168      5.0545676053602         746.206682958949        28.7944184977064        5.05456760536028        -0.0246666141546809     -0.0240721117264533     0.0335958604409529      0.0121696915935433      
1.25185476980498        98.4264597670088        -0.11092517336539       5.05408940812193        746.184191681067        28.7939845508102        5.05408940812189        -0.0240721117264533     -0.0237094185371868     0.0199525074224821      0.0143905996781671      
1.26179222586006        98.4332774321991        -0.106478593802703      5.05361826112339        746.16631250038         28.7936395850885        5.0536182611234         -0.0237094185371868     -0.0232804260433801     0.0121696915935433      0.017350107818991       
1.27173035482752        98.4411204758994        -0.102051302461262      5.05315552365534        746.157437531417        28.7934683475151        5.05315552365533        -0.0232804260433801     -0.0227631543962211     0.0143905996781671      0.0307228345646287      
1.28166999133088        98.450100375458         -0.0976316877076783     5.05270308433649        746.158688730471        28.7934924887642        5.05270308433658        -0.0227631543962211     -0.021847254610681      0.017350107818991       0.0441119586604325      
1.29160448936833        98.4598228240017        -0.0932027927880463     5.05226891793866        746.168253779177        28.7936770408439        5.05226891793869        -0.021847254610681      -0.0205324390005655     0.0307228345646287      0.0479526133146041      
1.30154148209809        98.4695720213662        -0.0887457901886342     5.05186095350745        746.181879004995        28.7939399296487        5.05186095350751        -0.0205324390005655     -0.0191032774225426     0.0441119586604325      0.0388747635727407      
1.31147152466497        98.4810586503024        -0.084262703978152      5.05148141194196        746.212855800553        28.7945375954181        5.05148141194198        -0.0191032774225426     -0.0179443922881856     0.0479526133146041      0.0279034671413275      
1.32141020073836        98.4955036241385        -0.0797533712385426     5.05112472742118        746.269610843532        28.7956325940725        5.05112472742117        -0.0179443922881856     -0.0171122548848282     0.0388747635727407      0.0238955683856298      
1.33135723348954        98.5055052970331        -0.0752371704917857     5.05078440491829        746.295104929276        28.7961244485217        5.0507844049183         -0.0171122548848282     -0.0163995073054889     0.0279034671413275      0.0250306329997195      
1.34129978805796        98.5103750249549        -0.0707203908737686     5.05045830480282        746.283812481036        28.7959065856597        5.05045830480283        -0.0163995073054889     -0.0156530391728457     0.0238955683856298      0.0321419932552523      
1.35123714770379        98.5132686035584        -0.0662115158063201     5.05014716323963        746.259755969586        28.7954424628772        5.05014716323963        -0.0156530391728457     -0.0146946443616423     0.0250306329997195      0.0384408453716965      
1.36117465370025        98.5156125052474        -0.0617085215520426     5.0498550693921         746.234347835836        28.7949522550941        5.04985506939209        -0.0146946443616423     -0.0135483522636627     0.0321419932552523      0.0470832295903794      
1.3711174255484         98.51937004345          -0.0571888266452777     5.04958569827088        746.223002961093        28.7947333718645        5.04958569827093        -0.0135483522636627     -0.0121443514468862     0.0384408453716965      0.0450816082747186      
1.38105878645173        98.5215909058818        -0.0526362647085611     5.04934427569096        746.204146608872        28.7943695616748        5.04934427569101        -0.0121443514468862     -0.0108002757609236     0.0470832295903794      0.0365224038881919      
1.39099211910856        98.5217179560751        -0.0480659003300701     5.04912965030534        746.173390996558        28.7937761599921        5.04912965030532        -0.0108002757609236     -0.00971135446811412    0.0450816082747186      0.0289708163307851      
1.40092851987435        98.5226315129115        -0.0434832447835713     5.04893660982119        746.151781712192        28.7933592211081        5.04893660982113        -0.00971135446811412    -0.00884737687586484    0.0365224038881919      0.0264622983905067      
1.41087801088262        98.5239114027231        -0.0388835800245058     5.04876065783232        746.135471618738        28.7930445231085        5.04876065783226        -0.00884737687586484    -0.00805828812749461    0.0289708163307851      0.0228586369422915      
1.42081757865098        98.5229077570818        -0.0342818089584513     5.04860048797681        746.104200268946        28.7924411428676        5.04860048797677        -0.00805828812749461    -0.00737710562479861    0.0264622983905067      0.0300513322282456      
1.4307417762685         98.5182449172679        -0.0296925465157056     5.04845401364723        746.047243455092        28.79134212948          5.04845401364716        -0.00737710562479861    -0.00648226357080189    0.0228586369422915      0.0368239787167177      
1.44066432767523        98.5132476008774        -0.0251106726905875     5.04832537160375        745.990390953888        28.7902450870253        5.04832537160382        -0.00648226357080189    -0.00538638885896049    0.0300513322282456      0.0384064846959802      
1.45058549707165        98.4938301581135        -0.0205266705934855     5.04821852483379        745.827566979032        28.7871029567647        5.04821852483382        -0.00538638885896049    -0.00424436023030131    0.0368239787167177      0.0374426432480206      
1.46049348337618        98.4092909336426        -0.015943401633911      5.04813442942741        745.17499460649         28.7745063594397        5.04813442942735        -0.00424436023030131    -0.00313254018280974    0.0384064846959802      0.0402851202990512      
1.47038323537124        98.2141592624002        -0.0113749493974558     5.04807246974332        743.688290267262        28.7457879091734        5.04807246974335        -0.00313254018280974    -0.00193874641053986    0.0374426432480206      0.0383594794395613      
1.48025449316901        97.8920208915184        -0.00682591760311366    5.04803420907431        741.243405383702        28.6984979356006        5.04803420907437        -0.00193874641053986    -0.000803018125396825   0.0402851202990512      0.027096697552737       
1.49009171862418        97.5629353245886        -0.00229103251294889    5.04801836793981        738.74923432297         28.650174215545         5.04801836793979        -0.000803018125396825   -3.41243825762128e-12   0.0383594794395613      0.027096697552737       
1.5                     97.5629353245886        0.00229103251294889     5.04801836793981        738.74923432297         28.650174215545         5.04801836793972        -3.41243825762128e-12   -3.41243825762128e-12   0.027096697552737       0.027096697552737       
