# xp[i]                    V[i]                   up[i]                    p[i]                    e[i]                   cs[i]                  dd1[i]             dd2_left[i]            dd2_right[i]             dd3_left[i]            dd3_right[i]
-1.5                    95.830334915574         0.078965243048297       5.20623540447435        748.372923690143        28.8361833599183        5.20623540447435        -0.525952301619482      -0.525952301619482      -14.7363537117683       -14.7363537117683       
-1.49018007416347       95.830334915574         -0.078965243048297      5.20623540447435        748.372923690143        28.8361833599183        5.20623540447435        -0.525952301619482      -0.525952301619482      -14.7363537117683       -14.7363537117683       
-1.48051640706394       96.2587488889323        -0.231777009733226      5.19601583590062        750.242975356309        28.8721891437323        5.19601583590062        -0.525952301619482      -0.955742141283834      -14.7363537117683       -4.2088173856608        
-1.47080246792896       96.7737863261624        -0.368341322358842      5.17745199691616        751.562449895291        28.8975671774034        5.17745199691616        -0.955742141283834      -1.07863081102117       -14.7363537117683       7.09235737093241        
-1.46104705200506       97.1986720381712        -0.481132948979484      5.15640887352022        751.794142488012        28.9020211228675        5.15640887352022        -1.07863081102117       -0.870704197067375      -4.2088173856608        10.346442714798         
-1.45125360993306       97.4760140339473        -0.559908195606115      5.1393584664825         751.446267006501        28.8953334757343        5.1393584664825         -0.870704197067375      -0.566420944385852      7.09235737093241        9.04294396427892        
-1.441431272699         97.6237152314122        -0.608693968077567      5.12823677589547        750.956289973911        28.8859114058877        5.12823677589546        -0.566420944385852      -0.299921555061856      10.346442714798         8.84360392353112        
-1.43159933506025       97.6970676666775        -0.6355578158568        5.12233955813413        750.656331634093        28.8801418054785        5.12233955813413        -0.299921555061856      -0.0389620270756588     9.04294396427892        7.6709953637462         
-1.42176047965452       97.7112989867041        -0.643168304743603      5.12157274098107        750.653288064232        28.8800832575022        5.12157274098107        -0.0389620270756588     0.187590234310977       8.84360392353112        4.79508981807368        
-1.41190784587194       97.671873056281         -0.634767433637512      5.12526793532146        750.891778737217        28.8846706506567        5.12526793532146        0.187590234310977       0.329245794926246       7.6709953637462         1.67654560080619        
-1.4020555220719        97.5994751172162        -0.616416698849822      5.13175277710819        751.284566215615        28.8922243714197        5.13175277710819        0.329245794926246       0.378746144707985       4.79508981807368        -3.13765397070201       
-1.39222070255813       97.5161533487823        -0.59442285666906       5.13920374568897        751.733070832864        28.9008471777571        5.13920374568898        0.378746144707985       0.286195139801185       1.67654560080619        -6.50660860658078       
-1.38239721627741       97.4538898720201        -0.578263369153789      5.14482842722315        752.075314435565        28.9074253136065        5.14482842722315        0.286195139801185       0.0943815432645338      -3.13765397070201       -5.2379937840279        
-1.3725723902313        97.432761877988         -0.574489993080335      5.14668308672725        752.183321475847        28.9095009656734        5.14668308672725        0.0943815432645338      -0.0600104310786682     -6.50660860658078       -2.06284594157394       
-1.36274421099595       97.4455934786292        -0.580592684941769      5.14550380697176        752.110008325363        28.9080920682805        5.14550380697176        -0.0600104310786682     -0.120815090408099      -5.2379937840279        1.49138617148747        
-1.35292290311966       97.4739857432817        -0.590334279694497      5.14312983873475        751.982046865017        28.9056328010268        5.14312983873476        -0.120815090408099      -0.0768466691842098     -2.06284594157394       3.87375476331385        
-1.34309449750299       97.4918638242425        -0.596750698265605      5.14161927630165        751.899069481951        28.904037962463         5.14161927630165        -0.0768466691842098     0.0374002625355763      1.49138617148747        3.51465217663335        
-1.33325894305603       97.4822271422167        -0.595160712003196      5.14235485344069        751.932305803479        28.9046767804389        5.14235485344068        0.0374002625355763      0.141072161886075       3.87375476331385        2.17903765796089        
-1.3234230578037        97.4446795251526        -0.586261897755199      5.14512904851321        752.048176871885        28.9069037673218        5.14512904851321        0.141072161886075       0.205319264173391       3.51465217663335        -0.166527604371157      
-1.31360022667868       97.3889554054371        -0.572682507362901      5.14916325247808        752.207445556354        28.9099645558097        5.14916325247808        0.205319264173391       0.200412904269595       2.17903765796089        -2.55922201539065       
-1.30378488714896       97.3375986805888        -0.559003083388805      5.15309803602095        752.385282887906        28.9133818093496        5.15309803602095        0.200412904269595       0.125049769921954       -0.166527604371157      -3.31899181896582       
-1.2939716289862        97.3046905799313        -0.549861462314074      5.15555258645703        752.489173790649        28.91537794997          5.15555258645702        0.125049769921954       0.0273243403332571      -2.55922201539065       -2.93643894425075       
-1.28415630847711       97.293810810284         -0.546718690615805      5.15608896360851        752.483316219479        28.9152654073449        5.1560889636085         0.0273243403332571      -0.0591500056207085     -3.31899181896582       -1.45473600744348       
-1.2743401819859        97.3032538714544        -0.548834324916216      5.15492758737381        752.386841584797        28.9134117588821        5.15492758737381        -0.0591500056207085     -0.101998021374715      -2.93643894425075       0.856402741458579       
-1.26451890934616       97.3235492050458        -0.553341166554975      5.15292450650493        752.251352638079        28.9108082949013        5.15292450650492        -0.101998021374715      -0.0767700137181981     -1.45473600744348       2.25230487049497        
-1.25470072374472       97.3393516852217        -0.555755869519084      5.15141678856249        752.153355688559        28.908925105667         5.15141678856249        -0.0767700137181981     -0.0104232288610583     0.856402741458579       2.0090227715401         
-1.2448795432285        97.3408116795345        -0.553371845190696      5.15121210183079        752.134750688474        28.9085675629691        5.15121210183079        -0.0104232288610583     0.0487467568135166      2.25230487049497        1.08910866389765        
-1.235064979542         97.3289003718891        -0.546682148409186      5.15216911960377        752.182432411558        28.9094838804684        5.15216911960376        0.0487467568135166      0.0808196802695516      2.0090227715401         -0.212682851799395      
-1.22525040765104       97.3099403026923        -0.537491005081106      5.15375568345319        752.267486837237        28.9111183310588        5.1537556834532         0.0808196802695516      0.0745571145880691      1.08910866389765        -1.38417299236682       
-1.21543229561857       97.2922146512611        -0.528342625475609      5.15521931359171        752.344056048438        28.9125896462738        5.15521931359172        0.0745571145880691      0.0338002489598861      -0.212682851799395      -2.08069409815957       
-1.20562110707809       97.2834090855555        -0.521540803485521      5.15588276447967        752.37277826106         28.9131415384666        5.15588276447968        0.0338002489598861      -0.0274649225441828     -1.38417299236682       -1.81961612964664       
-1.19580443635562       97.2884862538016        -0.518456520543696      5.15534362987925        752.333366803696        28.9123842516527        5.15534362987924        -0.0274649225441828     -0.0810431451753722     -2.08069409815957       -0.724066262699621      
-1.18598909953638       97.3058711332785        -0.518610287793984      5.15375268286449        752.2355916174          28.9105054265631        5.15375268286449        -0.0810431451753722     -0.102364554305284      -1.81961612964664       0.400369999702686       
-1.17617471457262       97.3278750476082        -0.519891189107664      5.15174318873384        752.112326025681        28.9081366097982        5.15174318873384        -0.102364554305284      -0.0905742709911638     -0.724066262699621      1.10709120197422        
-1.16635729872915       97.3478049296837        -0.520128848699589      5.14996488904014        752.006666119499        28.906105970106         5.14996488904014        -0.0905742709911638     -0.0579687140486526     0.400369999702686       1.41087673605577        
-1.15653930021514       97.3604221453226        -0.517965923513206      5.14882663541894        751.937902166203        28.9047843438149        5.14882663541895        -0.0579687140486526     -0.0164113239137631     1.10709120197422        0.871178003801004       
-1.14672140476541       97.363832791045         -0.512831142842089      5.14850436126101        751.917176630675        28.9043859922614        5.14850436126102        -0.0164113239137631     0.00925291648374163     1.41087673605577        -0.104844323669035      
-1.13690058603351       97.361809340736         -0.505798248843159      5.14868610048902        751.928091706664        28.9045957842667        5.14868610048902        0.00925291648374163     0.00616377162709224     0.871178003801004       -0.825861449963265      
-1.12707753635253       97.3608069844216        -0.498786444956107      5.14880718626968        751.938033993607        28.9047868775631        5.14880718626969        0.00616377162709224     -0.018172610951868      -0.104844323669035      -1.32681912915607       
-1.11725494536243       97.3659402757246        -0.493211083177006      5.14845016821757        751.925537386824        28.9045466893825        5.14845016821757        -0.018172610951868      -0.0572724389703682     -0.825861449963265      -1.0648891092513        
-1.10743129397348       97.3799459989207        -0.490057936350757      5.14732499243622        751.869344703501        28.9034666260622        5.14732499243623        -0.0572724389703682     -0.0886543025479252     -1.32681912915607       -0.383288517493235      
-1.09760913726943       97.400237969668         -0.488834281637247      5.14558324693676        751.771549116565        28.9015868291108        5.14558324693674        -0.0886543025479252     -0.0999501395080015     -1.0648891092513        0.437701980312893       
-1.08778413039042       97.4222547632018        -0.488229343923779      5.14361943237463        751.654504118635        28.8993368651069        5.14361943237464        -0.0999501395080015     -0.087050811551881      -0.383288517493235      0.818355216006054       
-1.07796041648909       97.4406710273575        -0.486663150580115      5.14190914588655        751.546616305338        28.8972627751284        5.14190914588654        -0.087050811551881      -0.0629362120800986     0.437701980312893       0.82928189525132        
-1.06813886969937       97.4545693403129        -0.483398348050187      5.1406729028394         751.473095798444        28.8958492943661        5.14067290283938        -0.0629362120800986     -0.0385015690487124     0.818355216006054       0.358418744650648       
-1.05832008923946       97.4649710513351        -0.478418603115024      5.13991664765968        751.442740905639        28.8952656811465        5.1399166476597         -0.0385015690487124     -0.0279404519457005     0.82928189525132        -0.0531836832062829     
-1.04849481460479       97.4759695600918        -0.472644286008         5.13936773798118        751.447279778356        28.8953529477657        5.13936773798117        -0.0279404519457005     -0.0295079328909874     0.358418744650648       -0.516702772384225      
-1.03867274850482       97.4861481166532        -0.466893426467394      5.13878787937567        751.440954523318        28.8952313352013        5.13878787937567        -0.0295079328909874     -0.0447427135916219     -0.0531836832062829     -0.765936060061342      
-1.0288402762381        97.4979143434262        -0.462070829196036      5.13790819550065        751.402999723966        28.8945015862104        5.13790819550066        -0.0447427135916219     -0.0673307485853426     -0.516702772384225      -0.548064018103191      
-1.01900540384783       97.5135239105319        -0.458685125029976      5.13658423807858        751.329644877505        28.8930911556822        5.13658423807858        -0.0673307485853426     -0.0834936391951053     -0.765936060061342      -0.112684915846511      
-1.009180643254         97.5288501954276        -0.456322574483412      5.13494298620977        751.207627896172        28.8907449212868        5.13494298620975        -0.0834936391951053     -0.0868165403600879     -0.548064018103191      0.35012481019502        
-0.999350619957842      97.5446381475597        -0.454122679521505      5.13323629346452        751.079515157875        28.8882812680135        5.13323629346452        -0.0868165403600879     -0.0764897018285359     -0.112684915846511      0.568330253236411       
-0.989518201690197      97.5603454951762        -0.45118841687188       5.1317319442502         750.980312204522        28.8863734157844        5.1317319442502         -0.0764897018285359     -0.0597209237140551     0.35012481019502        0.468668870619779       
-0.979678375194998      97.5734144797738        -0.447089940593292      5.13055698759731        750.908945194398        28.8850008211566        5.13055698759733        -0.0597209237140551     -0.0458890506755839     0.568330253236411       0.170041466156688       
-0.969842205340743      97.5838721674414        -0.442030110457616      5.1296540295987         750.857254631341        28.8840066209532        5.12965402959869        -0.0458890506755839     -0.0408698010698018     0.468668870619779       -0.169624248260988      
-0.960000408655913      97.5936043384254        -0.436591020489146      5.12884972010529        750.814395442799        28.8831822547078        5.12884972010528        -0.0408698010698018     -0.045877235988878      0.170041466156688       -0.409600438790509      
-0.950160572745096      97.6045286825951        -0.431461758788175      5.12794677507745        750.766242136303        28.8822560317711        5.12794677507745        -0.045877235988878      -0.05797072311977       -0.169624248260988      -0.429172879368202      
-0.940318509061388      97.6183085685341        -0.427119562218064      5.12680566387735        750.705145900931        28.8810808104339        5.12680566387735        -0.05797072311977       -0.0706435533929483     -0.409600438790509      -0.23163190924076       
-0.93047393806239       97.6349810424406        -0.423595305805494      5.12541486555372        750.62967484947         28.8796290151894        5.1254148655537         -0.0706435533929483     -0.0774839041296281     -0.429172879368202      0.046752606194904       
-0.920630048442603      97.6531107004877        -0.420495364501082      5.12388937739574        750.545604881819        28.8780117213737        5.12388937739574        -0.0774839041296281     -0.076103209901069      -0.23163190924076       0.306723370318245       
-0.91078678447856       97.6708870671939        -0.41728123852266       5.1223910810105         750.462721181066        28.8764171596644        5.12239108101049        -0.076103209901069      -0.0670445613677509     0.046752606194904       0.381571787003668       
-0.900941822533153      97.6867255278095        -0.413452530176818      5.12107097134089        750.390981578716        28.8750369230878        5.12107097134091        -0.0670445613677509     -0.0557739626138968     0.306723370318245       0.202723152094086       
-0.891094943082091      97.7002127396628        -0.408870695639381      5.11997260449535        750.333619020662        28.8739332466858        5.11997260449537        -0.0557739626138968     -0.0497853564602767     0.381571787003668       0.0229940654889104      
-0.881247298175168      97.7122616373234        -0.403891728593463      5.11899208740244        750.282441245484        28.8729485321369        5.11899208740243        -0.0497853564602767     -0.0491059717282297     0.202723152094086       -0.207013588030293      
-0.871399688491171      97.7243204161703        -0.398871762176682      5.1180247573126         750.233236922264        28.8720017572246        5.11802475731259        -0.0491059717282297     -0.0552235679149142     0.0229940654889104      -0.281880606393779      
-0.861544896806964      97.7376584546369        -0.394246712120374      5.11693663005283        750.176107023187        28.8709024417932        5.11693663005281        -0.0552235679149142     -0.0635554075438171     -0.207013588030293      -0.212119372519367      
-0.851694014616803      97.7530177823771        -0.390167399642564      5.11568415353534        750.110346044347        28.8696369919899        5.11568415353531        -0.0635554075438171     -0.0698264823670703     -0.281880606393779      -0.0178282310545332     
-0.841836882187976      97.7699139894858        -0.386498026205747      5.11430779969802        750.038150538348        28.8682476575976        5.11430779969804        -0.0698264823670703     -0.0703536907114402     -0.212119372519367      0.155831258469319       
-0.831979913424843      97.7874597199801        -0.382877500529897      5.11292059812028        749.969275560215        28.8669221613061        5.11292059812029        -0.0703536907114402     -0.0657444262841341     -0.0178282310545332     0.234305859952659       
-0.822115907160887      97.8045049078619        -0.378960482666986      5.11162401871519        749.909784638361        28.8657772118234        5.1116240187152         -0.0657444262841341     -0.0588128835166388     0.155831258469319       0.187068475672953       
-0.812257867092468      97.8208708472261        -0.374601139038453      5.11046406268439        749.865067567861        28.8649165668071        5.11046406268438        -0.0588128835166388     -0.0532784197064428     0.234305859952659       0.0403109688899653      
-0.802392309564293      97.8351253731698        -0.36987679552869       5.10941318813378        749.820119766593        28.8640514551808        5.10941318813377        -0.0532784197064428     -0.0520858448449862     0.187068475672953       -0.11464120026761       
-0.792533051752054      97.8469887804585        -0.365084052481056      5.10838592103657        749.760269852876        28.8628994819162        5.10838592103655        -0.0520858448449862     -0.0554772128575183     0.0403109688899653      -0.168574404617228      
-0.782671970457068      97.8576447621313        -0.360524639990022      5.10729190783887        749.681335820705        28.8613801129296        5.10729190783886        -0.0554772128575183     -0.0604630012331172     -0.11464120026761       -0.12772702478652       
-0.772813298564121      97.8708303692482        -0.35631338089124       5.106099818158          749.607343727085        28.8599557966683        5.10609981815799        -0.0604630012331172     -0.0642402466672042     -0.168574404617228      -0.0435979530519397     
-0.762959685652987      97.8881796384681        -0.352375374233752      5.10483345525908        749.554281439294        28.8589343269654        5.10483345525908        -0.0642402466672042     -0.0655296278090961     -0.12772702478652       0.0804566504248157      
-0.753099741637593      97.9101978090031        -0.348536021779414      5.10354132842548        749.533111488843        28.8585267870856        5.10354132842549        -0.0655296278090961     -0.0631493473667741     -0.0435979530519397     0.136277170663037       
-0.743236826509691      97.9291394187246        -0.344555486005853      5.10229552731237        749.495115074561        28.8577953087696        5.10229552731237        -0.0631493473667741     -0.0591156651595772     0.0804566504248157      0.12539628009861        
-0.733366892525386      97.942788702328         -0.340323065343472      5.10112872153383        749.428158774847        28.8565062714507        5.10112872153385        -0.0591156651595772     -0.0554026144630583     0.136277170663037       0.0488851645702696      
-0.723494325885869      97.9575917013675        -0.335865891154372      5.1000348463029         749.38069670533         28.8555925006138        5.1000348463029         -0.0554026144630583     -0.0539547440943173     0.12539628009861        -0.0342999041674523     
-0.713621176156439      97.9729629603025        -0.331335630638991      5.09896942699449        749.341714209969        28.8548419624462        5.09896942699449        -0.0539547440943173     -0.0549705996524943     0.0488851645702696      -0.0894596546551379     
-0.703746969818032      97.9850987206363        -0.326897834188018      5.09788408721738        749.275013328534        28.853557711091         5.09788408721739        -0.0549705996524943     -0.0576198499575935     -0.0342999041674523     -0.0828096601053559     
-0.693880522853488      97.9947678418231        -0.322664631258608      5.09674665792097        749.181758237329        28.851762092102         5.09674665792095        -0.0576198499575935     -0.0600723014187137     -0.0894596546551379     -0.0271689064250555     
-0.684007155980428      98.0057383896451        -0.318611467181643      5.09556051848529        749.091256684911        28.8500193854145        5.09556051848525        -0.0600723014187137     -0.0608771757594501     -0.0828096601053559     0.0432173549411242      
-0.674129942360226      98.0194821857652        -0.314636710192308      5.09435789432181        749.019484305584        28.8486372546547        5.09435789432185        -0.0608771757594501     -0.0595964965080247     -0.0271689064250555     0.0911905951490975      
-0.664247882463487      98.0338017349808        -0.310595117838907      5.09318037732702        748.955752967057        28.8474099158362        5.09318037732701        -0.0595964965080247     -0.0568939952258724     0.0432173549411242      0.0836673587318363      
-0.654372899857672      98.0480048135618        -0.306386646198561      5.09205637336291        748.898951709622        28.8463159925843        5.09205637336291        -0.0568939952258724     -0.0544144058254342     0.0911905951490975      0.0410416970922893      
-0.644492707212777      98.0618261341914        -0.302024049085822      5.09098126657547        748.846379723024        28.8453034829863        5.09098126657547        -0.0544144058254342     -0.0531978852919594     0.0836673587318363      -0.0224108898109827     
-0.634612554498586      98.0753381068377        -0.297609020923275      5.08992989017775        748.794892378923        28.8443118285993        5.08992989017771        -0.0531978852919594     -0.0538623297725679     0.0410416970922893      -0.0438211575413467     
-0.624726052880383      98.0889405504019        -0.2932565214781        5.08886513351511        748.742084325566        28.8432947017262        5.08886513351508        -0.0538623297725679     -0.0551616947803287     -0.0224108898109827     -0.0285124041417343     
-0.61484298129961       98.1030219610662        -0.289017591336779      5.08777468513804        748.689107503581        28.8422742881883        5.08777468513802        -0.0551616947803287     -0.0560072000042939     -0.0438211575413467     0.00274761615825069     
-0.604959191188935      98.1172298590525        -0.284868644039231      5.08666747000866        748.634582057107        28.8412240081047        5.08666747000867        -0.0560072000042939     -0.0559257087433296     -0.0285124041417343     0.0425521924648385      
-0.595071529014876      98.1312804097621        -0.280742478529342      5.08556151312292        748.578994328039        28.8401532267474        5.08556151312294        -0.0559257087433296     -0.0546632577436778     0.00274761615825069     0.0732435246539699      
-0.585179713835634      98.1452435405685        -0.276550685566116      5.0844801334617         748.526311463671        28.8391383648385        5.08448013346173        -0.0546632577436778     -0.05248978229366       0.0425521924648385      0.056756838090789       
-0.575285868619626      98.158665997952         -0.272238549708836      5.0834416281383         748.475773344769        28.8381647848967        5.08344162813834        -0.05248978229366       -0.0508054267551336     0.0732435246539699      0.027232690186028       
-0.565395565479066      98.1716524405958        -0.267846080097575      5.08243650029615        748.426784487708        28.8372210189792        5.08243650029618        -0.0508054267551336     -0.0499972162215821     0.056756838090789       -0.00934454724332785    
-0.555502281545127      98.1847255089871        -0.263415807376081      5.08144726137192        748.380756819294        28.8363342719504        5.08144726137191        -0.0499972162215821     -0.0502745812117474     0.027232690186028       -0.0222795310941959     
-0.545607392402339      98.1978550469226        -0.259014758886373      5.08045231628267        748.334280190692        28.8354388478           5.08045231628267        -0.0502745812117474     -0.0509360976114893     -0.00934454724332785    -0.0132307827553722     
-0.535710011970167      98.2116055840597        -0.254681034273226      5.07944390483389        748.290512051853        28.8345955803066        5.07944390483392        -0.0509360976114893     -0.0513290853923434     -0.0222795310941959     0.0111579695060687      
-0.525804502707839      98.2254369819768        -0.250395172574056      5.0784272604533         748.246105258813        28.8337399828514        5.07842726045331        -0.0513290853923434     -0.0509975909843002     -0.0132307827553722     0.0306894422608066      
-0.515900102300006      98.2395731445823        -0.246105788672177      5.07741711238168        748.20493469606         28.8329467160219        5.07741711238168        -0.0509975909843002     -0.0500858243352671     0.0111579695060687      0.0413860048350936      
-0.505998891247324      98.253400803608         -0.241772533903768      5.07642518759157        748.164057908949        28.8321590880151        5.07642518759159        -0.0500858243352671     -0.0488564853595067     0.0306894422608066      0.0301113085677656      
-0.496096710484357      98.2664242482811        -0.237377939507892      5.075457760105          748.120628263063        28.8313222470721        5.07545776010504        -0.0488564853595067     -0.0479622852350847     0.0413860048350936      0.0140239890304448      
-0.486199455334498      98.2766495595308        -0.232949728164124      5.0745083566232         748.058519176153        28.8301254318802        5.07450835662322        -0.0479622852350847     -0.0475459035138365     0.0301113085677656      -0.00300703533262147    
-0.476306561490508      98.2860630683245        -0.228519461537217      5.07356737761886        747.991444887062        28.8288328835919        5.07356737761886        -0.0475459035138365     -0.0476351728442963     0.0140239890304448      -0.00513691644664605    
-0.466407687283144      98.297695129604         -0.224112795159841      5.0726245941822         747.94095879878         28.8278599583185        5.07262459418221        -0.0476351728442963     -0.0477876832252529     -0.00300703533262147    0.00562726578056542     
-0.456514829352814      98.313551612853         -0.219747449820524      5.07167872266697        747.922121797091        28.8274969391126        5.07167872266696        -0.0477876832252529     -0.0476205709361878     -0.00513691644664605    0.0259327220210303      
-0.446613005038988      98.3329123885567        -0.215396008064087      5.07073578663454        747.930326778981        28.8276550628227        5.07073578663458        -0.0476205709361878     -0.04685012333125       0.00562726578056542     0.034245372456176       
-0.436707465092757      98.3468886386994        -0.211015510152349      5.06980758563159        747.899703065615        28.8270648882765        5.06980758563155        -0.04685012333125       -0.0458321992762271     0.0259327220210303      0.0375398805794002      
-0.426796097812621      98.35671799287          -0.206579232180167      5.06889915732783        747.840427427384        28.8259225047985        5.06889915732781        -0.0458321992762271     -0.0447158986425044     0.034245372456176       0.0342565755378182      
-0.416882883667705      98.3678731710083        -0.202095221964992      5.06801253320982        747.794421143797        28.8250358223502        5.06801253320986        -0.0447158986425044     -0.0436969267270957     0.0375398805794002      0.0159193055475099      
-0.406964800909401      98.3788667817466        -0.197582383280582      5.06714589191253        747.750105996206        28.8241817074986        5.06714589191256        -0.0436969267270957     -0.0432232777010104     0.0342565755378182      0.0131768148067043      
-0.397048173727234      98.3883909286805        -0.193071542580378      5.06628845132257        747.695953059277        28.8231379481307        5.06628845132257        -0.0432232777010104     -0.0428311488613028     0.0159193055475099      0.018047804541067       
-0.387124565515112      98.3980738829397        -0.188555003904728      5.06543861084501        747.644104019133        28.8221385593153        5.06543861084505        -0.0428311488613028     -0.042294076237349      0.0131768148067043      0.0235820852237856      
-0.377205117866736      98.4080556064601        -0.184038473468015      5.06459957174566        747.596094421201        28.8212131447423        5.06459957174564        -0.042294076237349      -0.0415924735317674     0.018047804541067       0.0304754740929648      
-0.367291185616719      98.4184018515706        -0.179511434809883      5.06377479363325        747.552933788476        28.820381171596         5.06377479363328        -0.0415924735317674     -0.0406859030863734     0.0235820852237856      0.0391427106444245      
-0.357378528433104      98.4289522567573        -0.174957281870347      5.06296795750879        747.513947050687        28.8196296346525        5.06296795750883        -0.0406859030863734     -0.0395213715751877     0.0304754740929648      0.0368425807874562      
-0.347456070959007      98.4397180279724        -0.170364908069525      5.06218394749197        747.479940595256        28.8189740852804        5.062183947492          -0.0395213715751877     -0.0384251198928935     0.0391427106444245      0.026594661929467       
-0.337538399768692      98.4504697682507        -0.165754031833365      5.06142169065831        747.449014710786        28.8183779077554        5.06142169065835        -0.0384251198928935     -0.0376337877434065     0.0368425807874562      0.0224751763051417      
-0.327621276772169      98.4615964937396        -0.161132995808755      5.06067521560177        747.423241596676        28.8178810539698        5.06067521560178        -0.0376337877434065     -0.0369650087742685     0.026594661929467       0.0271637290308041      
-0.317702722215565      98.4731167681397        -0.156496562706313      5.05994186893371        747.402369749262        28.8174786804672        5.05994186893369        -0.0369650087742685     -0.0361565744521739     0.0224751763051417      0.0193437904839866      
-0.307779070163539      98.4854336518376        -0.151825137249414      5.05922438878747        747.38986180753         28.8172375460616        5.05922438878747        -0.0361565744521739     -0.0355807518457644     0.0271637290308041      0.0180755536020062      
-0.297857532709652      98.4993592053369        -0.147129820505596      5.05851822744079        747.391205897152        28.8172634581956        5.05851822744083        -0.0355807518457644     -0.035042592800025      0.0193437904839866      0.0330883104810965      
-0.287930812509888      98.5160437188435        -0.14243150311197       5.05782262632559        747.415012465872        28.8177224110803        5.05782262632559        -0.035042592800025      -0.034057322835653      0.0180755536020062      0.0398244722276297      
-0.278005468003994      98.5370027698495        -0.137724476027728      5.05714649135893        747.474086739854        28.8188612378123        5.05714649135889        -0.034057322835653      -0.032871231321115      0.0330883104810965      0.0308624253980281      
-0.268077174570442      98.56509041167          -0.132980624987498      5.05649376899436        747.590648260462        28.8211081647628        5.05649376899433        -0.032871231321115      -0.0319517959202951     0.0398244722276297      0.0321098834979447      
-0.258145207903453      98.6039519632165        -0.128212511011353      5.05585905939526        747.791525738104        28.8249800180735        5.0558590593953         -0.0319517959202951     -0.0309947392523849     0.0308624253980281      0.0342498227048803      
-0.24820823756347       98.6589045050814        -0.123426118820274      5.05524302214306        748.117107857386        28.8312544117083        5.05524302214309        -0.0309947392523849     -0.0299732436532043     0.0321098834979447      0.0255716914912513      
-0.238263060237859      98.7367069262711        -0.118615912310406      5.05464684308954        748.6187759429          28.8409195404126        5.0546468430895         -0.0299732436532043     -0.0292099301480611     0.0342498227048803      0.0378383563233934      
-0.228309635405097      98.84732695272          -0.113801989693988      5.05406530644414        749.371268679724        28.8554109826471        5.0540653064441         -0.0292099301480611     -0.0280791761773282     0.0255716914912513      0.0409676148934111      
-0.218343926273976      99.0027767342056        -0.108976284636595      5.05350556206413        750.466624329152        28.8764922525256        5.05350556206415        -0.0280791761773282     -0.0268531071841153     0.0378383563233934      0.0406842466299277      
-0.208359766345528      99.2175740968913        -0.104117287385102      5.05296935400601        752.015041935619        28.906266947106         5.05296935400601        -0.0268531071841153     -0.0256330576629679     0.0409676148934111      0.0425503728894483      
-0.198357407007306      99.5106506237645        -0.0992135092089134     5.05245635143441        754.159828169114        28.9474586903989        5.05245635143438        -0.0256330576629679     -0.0243534495323634     0.0406842466299277      0.0426030035456069      
-0.188319646700748      99.9049100665848        -0.094265386385275      5.05196734577535        757.074515008514        29.0033430067124        5.05196734577536        -0.0243534495323634     -0.0230673137164028     0.0425503728894483      0.0389102254485823      
-0.178238479912596      100.424551336369        -0.0892781535522378     5.05150210589338        760.942248838596        29.0773346027183        5.05150210589338        -0.0230673137164028     -0.0218867399746377     0.0426030035456069      0.0449489877022155      
-0.168100987225991      101.092791779074        -0.084242364751451      5.05105820997109        765.938363826882        29.172634890841         5.05105820997106        -0.0218867399746377     -0.0205143909216018     0.0389102254485823      0.042587050253939       
-0.157894138883098      101.933179186748        -0.0791490143036891     5.05063926659114        772.241576053593        29.2924255672879        5.05063926659117        -0.0205143909216018     -0.0192036214766806     0.0449489877022155      0.0445110680460324      
-0.147601475616394      102.966087325933        -0.0740050757393953     5.05024354867267        780.005727374789        29.4393109704768        5.05024354867268        -0.0192036214766806     -0.0178193850700357     0.042587050253939       0.0499760457908835      
-0.137180807490649      104.195182407029        -0.0687953464059568     5.04987203328578        789.258506460549        29.6134073700964        5.04987203328582        -0.0178193850700357     -0.0162460719379493     0.0445110680460324      0.0498389607721947      
-0.126616916156053      105.609501194356        -0.0635042195298156     5.04952884022851        799.91733312457         29.8126992539266        5.04952884022852        -0.0162460719379493     -0.0146556541499671     0.0499760457908835      0.0428269740458479      
-0.115916008631263      107.196360277767        -0.0581357874106921     5.04921493289856        811.886194600313        30.0349092187429        5.04921493289854        -0.0146556541499671     -0.0132687201847677     0.0498389607721947      0.0415486110896207      
-0.105044005177201      108.926446039751        -0.052680919775675      5.0489263091778         824.942398763006        30.2754465746127        5.04892630917782        -0.0132687201847677     -0.0119017733498824     0.0428269740458479      0.0420000526084053      
-0.0939845398805739     110.751210763227        -0.0471337139039582     5.04866311949062        838.718329828853        30.5271887891006        5.04866311949062        -0.0119017733498824     -0.0104976043066488     0.0415486110896207      0.0431138966390669      
-0.0827485038018502     112.607830977107        -0.0414993225981311     5.04842727170405        852.738667368398        30.7812834070821        5.04842727170407        -0.0104976043066488     -0.00903345595946919    0.0420000526084053      0.0438084411304761      
-0.0713464012256486     114.426475160175        -0.0357757534514496     5.04822119816711        866.47523630271         31.0282171991651        5.04822119816714        -0.00903345595946919    -0.00752269907848303    0.0431138966390669      0.0413635553287009      
-0.0597621244733149     116.129534610732        -0.0299535451886077     5.04804692392863        879.341009953453        31.2577281102602        5.0480469239286         -0.00752269907848303    -0.00607527567238447    0.0438084411304761      0.0417440543444439      
-0.0479998788341902     117.625907711986        -0.0240550718049551     5.04790415778952        890.646462904651        31.458022522167         5.0479041577895         -0.00607527567238447    -0.004595886512575      0.0413635553287009      0.0372757756766162      
-0.0361095815381564     118.79133681603         -0.0181014872405951     5.04779493077099        899.451461699197        31.6131382972192        5.04779493077101        -0.004595886512575      -0.00326171211834851    0.0417440543444439      0.0362311091669426      
-0.0241199084254402     119.523047578863        -0.0120874418851382     5.04771676147858        904.977735970239        31.7101059245268        5.0477167614786         -0.00326171211834851    -0.00195612876349716    0.0372757756766162      0.0353435002393013      
-0.0120581039383996     119.818202325652        -0.00602399940876788    5.04766962877888        907.204051281115        31.749086623452         5.04766962877891        -0.00195612876349716    -0.000677703883995467   0.0362311091669426      0.0354741448934527      
1.83861088823278e-05    119.860278502308        3.80915749796914e-05    5.04765326515145        907.519689216207        31.7546092755088        5.04765326515145        -0.000677703883995467   0.000607000179973639    0.0353435002393013      0.0361711382768831      
0.0120949802290089      119.818146614115        0.00609382433379671     5.04766792182367        907.203322674653        31.7490738740633        5.0476679218237         0.000607000179973639    0.00191541090232116     0.0354741448934527      0.0390330249590463      
0.0241574531770347      119.522998243456        0.0121401439405152      5.04771407602551        904.976880963395        31.7100909449517        5.04771407602554        0.00191541090232116     0.00332202895138001     0.0361711382768831      0.0385218418909501      
0.0361483942522402      118.791210622909        0.0181383556377814      5.04779369536033        899.450286069815        31.6131176372125        5.04779369536034        0.00332202895138001     0.00470083573187675     0.0390330249590463      0.0410312710539108      
0.048038199847767       117.625683219441        0.0240824756677431      5.04790541612772        890.64498509871         31.4579964237802        5.04790541612769        0.00470083573187675     0.00615495681821422     0.0385218418909501      0.0409132728495102      
0.0597999476785901      116.129318527772        0.0299725749694649      5.04805005124087        879.339918517027        31.2577087117371        5.04805005124091        0.00615495681821422     0.00758657112959278     0.0410312710539108      0.0412827949971712      
0.0713845758914707      114.426315822704        0.0357828090992212      5.04822579918935        866.474819463543        31.0282097357217        5.04822579918936        0.00758657112959278     0.00901018834578897     0.0409132728495102      0.0398479496231554      
0.0827848971947479      112.607766274272        0.0415034134687998      5.04843133355346        852.73886349075         30.7812869467934        5.04843133355339        0.00901018834578897     0.0103634470318118      0.0412827949971712      0.0424041130108079      
0.0940222828931758      110.751070396538        0.0471482030773432      5.0486641803652         838.717443072161        30.5271726512656        5.04866418036521        0.0103634470318118      0.0117810961251574      0.0398479496231554      0.0423245329079758      
0.105083360775696       108.926456483452        0.0527061593109494      5.04892469602144        824.942214284109        30.275443189418         5.04892469602147        0.0117810961251574      0.0131734293696205      0.0424041130108079      0.0483885482226603      
0.115949866446082       107.196436729321        0.0581665491440008      5.04921118344537        811.886170738771        30.0349087773761        5.04921118344528        0.0131734293696205      0.0147401922309939      0.0423245329079758      0.0521603732479363      
0.126650514360224       105.609606733628        0.0635332262275955      5.0495268447028         799.917816389942        29.8127082595091        5.04952684470276        0.0147401922309939      0.0164044006306403      0.0483885482226603      0.0470579273408638      
0.137212718404478       104.195209392889        0.0688143013436575      5.04987333895774        789.258914940407        29.6134150332883        5.0498733389578         0.0164044006306403      0.0178857887465189      0.0521603732479363      0.0399494720751361      
0.147631723960868       102.966117541963        0.0740141618465932      5.0502462338827         780.006371000732        29.4393231164775        5.05024623388278        0.0178857887465189      0.0191281562146438      0.0470579273408638      0.0395579962868454      
0.157928850784631       101.933192022011        0.0791501351645774      5.05064042435204        772.241850314409        29.2924307688751        5.05064042435202        0.0191281562146438      0.0203456682848463      0.0399494720751361      0.0471097992177704      
0.168131322444676       101.092871952435        0.0842276019851771      5.05105587952556        765.938617880206        29.1726397289615        5.05105587952552        0.0203456682848463      0.0217838296304133      0.0395579962868454      0.041275459759914       
0.178268920744049       100.424628691437        0.089257063580532       5.05149761334185        760.942158233306        29.0773328716011        5.05149761334188        0.0217838296304133      0.0230359192149031      0.0471097992177704      0.0406894639245903      
0.188347373594691       99.9049552831902        0.0942515268383131      5.05196213101697        757.074076187431        29.003334601146         5.05196213101698        0.0230359192149031      0.024264074649335       0.041275459759914       0.0452741075047148      
0.198382727566261       99.5107472894638        0.0992125871848955      5.05244924680868        754.15950028803         28.9474523977505        5.0524492468087         0.024264074649335       0.0256253905049943      0.0406894639245903      0.0435334138593283      
0.20838476138948        99.2177653126381        0.104120226730882       5.05296204689225        752.015403753333        28.9062739009551        5.05296204689232        0.0256253905049943      0.0269307992320225      0.0452741075047148      0.037504704436163       
0.218368151015892       99.0029454144111        0.108981134041551       5.05349979216545        750.46704611324         28.876500367239         5.05349979216547        0.0269307992320225      0.0280532322443382      0.0435334138593283      0.0384623778080108      
0.228334675061438       98.8474575702552        0.113817288938234       5.05405903561646        749.371329120995        28.8554121463277        5.05405903561639        0.0280532322443382      0.0292025997532088      0.037504704436163       0.03021572693814        
0.23828839890371        98.7368719427982        0.118633000405259       5.05464039940284        748.619072749099        28.8409252577171        5.05464039940293        0.0292025997532088      0.030104457390055       0.0384623778080108      0.0287251309580744      
0.248230319693247       98.6589488726649        0.123432123437918       5.05523909181823        748.116862648188        28.8312496867199        5.05523909181817        0.030104457390055       0.030961128916067       0.03021572693814        0.0308732969449218      
0.258167091173823       98.6041028370357        0.128216908363019       5.05585445185349        747.791988449469        28.8249889360963        5.05585445185356        0.030961128916067       0.0318813730035987      0.0287251309580744      0.0367615741888519      
0.268102118244099       98.5651635967504        0.132986889921859       5.05648786378422        747.590330278312        28.8211020353396        5.05648786378427        0.0318813730035987      0.0329766847617188      0.0308732969449218      0.0381793093686803      
0.278030841693746       98.5370570131732        0.137725590950331       5.05714275167626        747.473945468519        28.8188585144543        5.05714275167623        0.0329766847617188      0.0341138491337208      0.0367615741888519      0.0295035620183984      
0.287956604817239       98.5161315702918        0.14242829039094        5.05782001249795        747.415292715154        28.8177278137984        5.05782001249787        0.0341138491337208      0.0349923508079398      0.0381793093686803      0.0211048692010699      
0.297882271564584       98.4994196830924        0.147109559583265       5.0585145714393         747.391124617856        28.8172618912472        5.05851457143934        0.0349923508079398      0.0356206269260476      0.0295035620183984      0.0196515627615197      
0.30780293319517        98.485503378874         0.151781890135127       5.05922141058297        747.389950989661        28.8172392653669        5.05922141058298        0.0356206269260476      0.0362055196064841      0.0211048692010699      0.0229158429620085      
0.317723012429185       98.4731793689133        0.156453300400762       5.05993972807611        747.402528658094        28.8174817439787        5.05993972807612        0.0362055196064841      0.0368874434076456      0.0196515627615197      0.0245735231579814      
0.327642191454878       98.4616628374654        0.161113220916515       5.06067147809144        747.423193210526        28.8178801211741        5.06067147809148        0.0368874434076456      0.0376186198293695      0.0229158429620085      0.0309649107598621      
0.337558502417974       98.4505705600824        0.165751367239992       5.06141764395739        747.44918233571         28.8183811391987        5.06141764395733        0.0376186198293695      0.0385400341265417      0.0245735231579814      0.0336119310829988      
0.347476730256777       98.4398454157029        0.170367154940653       5.06218223887772        747.48065559186         28.8189878685691        5.06218223887778        0.0385400341265417      0.0395402809305667      0.0309649107598621      0.035391375975481       
0.357401921240156       98.4290167590782        0.174961851632576       5.06296677394782        747.514262165349        28.8196357091123        5.06296677394779        0.0395402809305667      0.040593399615456       0.0336119310829988      0.0319373781897343      
0.367316138746243       98.4185136376722        0.179518600016306       5.06377193002936        747.553360130485        28.8203893899688        5.06377193002943        0.040593399615456       0.0415436664998436      0.035391375975481       0.0270941836013779      
0.377231822996678       98.4081484973402        0.184049803854999       5.06459592217306        747.596261382345        28.8212163630727        5.06459592217307        0.0415436664998436      0.0423498733050118      0.0319373781897343      0.0178475813863844      
0.387154962119877       98.3981890897546        0.18856975618448        5.06543617601956        747.644620005084        28.822148505101         5.06543617601954        0.0423498733050118      0.0428810148729214      0.0270941836013779      0.0162693878788541      
0.397074527849393       98.388422122626         0.193089142853973       5.06628695468565        747.695969237948        28.8231382599688        5.06628695468569        0.0428810148729214      0.0433651236325045      0.0178475813863844      0.0166009967864149      
0.406993158881568       98.378938562553         0.197608403747307       5.06714707824402        747.750826646982        28.8241955972752        5.06714707824407        0.0433651236325045      0.0438589501730069      0.0162693878788541      0.0298469755331799      
0.416905239479187       98.3679009335609        0.202110732322443       5.06801670044593        747.795247078646        28.8250517408931        5.06801670044599        0.0438589501730069      0.044746599636511       0.0166009967864149      0.0338984827935173      
0.426817851610049       98.3567169400083        0.206576777512791       5.06890378647871        747.841102384234        28.8259355130879        5.06890378647867        0.044746599636511       0.0457545772209807      0.0298469755331799      0.0362272379706789      
0.43672986267126        98.3469333062675        0.211002697271112       5.06981077198183        747.900512801241        28.8270804935074        5.06981077198176        0.0457545772209807      0.0468313881147929      0.0338984827935173      0.0231730096730487      
0.44663890140524        98.3328705163988        0.215381463743212       5.07073857111948        747.930419004602        28.8276568401596        5.07073857111956        0.0468313881147929      0.047519775778722       0.0362272379706789      0.00702945426293866     
0.456531774105626       98.3136134576767        0.219727677551522       5.07167926865367        747.922672799594        28.8275075578786        5.07167926865362        0.047519775778722       0.0477284915008251      0.0231730096730487      -0.00770262210734121    
0.466428823840057       98.2977585949394        0.224093648073891       5.07262384610115        747.941331400476        28.8278671389041        5.07262384610108        0.0477284915008251      0.0474998404717806      0.00702945426293866     0.00255736731569696     
0.476323133951348       98.2860898647997        0.228504398362159       5.0735638617189         747.991130471557        28.8288268245433        5.07356386171882        0.0474998404717806      0.0475757535341014      -0.00770262210734121    0.0154074612247039      
0.486217201879876       98.2766449411112        0.232933546027779       5.07450530913736        748.058034776815        28.8301160975196        5.07450530913739        0.0475757535341014      0.0480331977879356      0.00255736731569696     0.0313521049615452      
0.496111529735789       98.2664857442434        0.237353728367066       5.07545615504752        748.120859858264        28.8313267097183        5.07545615504748        0.0480331977879356      0.0489643781831899      0.0154074612247039      0.0363915415287831      
0.506020003595386       98.2534591817363        0.241746771177872       5.0764259695619         748.164617684184        28.8321698741023        5.07642596956183        0.0489643781831899      0.0500455264305327      0.0313521049615452      0.0264789075481507      
0.515921791652768       98.2396283672692        0.246082669733485       5.07741724020424        748.205374114845        28.8329551827774        5.07741724020423        0.0500455264305327      0.0508322053041259      0.0363915415287831      0.0139242489169627      
0.52582449700635        98.2255524760304        0.25038271511192        5.07842394719425        748.246496880988        28.8337475284506        5.07842394719423        0.0508322053041259      0.0512458232675213      0.0264789075481507      -0.00985817771102464    
0.535726321064026       98.2117566889252        0.254674810137373       5.07943874877872        748.290903767032        28.8346031274739        5.07943874877864        0.0512458232675213      0.0509530423016999      0.0139242489169627      -0.0210599658000316     
0.545625208362535       98.1980852097643        0.259004630492288       5.08044746789615        748.335320034296        28.8354588818523        5.08044746789616        0.0509530423016999      0.0503277438811387      -0.00985817771102464    -0.010860917735679      
0.555519677969255       98.1848781299047        0.263393061696803       5.08144350304556        748.381366605786        28.8363460199833        5.08144350304561        0.0503277438811387      0.0500053827949114      -0.0210599658000316     0.0268881746520109      
0.565413802589608       98.1718968681158        0.267824341691001       5.08243281727016        748.42810556426         28.8372464698051        5.08243281727019        0.0500053827949114      0.0508032209594534      -0.010860917735679      0.0615977444832696      
0.575299392963628       98.1588775170284        0.272229374037429       5.0834376114184         748.476794797012        28.8381844627534        5.08343761141842        0.0508032209594534      0.0526306946763641      0.0268881746520109      0.0696995161551776      
0.585190404271762       98.1454783916812        0.276550744329096       5.08447854182011        748.527868288759        28.8391683554147        5.08447854182015        0.0526306946763641      0.0546984981821758      0.0615977444832696      0.0453371808998214      
0.59507881113392        98.1314912909004        0.280750677449017       5.08556042890244        748.580443407281        28.8401811407334        5.0855604289025         0.0546984981821758      0.0560435590590605      0.0696995161551776      0.00757387370828703     
0.604969186721472       98.1172597841824        0.284876913523104       5.08666887149608        748.635016651043        28.8412323794914        5.08666887149601        0.0560435590590605      0.0562682239042331      0.0453371808998214      -0.0402418229899193     
0.614856495550827       98.1031749779115        0.289010696356416       5.08778150498928        748.691278850017        28.842316112307         5.08778150498937        0.0562682239042331      0.0550747588071933      0.00757387370828703     -0.0467386862213178     
0.624738991674477       98.0890852045312        0.293244658417723       5.08887024978622        748.743941289127        28.8433304689919        5.08887024978614        0.0550747588071933      0.0536889099283013      -0.0402418229899193     -0.0225274559469185     
0.634623669800347       98.0754279999198        0.29759651889979        5.08993147012332        748.795811133909        28.8443295242643        5.08993147012339        0.0536889099283013      0.0530210319713839      -0.0467386862213178     0.0400605989597995      
0.64450401648335        98.0620400546317        0.302014473504387       5.09097936189822        748.84773315565         28.8453295498528        5.09097936189831        0.0530210319713839      0.0542086103425764      -0.0225274559469185     0.088554238190887       
0.654386045192885       98.0483524143765        0.306378549947388       5.09205063441581        748.900762672576        28.8463508701722        5.09205063441582        0.0542086103425764      0.0568334908161885      0.0400605989597995      0.0961329951454608      
0.66426571340124        98.0340939478793        0.310589285180946       5.09317368195805        748.957000844912        28.8474339479829        5.09317368195796        0.0568334908161885      0.0596828426360423      0.088554238190887       0.0499127226153606      
0.67414497338558        98.0197350244291        0.31463305420751        5.09435294556791        749.020688768229        28.8486604497068        5.09435294556791        0.0596828426360423      0.0611620036671319      0.0961329951454608      -0.0271001229596143     
0.684024460904448       98.0060083146486        0.318602990944736       5.09556123065945        749.093424509717        28.8500611304902        5.09556123065941        0.0611620036671319      0.0603590880206922      0.0499127226153606      -0.0817677427612129     
0.693897197369899       97.9948190627566        0.322647171975229       5.09675322459158        749.183115077061        28.8517882187388        5.0967532245916         0.0603590880206922      0.057937112904467       -0.0271001229596143     -0.0981699713761608     
0.703768987824527       97.9852283212427        0.326877972844289       5.09789713878802        749.277922653531        28.8536137281033        5.09789713878795        0.057937112904467       0.0550294653247142      -0.0817677427612129     -0.0445759924753076     
0.71364080297866        97.9729274399547        0.331320528087558       5.09898376378522        749.343549460254        28.8548772973431        5.09898376378531        0.0550294653247142      0.0537091404901539      -0.0981699713761608     0.0432629164096025      
0.723517861051988       97.9576257056787        0.335869354887655       5.10004440312936        749.38236108613         28.8556245448522        5.10004440312931        0.0537091404901539      0.054990540657082       -0.0445759924753076     0.1336372496447         
0.733387603460411       97.9428295071773        0.340348093358841       5.10113016206458        749.428682635516        28.8565163569979        5.10113016206463        0.054990540657082       0.058947936714061       0.0432629164096025      0.137156184167365       
0.743259995298031       97.929323053989         0.344595815078295       5.10229376905842        749.496262239715        28.8578173933996        5.10229376905841        0.058947936714061       0.063007565980687       0.1336372496447         0.0809982278694172      
0.753124611611574       97.9103072603421        0.348588129331768       5.10353675207652        749.533277265391        28.8585299784501        5.10353675207649        0.063007565980687       0.0654039387549395      0.137156184167365       -0.031192386576618      
0.762978027148139       97.8884263067189        0.352424601775677       5.10482632103107        749.555122702272        28.8589505218874        5.10482632103104        0.0654039387549395      0.0644815122755072      0.0809982278694172      -0.141522931528872      
0.772840564292162       97.8709127364767        0.356346532545735       5.106097454854          749.607627641942        28.8599612620427        5.10609745485396        0.0644815122755072      0.0602969489945047      -0.031192386576618      -0.174697073259012      
0.782688377544586       97.8577697050491        0.360552184857643       5.10728591478687        749.681413300582        28.8613816043473        5.10728591478692        0.0602969489945047      0.0551314045558446      -0.141522931528872      -0.103317303160647      
0.792550448344614       97.8471353023858        0.365125045309858       5.10837274249864        749.759458365426        28.8628838623321        5.1083727424987         0.0551314045558446      0.0520757312155733      -0.174697073259012      0.0409811928769576      
0.802405303693695       97.8352849157929        0.369908775139586       5.10939971124572        749.819364747592        28.8640369230869        5.10939971124571        0.0520757312155733      0.0532880631129057      -0.103317303160647      0.194880894644179       
0.812274878967064       97.8209279587543        0.374638707726051       5.1104507744588         749.863555567642        28.8648874657167        5.11045077445876        0.0532880631129057      0.0590534611802715      0.0409811928769576      0.253130669022277       
0.822129227980322       97.8046257397459        0.378986833277005       5.11161542673528        749.909450606033        28.8657707829809        5.11161542673536        0.0590534611802715      0.0665416593523091      0.194880894644179       0.151024694844414       
0.831994951808614       97.7873118462377        0.382864717268833       5.11292765357358        749.969176360878        28.8669202521748        5.1129276535736         0.0665416593523091      0.0710083836880437      0.253130669022277       -0.0422597935959458     
0.841849916039925       97.7695587830639        0.386452955216881       5.11432766072503        750.038338291659        28.8682512708196        5.11432766072507        0.0710083836880437      0.0697586466418501      0.151024694844414       -0.230077579572033      
0.851706428762816       97.7526579211177        0.390129986994832       5.11570276939964        750.110314264857        28.8696363804384        5.11570276939968        0.0697586466418501      0.0629558348738172      -0.0422597935959458     -0.271658188703981      
0.861563191164449       97.7374938408827        0.39425077495296        5.11694373786966        750.175885596269        28.8708981809301        5.11694373786973        0.0629558348738172      0.0549251509869833      -0.230077579572033      -0.206709352396206      
0.871416615261649       97.7242827043223        0.398889700990622       5.11802604261435        750.233135814792        28.8719998117129        5.11802604261443        0.0549251509869833      0.0488168376714346      -0.271658188703981      0.0427239589115601      
0.881263173786571       97.7121683852885        0.403920201477411       5.11898749794937        750.281052542724        28.8729218115583        5.11898749794936        0.0488168376714346      0.0500789663375363      -0.206709352396206      0.223132188081703       
0.891106948800494       97.7001600352484        0.408867334358736       5.11997362698336        750.333364098788        28.8739283418025        5.1199736269833         0.0500789663375363      0.0566699788580646      0.0427239589115601      0.358496767033487       
0.900955803038709       97.6864603835498        0.413391346992472       5.12108965344585        750.391682327917        28.8750504054955        5.12108965344581        0.0566699788580646      0.0672597812004766      0.223132188081703       0.281168796556551       
0.910801186633878       97.6706010457274        0.417215172113953       5.12241421036353        750.463912097072        28.8764400717777        5.12241421036357        0.0672597812004766      0.075564888958859       0.358496767033487       0.066959328604689       
0.920647863944874       97.6528372458303        0.420474198272896       5.1239021345145         750.545371807961        28.8780072374956        5.12390213451451        0.075564888958859       0.0775425454263982      0.281168796556551       -0.282068568711267      
0.9304904884595         97.6347267390222        0.423568520101298       5.12542888203397        750.629772476518        28.8796308932345        5.12542888203405        0.0775425454263982      0.0692129618017866      0.066959328604689       -0.420233878745194      
0.940336880464192       97.6183345217611        0.427190270507836       5.12679138758935        750.703255045472        28.8810444379753        5.12679138758934        0.0692129618017866      0.0568061159386836      -0.282068568711267      -0.367157775657889      
0.950172870586564       97.604890870262         0.431605728238031       5.12790928426575        750.763539125043        28.8822040388011        5.12790928426572        0.0568061159386836      0.0459677432558514      -0.420233878745194      -0.172597815693884      
0.960012819458218       97.5939459698917        0.436718425277182       5.12881385907087        750.811773977691        28.8831318319128        5.12881385907084        0.0459677432558514      0.0408729614923895      -0.367157775657889      0.190709224954166       
0.969853869351381       97.584165435696         0.44214130726676        5.12961824953959        750.854273827556        28.8839492880572        5.12961824953951        0.0408729614923895      0.0465021710898987      -0.172597815693884      0.490051047793935       
0.979692338713384       97.5735057997924        0.447160189482254       5.13053326060902        750.906175290092        28.884947546547         5.13053326060904        0.0465021710898987      0.0609640139772202      0.190709224954166       0.583961752000841       
0.989527827496482       97.5601784038812        0.451182615577984       5.131732491716          750.97910611921         28.886350219807         5.13173249171601        0.0609640139772202      0.0781911368477472      0.490051047793935       0.315068797039187       
0.999360642625184       97.5441473141473        0.454014522330763       5.13326999930943        751.080667523898        28.8883034293562        5.13326999930948        0.0781911368477472      0.0874820565586431      0.583961752000841       -0.175598277217775      
1.00918642572367        97.5283005262738        0.456172152954409       5.13498940584218        751.210184958313        28.8907940923578        5.13498940584217        0.0874820565586431      0.0823044867301838      0.315068797039187       -0.555027104246241      
1.01901082611451        97.5132084103033        0.458613948921776       5.13660718381809        751.330570256272        28.893108948834         5.13660718381803        0.0823044867301838      0.0659357112310886      -0.175598277217775      -0.717561062239007      
1.02884826616238        97.4979531775101        0.46209063157813        5.13790392543926        751.402674529533        28.8944953336855        5.1379039254393         0.0659357112310886      0.044770548670613       -0.555027104246241      -0.51208061499247       
1.03868250000543        97.4861328455002        0.466906170536619       5.13878434069452        751.440319351983        28.8952191230465        5.13878434069451        0.044770548670613       0.0296690656986912      -0.717561062239007      -0.04540991151062       
1.04850670018189        97.4759360682505        0.472647445198037       5.13936747442232        751.446983052054        28.8953472427666        5.13936747442238        0.0296690656986912      0.0283304514188224      -0.51208061499247       0.407313108981146       
1.05833327334607        97.4648486556319        0.47840522241808        5.13992414635863        751.442893539408        28.8952686157634        5.13992414635868        0.0283304514188224      0.0403348117738252      -0.04540991151062       0.794414454068921       
1.06815441369377        97.4540965656566        0.48327359144027        5.14071659162232        751.475836704951        28.8959019913619        5.14071659162239        0.0403348117738252      0.0637459208009541      0.407313108981146       0.766634540738127       
1.07797892597892        97.4399926023293        0.486489492832309       5.14196893024973        751.550121787411        28.8973301686315        5.14196893024978        0.0637459208009541      0.0863362421318027      0.794414454068921       0.435917418631389       
1.08780033020489        97.4218421533273        0.488096775221989       5.14366492327221        751.657968366947        28.8994034611049        5.14366492327222        0.0863362421318027      0.0991814959127221      0.766634540738127       -0.365749517326247      
1.09762109939526        97.3999075407287        0.488736856946779       5.14561326582935        751.773384498188        28.9016221093824        5.14561326582937        0.0991814959127221      0.0884042560645974      0.435917418631389       -1.08677748080223       
1.10744658532493        97.3797204326496        0.48996559629539        5.14734997538156        751.871252357493        28.9035032931899        5.14734997538156        0.0884042560645974      0.0563796153314723      -0.365749517326247      -1.28572083028871       
1.11726502394527        97.3658712175669        0.493172832662491       5.14845751885657        751.926077625154        28.9045570729514        5.14845751885657        0.0563796153314723      0.0184942375123222      -1.08677748080223       -0.788155873109413      
1.12709145224691        97.3607550619749        0.498740497430136       5.14882082507172        751.939624811704        28.9048174533763        5.14882082507163        0.0184942375123222      -0.00472809802320076    -1.28572083028871       -0.124744836481744      
1.13690874243448        97.3613977169258        0.505666718425869       5.14872795715453        751.931025559166        28.9046521737931        5.14872795715448        -0.00472809802320076    -0.00840347383861263    -0.788155873109413      0.823561243000506       
1.14673114822734        97.3631542672763        0.512652303961206       5.14856290208231        751.920486135323        28.9044496023887        5.14856290208238        -0.00840347383861263    0.0158581983724803      -0.124744836481744      1.41105419107645        
1.15655162774719        97.359890004624         0.517827069480624       5.14887435099785        751.94076069117         28.9048392851664        5.14887435099787        0.0158581983724803      0.0574239985135541      0.823561243000506       1.13248220829192        
1.16636749352841        97.3473501907517        0.520025449990953       5.15000191854922        752.00856037208         28.9061423763201        5.15000191854917        0.0574239985135541      0.0907772088983662      1.41105419107645        0.385237572339419       
1.17618693125115        97.3274537010658        0.51977641679253        5.15178417004347        752.115052931684        28.9081890153347        5.15178417004343        0.0907772088983662      0.102120702824793       1.13248220829192        -0.736246205535491      
1.18599868688833        97.3054741680932        0.518506055952718       5.15378857466231        752.237761529425        28.9105471244094        5.15378857466222        0.102120702824793       0.080445310177949       0.385237572339419       -1.80122964497316       
1.19581133569548        97.2882651237388        0.518376459823847       5.15536729912948        752.335110911942        28.9124177649201        5.15536729912954        0.080445310177949       0.0274246278573048      -0.736246205535491      -2.05482928795532       
1.20562391586153        97.2831072370456        0.521435112110784       5.1559054697075         752.373757070436        28.9131603459285        5.15590546970742        0.0274246278573048      -0.0330655479272764     -1.80122964497316       -1.43667756334039       
1.21543335417266        97.291690234828         0.528154928637281       5.15525654379259        752.345434109607        28.912616125714         5.15525654379265        -0.0330655479272764     -0.0753643288953363     -2.05482928795532       -0.170602702590834      
1.22525277664958        97.3096702895047        0.537329144207906       5.15377706104575        752.268519833961        28.9111381810994        5.15377706104571        -0.0753643288953363     -0.0803881005690722     -1.43667756334039       1.0460733477762         
1.23506664216582        97.3285517901191        0.546473985485749       5.15219882009664        752.184074542149        28.9095154373886        5.15219882009655        -0.0803881005690722     -0.0495813128256935     -0.170602702590834      2.08546366685521        
1.24488502517208        97.3406169567357        0.553209649160488       5.15122537595996        752.135184268703        28.9085758953733        5.15122537595987        -0.0495813128256935     0.0118399994675667      1.0460733477762         2.25865073805948        
1.25470096732596        97.3388504465206        0.555486632610007       5.15145786606017        752.155480208974        28.9089659334834        5.15145786606017        0.0118399994675667      0.078372264497671       2.08546366685521        0.906356318645707       
1.2645226781796         97.3226856399468        0.552947714880651       5.15299705649552        752.255268949328        28.9108835513804        5.15299705649548        0.078372264497671       0.105071589311415       2.25865073805948        -1.56174501432821       
1.27434227212764        97.3016352025414        0.548213574628191       5.15506056180017        752.393733346932        28.9135441800577        5.15506056180014        0.105071589311415       0.0590707992807674      0.906356318645707       -3.17773614694506       
1.28415945641037        97.2922134952988        0.54608387791888        5.15622036292247        752.49013856739         28.9153964863663        5.15622036292248        0.0590707992807674      -0.0345112098346597     -1.56174501432821       -3.33887293384452       
1.2939736648529         97.3046884214126        0.549686158730614       5.15554287748024        752.487740004671        28.9153504024087        5.15554287748025        -0.0345112098346597     -0.132828595128676      -3.17773614694506       -2.35615263450759       
1.30378982503598        97.3392955686381        0.559326775095169       5.15293537471366        752.374649228016        28.9131774883975        5.15293537471372        -0.132828595128676      -0.202215208027622      -3.33887293384452       0.0474619375322991      
1.31360446230379        97.3911220871151        0.573106811976138       5.1489650950772         752.195232295436        28.9097298556777        5.14896509507727        -0.202215208027622      -0.200816789997677      -2.35615263450759       2.20958413020084        
1.32342689151261        97.4458450674983        0.586368285236647       5.14501932814631        752.041134479744        28.9067684207877        5.14501932814637        -0.200816789997677      -0.135667757057863      0.0474619375322991      3.58033057754793        
1.33326457741182        97.4821615554557        0.594890494884223       5.14235125679686        751.931273984959        28.9046569486064        5.14235125679693        -0.135667757057863      -0.030056073365025      2.20958413020084        3.6247790808038         
1.34309920744501        97.4901772549448        0.595976502780646       5.14176012329557        751.906658733738        28.9041838327514        5.14176012329564        -0.030056073365025      0.076852673023311       3.58033057754793        1.1860625622529         
1.35292763933235        97.4723167677879        0.589539295949589       5.14327087065909        751.989791291129        28.9057816456449        5.14327087065901        0.076852673023311       0.111822188938561       3.6247790808038         -1.8069878974121        
1.36275156043311        97.4459434477192        0.580369389820955       5.1454684195153         752.107536930169        28.9080445729821        5.14546841951527        0.111822188938561       0.0585520437490433      1.1860625622529         -5.24633704142332       
1.37257962973298        97.4334981044473        0.574345060461048       5.1466191956494         752.179667465428        28.9094307462582        5.14661919564942        0.0585520437490433      -0.0961101993622181     -1.8069878974121        -6.53800689062423       
1.38240737418303        97.4549810675628        0.578220565671809       5.14473024116899        752.069382376262        28.9073113084689        5.14473024116895        -0.0961101993622181     -0.288871990499974      -5.24633704142332       -3.12239567706043       
1.3922319121686         97.5178370300725        0.594550356897751       5.13905235868103        751.723905604299        28.9006709957533        5.1390523586811         -0.288871990499974      -0.380978013614157      -6.53800689062423       1.74052371465305        
1.4020658084287         97.6016635832898        0.61669880829551        5.13155761833208        751.272840484074        28.8919989017351        5.13155761833205        -0.380978013614157      -0.329591190802383      -3.12239567706043       4.95719702140729        
1.4119182174156         97.6742022704141        0.635098994854029       5.12506646701118        750.880168122249        28.884447336129         5.12506646701122        -0.329591190802383      -0.183160091958181      1.74052371465305        7.84736455094568        
1.42176861006306        97.7125943775186        0.643236609360273       5.12145895694508        750.646562521627        28.8799538804192        5.12145895694505        -0.183160091958181      0.0485835459221118      4.95719702140729        8.92578412992846        
1.43160729452082        97.6962287767117        0.635018528257977       5.12241508094292        750.660953455617        28.8802307134447        5.12241508094286        0.0485835459221118      0.311946407377725       7.84736455094568        9.73369302569401        
1.44143952530375        97.6201112147381        0.607445343525074       5.12854835689503        750.974191455382        28.8862556985802        5.128548356895          0.311946407377725       0.598772590559653       8.92578412992846        10.1475049826534        
1.45125900526383        97.4651899586645        0.556815929128651       5.14030339865953        751.500970793279        28.8963852178642        5.14030339865951        0.598772590559653       0.897163262741416       9.73369302569401        6.99634142150285        
1.46105160836106        97.1821296471268        0.477071468037861       5.15786937865019        751.879095988392        28.903654055584         5.15786937865017        0.897163262741416       1.10224528348684        10.1475049826534        -4.28548062445471       
1.47080585953747        96.7521185541271        0.364281637732447       5.17937055822403        751.67261142757         28.899684954599         5.1793705582241         1.10224528348684        0.977132697322725       6.99634142150285        -15.2631063844542       
1.48051817495853        96.2323888169797        0.22859839579609        5.19834755136987        750.374104153829        28.8747121996976        5.19834755136978        0.977132697322725       0.532029777250986       -4.28548062445471       -18.1907718272379       
1.49018149563709        95.8027222279745        0.077815306535382       5.20868421456754        748.509190472174        28.8388085451257        5.2086842145675         0.532029777250986       -1.13523120983576e-12   -15.2631063844542       -18.1907718272379       
1.5                     95.8027222279745        -0.077815306535382      5.20868421456754        748.509190472174        28.8388085451257        5.20868421456747        -1.13523120983576e-12   -1.13523120983576e-12   -18.1907718272379       -18.1907718272379       
