# xp[i]                    V[i]                   up[i]                    p[i]                    e[i]                   cs[i]                  dd1[i]             dd2_left[i]            dd2_right[i]             dd3_left[i]            dd3_right[i]
-1.5                    97.989726642571         -0.000883873476315901   5.00935382383432        736.297817780164        28.6025992948614        5.00935382383432        0.00481083772249059     0.00481083772249059     0.0959854455380646      0.0959854455380646      
-1.49006954221029       97.989726642571         0.000883873476315901    5.00935382383432        736.297817780164        28.6025992948614        5.00935382383432        0.00481083772249059     0.00481083772249059     0.0959854455380646      0.0959854455380646      
-1.48019116760412       98.3233682925983        0.00253108490766792     5.00944908540941        738.818861051594        28.6515243156954        5.00944908540941        0.00481083772249059     0.00766406333242951     0.0959854455380646      -0.00578216192512069    
-1.47027546941965       98.6502604464345        0.00397149956346932     5.0096009962693         741.297664522026        28.6995482837473        5.0096009962693         0.00766406333242951     0.00749196409713848     0.0959854455380646      -0.0939354981399594     
-1.46034285924582       98.8479315011153        0.00519328856644192     5.00974983750986        742.805113163847        28.7287141136964        5.00974983750986        0.00749196409713848     0.00469004685089235     -0.00578216192512069    -0.125023213722309      
-1.45039020761436       98.9332257189918        0.00633339386670085     5.009843187939          743.459920393684        28.7413739792517        5.009843187939          0.00469004685089235     0.000955333407457672    -0.0939354981399594     -0.095390161532621      
-1.44042023336579       98.9533664022541        0.0075879516541024      5.00986222728394        743.61409890186         28.7443540137665        5.00986222728393        0.000955333407457672    -0.00189669325373979    -0.125023213722309      -0.0169765407995402     
-1.43045377530916       98.9606303040173        0.00909714577555976     5.00982441247786        743.663072356894        28.745300531022         5.00982441247786        -0.00189669325373979    -0.00240457090393097    -0.095390161532621      0.0988510912141253      
-1.42048220943324       98.9682668719164        0.0108661210538289      5.0097764455612         743.713338349412        28.7462719969315        5.0097764455612         -0.00240457090393097    0.00055507474217543     -0.0169765407995402     0.199467015771118       
-1.41049535320165       98.971005277636         0.0127218355280657      5.00978753119917        743.735562285222        28.7467014974515        5.00978753119917        0.00055507474217543     0.00653178178584204     0.0988510912141253      0.208755350174276       
-1.40049776574806       98.9697619718395        0.0144107981995661      5.00991806346437        743.745597359232        28.7468954335214        5.00991806346437        0.00653178178584204     0.0127877913460192      0.199467015771118       0.121578478304766       
-1.39051144843971       98.9677788743474        0.0157721441916884      5.01017351133774        743.76861628828         28.7473402883405        5.01017351133774        0.0127877913460192      0.0164301164552381      0.208755350174276       -0.0146732134254229     
-1.38052983419129       98.9665347870731        0.0168358796305791      5.01050156623864        743.80796633376         28.748100735986         5.01050156623864        0.0164301164552381      0.0159906012654612      0.121578478304766       -0.124967207848884      
-1.37054601716293       98.9635953312652        0.0178097664058029      5.01082089228726        743.833276592648        28.7485898512653        5.01082089228726        0.0159906012654612      0.0122471623678461      -0.0146732134254229     -0.167472124854304      
-1.36055604825871       98.9600666088649        0.0189473403020242      5.01106550062311        743.843063584572        28.7487789805367        5.01106550062311        0.0122471623678461      0.00723057430179806     -0.124967207848884      -0.150627483533869      
-1.35057449519434       98.9591432209178        0.0204381197830968      5.01120987980213        743.857554308126        28.7490590050474        5.01120987980213        0.00723057430179806     0.00271859222622594     -0.167472124854304      -0.0388210089711095     
-1.34059182709154       98.9591854575606        0.0223738659131597      5.01126416686149        743.865930097911        28.7492208608997        5.01126416686149        0.00271859222622594     0.00155553460493045     -0.150627483533869      0.155815836360903       
-1.33060109068033       98.9579726499875        0.0246030440002838      5.01129524236613        743.86142630262         28.7491338285487        5.01129524236613        0.00155553460493045     0.00622473749570807     -0.0388210089711095     0.29089797651103        
-1.32061047322425       98.9505496741283        0.0267207674841592      5.01141960927018        743.824087477484        28.7484122745642        5.01141960927017        0.00622473749570807     0.0149413977089258      0.155815836360903       0.27277039405733        
-1.31062352125943       98.9366415809973        0.02836926920544        5.01171804855932        743.763828412993        28.7472477603025        5.01171804855933        0.0149413977089258      0.0231124587782996      0.29089797651103        0.158058437722562       
-1.30064006790202       98.9241070286585        0.0294898145364038      5.01217953586003        743.738077278404        28.7467501018889        5.01217953586003        0.0231124587782996      0.0278462274412556      0.27277039405733        -0.0475189476343785     
-1.29065985421598       98.9125797863331        0.0302613953449237      5.01273546578088        743.733895060249        28.7466692768291        5.01273546578089        0.0278462274412556      0.0264231009477622      0.158058437722562       -0.240754840332403      
-1.28067517212447       98.9019117407565        0.0311109761967283      5.0132630499665         743.731949551473        28.7466316780761        5.0132630499665         0.0264231009477622      0.019211670393965       -0.0475189476343785     -0.292958464298041      
-1.27069119437778       98.8936498860465        0.0324714764139543      5.01364672567655        743.72673591207         28.7465309194397        5.01364672567655        0.019211670393965       0.0104358345303471      -0.240754840332403      -0.215718330671763      
-1.26070189019676       98.888513920042         0.0345095811801522      5.0138551457272         743.719026556977        28.7463819280305        5.01385514572721        0.0104358345303471      0.00397441699596305     -0.292958464298041      -0.0307659396880117     
-1.25072132656587       98.8861630986661        0.0371128765339786      5.01393450048137        743.713117170944        28.7462677223969        5.01393450048138        0.00397441699596305     0.00305309802055001     -0.215718330671763      0.22151153368817        
-1.24073898082437       98.8846653296139        0.0399238956797292      5.01399544378566        743.710892134431        28.7462247209077        5.01399544378567        0.00305309802055001     0.00968497554444221     -0.0307659396880117     0.418230907635935       
-1.23076196427673       98.8814240204585        0.0423966694955849      5.01418873403536        743.715183493135        28.7463076564845        5.01418873403536        0.00968497554444221     0.0222063642707285      0.22151153368817        0.419799142367662       
-1.22078285777235       98.8751677530709        0.0440849210768912      5.0146319565378         743.733863883878        28.7466686743173        5.0146319565378         0.0222063642707285      0.0347746474699106      0.418230907635935       0.173795333071979       
-1.21079957594727       98.8657353011028        0.0449474972083313      5.01532608423412        743.76585163891         28.7472868601719        5.01532608423412        0.0347746474699106      0.0399778618249256      0.419799142367662       -0.160469096055488      
-1.2008237661254        98.855052146457         0.0454551643049775      5.01612394448887        743.803791158308        28.7480200508238        5.01612394448886        0.0399778618249256      0.0351738553284646      0.173795333071979       -0.349779072196228      
-1.19084356366835       98.8459005963511        0.0462950467836238      5.01682593455692        743.839016454614        28.7487007716989        5.01682593455692        0.0351738553284646      0.0247032092333631      -0.160469096055488      -0.389075641396253      
-1.18086433203057       98.8395533679372        0.04790047337943        5.01731893702774        743.864344260473        28.7491902158512        5.01731893702773        0.0247032092333631      0.01305708236028        -0.349779072196228      -0.294138755922221      
-1.17088895532809       98.8356506563958        0.0504104055820865      5.01757946619313        743.873596892053        28.7493690151445        5.01757946619313        0.01305708236028        0.00425385880081612     -0.389075641396253      -0.0712277588191802     
-1.16091275640081       98.8344842940334        0.0536616513446257      5.01766433709075        743.877400675391        28.7494425197234        5.01766433709075        0.00425385880081612     0.00212234646569061     -0.294138755922221      0.275194000898025       
-1.15093751508357       98.8338435203029        0.0571842615202194      5.0177066768759         743.878854799698        28.7494706192749        5.0177066768759         0.00212234646569061     0.0103575493467249      -0.0712277588191802     0.588240583624996       
-1.14096516429692       98.8312475739955        0.060226059822429       5.0179133033699         743.889947985294        28.7496849834972        5.01791330336989        0.0103575493467249      0.0279617195469782      0.275194000898025       0.655582532772275       
-1.13098638460749       98.8246286681657        0.0621152053777367      5.01847122423618        743.922832825523        28.7503204392871        5.01847122423618        0.0279617195469782      0.0475827722235637      0.588240583624996       0.372606509087483       
-1.12101024640968       98.8136658449255        0.0626980084313416      5.01942067290884        743.981035661888        28.7514450972447        5.01942067290885        0.0475827722235637      0.0587341120881554      0.655582532772275       -0.134008706411652      
-1.11103405756958       98.800838964445         0.0625609026163554      5.0205924458509         744.058118622936        28.7529345096179        5.0205924458509         0.0587341120881554      0.0547243899424597      0.372606509087483       -0.567336485801497      
-1.10106164022852       98.789156218164         0.0627563906770338      5.02168393431479        744.131877997901        28.7543596307664        5.02168393431478        0.0547243899424597      0.0377518817244401      -0.134008706411652      -0.721097127612981      
-1.09109227977287       98.7808095326453        0.0641998250140608      5.02243677554977        744.180555773002        28.7553001061061        5.02243677554978        0.0377518817244401      0.0161834334514291      -0.567336485801497      -0.589332351122633      
-1.08111977776082       98.7767893429339        0.06722491106241        5.02275946854929        744.198080917679        28.7556386918322        5.02275946854928        0.0161834334514291      -0.00144048254694053    -0.721097127612981      -0.177682220918099      
-1.07115471857331       98.7762658867005        0.0715443635802079      5.02273075403724        744.189882657136        28.7554803019671        5.02273075403725        -0.00144048254694053    -0.00675217724600013    -0.589332351122633      0.38291576698158        
-1.06118943206857       98.7778204601944        0.0762930241004232      5.02259621305342        744.181660465565        28.7553214488798        5.02259621305341        -0.00675217724600013    0.00469142470464156     -0.177682220918099      0.88934684118205        
-1.05123392323466       98.778555618745         0.0803009648573798      5.02268966743506        744.201046005644        28.7556959769257        5.02268966743505        0.00469142470464156     0.0312653581522788      0.38291576698158        1.02568376611407        
-1.04126971518548       98.7759486012069        0.0825231906461797      5.02331246971916        744.273681475173        28.757099248614         5.02331246971915        0.0312653581522788      0.0619144663915722      0.88934684118205        0.636168627242587       
-1.03131387362134       98.7649120344777        0.0826737717467923      5.02454591590337        744.373253096085        28.7590227985755        5.02454591590335        0.0619144663915722      0.0809286251097821      1.02568376611407        -0.10314349405301       
-1.02134621106796       98.7476097314432        0.0815773876650289      5.02615870416152        744.481737250256        28.7611183766915        5.0261587041615         0.0809286251097821      0.0778457673955787      0.636168627242587       -0.765782829886429      
-1.01138032454023       98.7298958304875        0.080761710651815       5.02770995744351        744.577920546454        28.76297621261          5.02770995744352        0.0778457673955787      0.0549630198746782      -0.10314349405301       -1.09487781027365       
-1.00142522896717       98.7136462970683        0.0815886731389891      5.02880453146101        744.617447723604        28.7637396680768        5.02880453146101        0.0549630198746782      0.0222590864327548      -0.765782829886429      -1.04353245440332       
-0.991471835116678      98.7048153925584        0.0847332780082882      5.02924769758452        744.616448330294        28.7637203653471        5.0292476975845         0.0222590864327548      -0.00890944130993007    -1.09487781027365       -0.511082406384208      
-0.98151482242466       98.7055786077945        0.0900904566766067      5.0290702745858         744.595936968378        28.7633241968614        5.02907027458579        -0.00890944130993007    -0.0241767943615139     -1.04353245440332       0.16149066682759        
-0.971554155356388      98.710950031668         0.0965601526730883      5.02858873612344        744.565157191934        28.7627296879512        5.02858873612342        -0.0241767943615139     -0.0193520783475099     -0.511082406384208      0.960355886839149       
-0.961597737064847      98.7156496670092        0.102746686799181       5.02820329518155        744.543532412465        28.7623119997229        5.02820329518156        -0.0193520783475099     0.0093397070079195      0.16149066682759        1.60065783101307        
-0.951636662234163      98.7138996836289        0.107018084902942       5.02838932027308        744.557878397502        28.7625890968247        5.02838932027308        0.0093397070079195      0.0571600277815717      0.960355886839149       1.37778080186816        
-0.941679913861998      98.7011138661125        0.108075854708626       5.02952775773002        744.629987862727        28.7639818728355        5.02952775773003        0.0571600277815717      0.098320023505043       1.60065783101307        0.327663829482911       
-0.931721143812267      98.6787677899461        0.106392556586          5.03148582196706        744.751231596441        28.7663235127552        5.03148582196706        0.098320023505043       0.108107303794596       1.37778080186816        -0.783718063872081      
-0.921765005739524      98.654309179689         0.104109971094212       5.03363846799576        744.885188580645        28.7689104683172        5.03363846799577        0.108107303794596       0.0847035042108721      0.327663829482911       -1.67021496563776       
-0.911811804115132      98.6352052387366        0.103483541848899       5.03532449718111        744.990397834645        28.770942089288         5.03532449718111        0.0847035042108721      0.0348427063248376      -0.783718063872081      -2.03230926929256       
-0.901864205324074      98.6277793785081        0.106307754129686       5.03601780615374        745.036879697354        28.7718396217427        5.03601780615375        0.0348427063248376      -0.025814050619345      -1.67021496563776       -1.40171943923027       
-0.891916099277399      98.6346768129616        0.113311032623552       5.03550421436071        745.012996160662        28.7713784507502        5.03550421436072        -0.025814050619345      -0.0676504113639225     -2.03230926929256       -0.420035566806839      
-0.881968263309822      98.6514750935026        0.123202159874549       5.03415806548955        744.940678521597        28.7699820129245        5.03415806548955        -0.0676504113639225     -0.0801886868762264     -1.40171943923027       0.688944746608206       
-0.872014829596028      98.6710564014714        0.133993163794713       5.03256210709378        744.852329269437        28.7682759161592        5.0325621070938         -0.0801886868762264     -0.0596192176555886     -0.420035566806839      2.14784020914548        
-0.8620644567911        98.6860384497579        0.143432969161177       5.03137533581757        744.789749768484        28.7670673932785        5.03137533581756        -0.0596192176555886     0.00451629574429942     0.688944746608206       2.6113329525104         
-0.852106933683611      98.6859145665363        0.148555297552141       5.03146524878288        744.802124528825        28.7673063762171        5.03146524878286        0.00451629574429942     0.0824938990792781      2.14784020914548        1.42069622695071        
-0.842155223626751      98.6675936382294        0.148407545066233       5.03310747776493        744.906905030466        28.7693298309631        5.03310747776492        0.0824938990792781      0.124915515089425       2.6113329525104         -0.192458794284458      
-0.832201610853189      98.6394519828163        0.14542122883074        5.03559393616267        745.062339406618        28.7723312191614        5.03559393616266        0.124915515089425       0.11916950251803        1.42069622695071        -1.82012707665908       
-0.822250305175958      98.6132331270115        0.142878739847881       5.03796578409192        745.215141528846        28.7752814742261        5.03796578409192        0.11916950251803        0.0648385775837014      -0.192458794284458      -3.06031114857421       
-0.812300238614659      98.6002477563329        0.144095768240133       5.03925591702457        745.307822889284        28.7770707892641        5.03925591702458        0.0648385775837014      -0.0265020539667018     -1.82012707665908       -3.04615721983502       
-0.802356451154446      98.6095021177138        0.151581119283839       5.03872862795645        745.299781963585        28.7769155548059        5.03872862795645        -0.0265020539667018     -0.117422644541453      -3.06031114857421       -2.23420473525056       
-0.792401775497425      98.6391301873815        0.16530920658083        5.03639183412963        745.177964702067        28.7745637036538        5.03639183412963        -0.117422644541453      -0.184117243554594      -3.04615721983502       -0.0540977523597822     
-0.782453497160946      98.6822402790855        0.183625234677323       5.03272746384577        744.961231269572        28.770378888896         5.03272746384577        -0.184117243554594      -0.185732349105446      -2.23420473525056       2.63773949373497        
-0.77249998102611       98.7237905565049        0.202108138119211       5.029030676868          744.727456868031        28.765864354745         5.02903067686801        -0.185732349105446      -0.106984496087911      -0.0540977523597822     4.94388602325255        
-0.762547611434847      98.7482771074711        0.215258556556241       5.0269013218862         744.596767088296        28.7633402303908        5.0269013218862         -0.106984496087911      0.0406018929078738      2.63773949373497        3.98986880934126        
-0.752599071194391      98.7415246487136        0.218362947160852       5.02770927362001        744.665518751575        28.7646681181305        5.02770927362003        0.0406018929078738      0.159693473889765       4.94388602325255        0.623538698693576       
-0.742649798795128      98.7112733370893        0.213369050947272       5.03088686083574        744.907872071892        28.7693485051923        5.03088686083573        0.159693473889765       0.178303775067563       3.98986880934126        -2.04796059522776       
-0.732700802775768      98.6741777422063        0.207147604812813       5.03443463498477        745.153047006009        28.7740826092975        5.03443463498478        0.178303775067563       0.117178988764417       0.623538698693576       -4.70682454780592       
-0.72275335004966       98.6469830454538        0.205129039426529       5.03676620709169        745.292685952333        28.7767785617411        5.03676620709171        0.117178988764417       -0.0233125225360002     -2.04796059522776       -5.76483615544427       
-0.712802197279666      98.6546525763202        0.212715675660255       5.03630228216709        745.281977874784        28.7765718341768        5.0363022821671         -0.0233125225360002     -0.195419062363146      -4.70682454780592       -4.22861099124787       
-0.702851464295492      98.7034244607974        0.232054804163229       5.03241241908823        745.074508594581        28.7725661890817        5.03241241908819        -0.195419062363146      -0.321697917940275      -5.76483615544427       -0.24413896898786       
-0.692893605674351      98.7784064234367        0.260056495845262       5.02600676352022        744.691408160913        28.7651681371163        5.0260067635202         -0.321697917940275      -0.328991521937876      -4.22861099124787       4.31141640776179        
-0.682936014707099      98.8521288631876        0.288609886174837       5.01945308500799        744.275434772901        28.7571331203794        5.01945308500801        -0.328991521937876      -0.200117591310517      -0.24413896898786       8.68215349650469        
-0.672968037636577      98.8965205916066        0.308398633531966       5.01546402180403        744.017911363206        28.7521576265389        5.01546402180399        -0.200117591310517      0.0595306127000986      4.31141640776179        10.1242576539985        
-0.662994390881446      98.8822203484777        0.31041534477217        5.01665125176125        744.086421732184        28.7534813685845        5.01665125176128        0.0595306127000986      0.362277985783187       8.68215349650469        8.91063467538821        
-0.653023293644425      98.7976667513686        0.291713788119355       5.02387230541828        744.520292748218        28.7618631128139        5.02387230541831        0.362277985783187       0.628487145417609       10.1242576539985        11.0322329241098        
-0.643074423572345      98.6512949902151        0.254913039008085       5.03638112979001        745.268280777101        28.7763073991454        5.03638112979002        0.628487145417609       0.957543532750734       8.91063467538821        9.1235795680948         
-0.633137118654781      98.4293566627598        0.195937659761086       5.05540448712522        746.400317006647        28.7981542040969        5.05540448712523        0.957543532750734       1.22908798893745        11.0322329241098        9.41702750024582        
-0.623226932812997      98.1463162202838        0.118983609338712       5.07976481697257        747.840306076893        28.8259201660376        5.0797648169726         1.22908798893745        1.50861648982163        9.1235795680948         -4.02533606751957       
-0.613344925247284      97.8023717105411        0.0238916489150291      5.10957441467192        749.59274427962         28.8596747552247        5.10957441467188        1.50861648982163        1.38950339199377        9.41702750024582        -9.14688103068694       
-0.603500006682296      97.4898470475778        -0.0624178696496523     5.13694033498685        751.199291325601        28.8905846124766        5.13694033498684        1.38950339199377        1.11964241798498        -4.02533606751957       -9.81047897920936       
-0.593682353701854      97.2410431484315        -0.13030125755796       5.15892966007065        752.48955251198         28.9153852263996        5.15892966007062        1.11964241798498        0.830903399224081       -9.14688103068694       -9.72742800032567       
-0.583883385638082      97.0581963476848        -0.178787557272014      5.17521570618515        753.44565322881         28.9337490989485        5.17521570618517        0.830903399224081       0.545104811239784       -9.81047897920936       -7.51360243947459       
-0.574098157587888      96.9396803856175        -0.208360883728496      5.18588470672646        754.077008980087        28.9458691925326        5.18588470672648        0.545104811239784       0.324638657650029       -9.72742800032567       -4.01793022914848       
-0.564322814282315      96.8699030884543        -0.223354642663622      5.19223144839529        754.456435828315        28.9531505832807        5.19223144839526        0.324638657650029       0.206857826629101       -7.51360243947459       -2.02329131239404       
-0.554558384488512      96.825969488163         -0.230655066978646      5.1962721101492         754.701127184247        28.9578453615337        5.1962721101492         0.206857826629101       0.147585640194152       -4.01793022914848       -0.999775801675284      
-0.544795544864785      96.7953239334087        -0.234046226931672      5.19915372684814        754.880653754781        28.9612893696009        5.19915372684814        0.147585640194152       0.118306741067454       -2.02329131239404       -0.482161342687235      
-0.535035558041056      96.7709285480094        -0.235526090923137      5.20146329095526        755.025648711189        28.9640706299525        5.20146329095523        0.118306741067454       0.104187683377206       -0.999775801675284      -0.231130361325822      
-0.525274710972048      96.7501650992114        -0.236063211172116      5.20349718410311        755.158817482886        28.9666248078502        5.20349718410307        0.104187683377206       0.0974196216009262      -0.482161342687235      -0.130843361187675      
-0.515513520801438      96.7308762295359        -0.236124071147771      5.20539901255534        755.284211413257        28.9690296583794        5.20539901255529        0.0974196216009262      0.0935887118093857      -0.231130361325822      -0.0819158282415897     
-0.505752694848079      96.7128740591696        -0.23593704450245       5.20722563739418        755.408635900473        28.971415719262         5.20722563739415        0.0935887118093857      0.0911909515966666      -0.130843361187675      -0.104662297898656      
-0.496000383998597      96.695378152282         -0.235551698005446      5.20900477435582        755.530029680067        28.9737434715577        5.20900477435581        0.0911909515966666      0.0881287565934705      -0.0819158282415897     -0.0922444055572143     
-0.486245798840279      96.6780178512865        -0.235005080969884      5.21072339905763        755.643614688316        28.9759213196121        5.21072339905761        0.0881287565934705      0.0854314744534132      -0.104662297898656      -0.0813611222482956     
-0.476504694057553      96.6587837495615        -0.234228420460512      5.2123882155328         755.734658015921        28.9776668414358        5.21238821553277        0.0854314744534132      0.083053720671146       -0.0922444055572143     -0.084979718387936      
-0.466767176660262      96.6392426294003        -0.23329147476542       5.2140058401902         755.816363191876        28.9792332386846        5.21400584019021        0.083053720671146       0.0805713454859902      -0.0813611222482956     -0.108030193070199      
-0.457029621102267      96.6223603685647        -0.232166450210289      5.21557473130311        755.911711825724        28.9810610921785        5.21557473130313        0.0805713454859902      0.0774162975711674      -0.084979718387936      -0.0878865169270341     
-0.447298103816418      96.6102790154014        -0.230847293917777      5.21708184897461        756.035599613435        28.9834358751001        5.21708184897462        0.0774162975711674      0.0748495395953232      -0.108030193070199      -0.106964202576745      
-0.437563283217959      96.6022876704863        -0.229301850045899      5.21853923167439        756.184242116891        28.9862849199964        5.21853923167436        0.0748495395953232      0.0717249712189399      -0.0878865169270341     -0.114338237172004      
-0.427822780666579      96.5898554087386        -0.227569554677971      5.21993630339361        756.289339181422        28.9882991563727        5.21993630339361        0.0717249712189399      0.068384022936898       -0.106964202576745      -0.114888105428374      
-0.418082251405096      96.5743864736503        -0.225607807749852      5.22126857509519        756.361213880953        28.989676589376         5.22126857509519        0.068384022936898       0.0650264923699796      -0.114338237172004      -0.109342764364553      
-0.408339398150804      96.5612860741526        -0.223425360549843      5.22253554068972        756.442122565454        28.9912270746678        5.2225355406897         0.0650264923699796      0.0618312123001906      -0.114888105428374      -0.124832262594022      
-0.398597959413799      96.5488976234788        -0.221004012412343      5.22374006900923        756.519517701655        28.9927101508419        5.22374006900922        0.0618312123001906      0.0581835485009015      -0.109342764364553      -0.113173822563864      
-0.388861868928881      96.5358232963785        -0.218363464763099      5.22487339000867        756.58118148574         28.9938917223331        5.22487339000869        0.0581835485009015      0.0548768978388728      -0.124832262594022      -0.112430943062969      
-0.379118737847044      96.5235907269315        -0.2154885832164        5.2259423199144         756.640076474952        28.9950201945658        5.22594231991439        0.0548768978388728      0.0515924949203609      -0.113173822563864      -0.11750020393995       
-0.369383716890753      96.5125318142983        -0.212400955767716      5.22694698127412        756.698830232804        28.9961459169395        5.2269469812741         0.0515924949203609      0.0481610985902965      -0.112430943062969      -0.0971799825441723     
-0.359650862511831      96.5028719567001        -0.2090913231924        5.22788440075988        756.758788396441        28.9972946706804        5.2278844007599         0.0481610985902965      0.045323907013233       -0.11750020393995       -0.118477327470661      
-0.349923099594472      96.4942232222002        -0.205551951573948      5.22876646239384        756.818637298478        28.9984412856676        5.22876646239383        0.045323907013233       0.0418653169530272      -0.0971799825441723     -0.0896077902710761     
-0.340188902649183      96.4868219719211        -0.201821441621515      5.2295812322413         756.878510014449        28.9995883115308        5.22958123224128        0.0418653169530272      0.039249820365012       -0.118477327470661      -0.105189280564772      
-0.330461678159876      96.4803227230868        -0.197868806163004      5.23034492747392        756.938049833615        29.000728914855         5.2303449274739         0.039249820365012       0.0361800929088589      -0.0896077902710761     -0.0893128933911225     
-0.320735739226311      96.4750677405188        -0.193721428585394      5.2310487092144         756.998667863118        29.0018901273524        5.23104870921439        0.0361800929088589      0.0335740683425421      -0.105189280564772      -0.103165182806592      
-0.311010478221185      96.470739142237         -0.189378925423467      5.23170179237094        757.059208322686        29.0030498074999        5.23170179237094        0.0335740683425421      0.030563739289664       -0.0893128933911225     -0.0617868801330731     
-0.301282916578809      96.4677645510147        -0.184880088829797      5.23229638240293        757.121903218157        29.0042507079788        5.23229638240295        0.030563739289664       0.0287606482163349      -0.103165182806592      -0.0988095864681234     
-0.291555101425093      96.4670204472876        -0.180175142485761      5.23285595000423        757.197032890154        29.0056897270969        5.23285595000423        0.0287606482163349      0.0258770157713331      -0.0617868801330731     -0.0669077705286829     
-0.281826263502073      96.4699433377015        -0.175342274916822      5.23335941433947        757.292829250734        29.0075244884023        5.23335941433945        0.0258770157713331      0.0239244589161909      -0.0988095864681234     -0.078030456134936      
-0.272099668219183      96.4777311200466        -0.170333870855757      5.23382485236558        757.421320253916        29.0099852589858        5.23382485236562        0.0239244589161909      0.0216473197634425      -0.0669077705286829     -0.0533022771848902     
-0.262372726787157      96.4929499531852        -0.165202867586264      5.23424600054574        757.60175605998         29.013440488083         5.23424600054576        0.0216473197634425      0.0200916162841415      -0.078030456134936      -0.0691125959530983     
-0.252643244278652      96.5189711897387        -0.159917511990477      5.23463697671264        757.862663316103        29.0184359658956        5.23463697671261        0.0200916162841415      0.0180736497668214      -0.0533022771848902     -0.0508579841474376     
-0.242909816283471      96.5616363057803        -0.154529269931376      5.23498887127267        758.248637178958        29.0258244629571        5.23498887127265        0.0180736497668214      0.0165877337337369      -0.0691125959530983     -0.0528395968695159     
-0.233166088488599      96.627444912668         -0.149007579910178      5.23531209174944        758.812246119216        29.0366099589852        5.23531209174947        0.0165877337337369      0.0150426732740075      -0.0508579841474376     -0.042248126116518      
-0.223415949026998      96.7258743760519        -0.143393205709012      5.23560545399543        759.627773138601        29.0522091938443        5.2356054539954         0.0150426732740075      0.01380609761183        -0.0528395968695159     -0.0489652433658003     
-0.213655951523824      96.8683617646622        -0.137662010715646      5.23587498253567        760.785947944215        29.0743481429596        5.2358749825357         0.01380609761183        0.0123711205395416      -0.042248126116518      -0.0373586175121473     
-0.20388123090269       97.0695091220231        -0.131858249089379      5.23611684988314        762.400938485566        29.105191184269         5.2361168498831         0.0123711205395416      0.0112742104571413      -0.0489652433658003     -0.033560985138749      
-0.194088739209578      97.3481340971444        -0.125954882551913      5.23633775987105        764.621565638801        29.1475473646831        5.23633775987103        0.0112742104571413      0.0102860777564248      -0.0373586175121473     -0.0370020405792842     
-0.184259891828198      97.7264461788356        -0.119957464083286      5.23653997688735        767.622663321903        29.2046926085119        5.23653997688736        0.0102860777564248      0.00919250344534442     -0.033560985138749      -0.030706463566937      
-0.174391492304173      98.2271756426869        -0.113861214379403      5.23672147149652        771.582539658778        29.2799237183808        5.23672147149652        0.00919250344534442     0.00828052669822981     -0.0370020405792842     -0.0333887128048155     
-0.164469612785519      98.8730312090438        -0.107664079533903      5.23688584994214        776.680167119294        29.3764865745698        5.23688584994214        0.00828052669822981     0.00728272272421988     -0.030706463566937      -0.0108533890093815     
-0.154479358299454      99.6881302913851        -0.101365337725785      5.23703142669078        783.104806806043        29.4977363878436        5.23703142669081        0.00728272272421988     0.00695575024503966     -0.0333887128048155     -0.0374853871719581     
-0.144403086560361      100.693101359802        -0.0949386091887977     5.23717172581046        791.020595138585        29.6464462014624        5.2371717258105         0.00695575024503966     0.00581483046988771     -0.0108533890093815     -0.0164774059740155     
-0.134205413762729      101.890469857088        -0.0884138382646831     5.23729036652075        800.444964334203        29.8225299682081        5.23729036652074        0.00581483046988771     0.00530723508057694     -0.0374853871719581     -0.0231272057914056     
-0.123870782023529      103.267917216903        -0.0817450990180234     5.2374000594686         811.283093659507        30.023751591393         5.23740005946862        0.00530723508057694     0.00458513295516681     -0.0164774059740155     -0.0173832380975142     
-0.113400582777782      104.813652072947        -0.074961818158461      5.23749614967521        823.441648748186        30.2478952205895        5.23749614967519        0.00458513295516681     0.00403430264925638     -0.0231272057914056     -0.0191737350532147     
-0.102761798293109      106.501247850582        -0.0680291183286903     5.23758201990404        836.713531259329        30.4906822061963        5.23758201990402        0.00403430264925638     0.00341709087103446     -0.0173832380975142     -0.00788901719710044    
-0.0919395184492736     108.283315653485        -0.060962313956586      5.23765595204927        850.726129110159        30.7449386821123        5.23765595204931        0.00341709087103446     0.00315908170997918     -0.0191737350532147     -0.0199350631457457     
-0.080950881818115      110.09511501956         -0.0537369981897687     5.2377253707297         864.971965697028        31.001289681005         5.23772537072968        0.00315908170997918     0.0024969897180646      -0.00788901719710044    -0.0119811368388113     
-0.0698017898785573     111.867689457945        -0.0463960429830999     5.23778107102163        878.907699452627        31.2500257680361        5.23778107102167        0.0024969897180646      0.00209291885800785     -0.0199350631457457     -0.0102857595682933     
-0.0584746565662987     113.529026934961        -0.038901091701109      5.23782848970163        891.968357532064        31.481358814597         5.23782848970167        0.00209291885800785     0.00174086346634938     -0.0119811368388113     -0.0153523542597573     
-0.0469645718310201     114.991625810648        -0.0312622461156689     5.23786851101114        903.466523795351        31.6836186870431        5.23786851101112        0.00174086346634938     0.00120861879703857     -0.0102857595682933     -0.0107995501662353     
-0.0353331861918564     116.126004711096        -0.023521810492665      5.23789661139046        912.384009855843        31.8395981593822        5.23789661139043        0.00120861879703857     0.000830471136484445    -0.0153523542597573     -0.0111554969063055     
-0.023606054987228      116.823651876358        -0.0157196283035561     5.23791608128424        917.868727256289        31.9351552586781        5.23791608128421        0.000830471136484445    0.000437205547043872    -0.0107995501662353     -0.0143179555655566     
-0.0118029120133895     117.086954660117        -0.00785932026733297    5.2379263878884         919.939274237577        31.9711549549412        5.23792638788838        0.000437205547043872    -6.94731252581775e-05   -0.0111554969063055     -0.00429828509444701    
1.130763720263e-05      117.115415668136        6.7325260393989e-06     5.23792474675921        920.16260093268         31.9750354171063        5.2379247467592         -6.94731252581775e-05   -0.0002217669013733     -0.0143179555655566     -0.00219596026299777    
0.0118247333086164      117.087200208593        0.00785932035656435     5.23791950804696        919.939995172785        31.9711674824674        5.23791950804697        -0.0002217669013733     -0.00029947990375103    -0.00429828509444701    -0.0158630145654886     
0.0236288752383359      116.82384750299         0.0157343969635982      5.2379124477327         917.869627541908        31.9351709203698        5.23791244773267        -0.00029947990375103    -0.000858739552183736   -0.00219596026299777    -0.0140539182307541     
0.0353576703248954      116.126041694583        0.0235361850591743      5.23789231304845        912.383551705197        31.8395901653062        5.23789231304848        -0.000858739552183736   -0.00135086962411013    -0.0158630145654886     -0.00578084005029603    
0.0469895141521694      114.991535272902        0.0312794127610517      5.23786090422562        903.464500384222        31.6835832075755        5.2378609042256         -0.00135086962411013    -0.00155128619631458    -0.0140539182307541     -0.0152397032350393     
0.0584986660844735      113.528920308172        0.0389140776023411      5.23782524203408        891.966966736525        31.4813342710411        5.23782524203414        -0.00155128619631458    -0.00207288566551223    -0.00578084005029603    -0.0135987401036389     
0.0698260969214559      111.867634671736        0.046416879553069       5.23777827903593        878.90680051612         31.2500097869517        5.23777827903592        -0.00207288566551223    -0.00253149285788687    -0.0152397032350393     -0.0147736101754403     
0.0809737944296364      110.095149281227        0.053761196267733       5.23772181168312        864.971647126191        31.0012839720872        5.23772181168307        -0.00253149285788687    -0.00302216266355677    -0.0135987401036389     -0.00480320619356986    
0.0919628683692865      108.283201068453        0.0609778419095601      5.23765539959114        850.725139141793        30.7449207935553        5.2376553995911         -0.00302216266355677    -0.00317923987136537    -0.0147736101754403     -0.0271752038278371     
0.102787067609678       106.501219427003        0.0680414439034361      5.237586619316          836.714042717564        30.490691525221         5.23758661931594        -0.00317923987136537    -0.00405387682529599    -0.00480320619356986    -0.0170092760926928     
0.11341797250179        104.813624751369        0.0749754950552967      5.23750035900133        823.442095895293        30.2479034332279        5.23750035900131        -0.00405387682529599    -0.00459272708903036    -0.0271752038278371     -0.0274690837728724     
0.123888912465231       103.267963717593        0.0817579456578146      5.23740413109887        811.284089677037        30.0237700215649        5.23740413109893        -0.00459272708903036    -0.00545024728689419    -0.0170092760926928     -0.00990253901094173    
0.134220599876405       101.890462579952        0.0884282243429582      5.23729149233203        800.445079229637        29.8225321085629        5.23729149233201        -0.00545024728689419    -0.00575530213442696    -0.0274690837728724     -0.0296503859524893     
0.144419736945664       100.693102837946        0.0949498752647529      5.2371740588068         791.020959125485        29.6464530223448        5.23717405880679        -0.00575530213442696    -0.00665777665008315    -0.00990253901094173    -0.0247065972751513     
0.154498588722717       99.6880238432592        0.10136559288116        5.23703975959679        783.105216634173        29.4977441064788        5.23703975959678        -0.00665777665008315    -0.00740209041851224    -0.0296503859524893     -0.0380998240181771     
0.16448530934208        98.8729824638575        0.107665374913494       5.23689181312978        776.68066860705         29.3764960584904        5.23689181312976        -0.00740209041851224    -0.00854055114923329    -0.0247065972751513     -0.0191783127970457     
0.174407255671501       98.2271774475383        0.113869712907543       5.23672229846935        771.582675682844        29.2799262992933        5.23672229846939        -0.00854055114923329    -0.00911004960876508    -0.0380998240181771     -0.0433244984652414     
0.18427306418236        97.7263705605358        0.11996064956558        5.23654246074911        767.622433462721        29.2046882359422        5.23654246074908        -0.00911004960876508    -0.0103903239328616     -0.0191783127970457     -0.0324074845267765     
0.194100673391105       97.348103625459         0.125965619111087       5.23633821877973        764.621393309581        29.1475440800685        5.23633821877971        -0.0103903239328616     -0.0113444086090746     -0.0433244984652414     -0.0380539478695125     
0.203893525545542       97.0695931373071        0.131872475698412       5.23611594156246        762.401466100854        29.1052012553093        5.23611594156245        -0.0113444086090746     -0.0124616780794284     -0.0324074845267765     -0.0386575588756082     
0.213667308494764       96.8684885414972        0.137681920888006       5.23587231680966        760.786556288428        29.0743597672594        5.23587231680963        -0.0124616780794284     -0.0135945541821564     -0.0380539478695125     -0.0453214725207843     
0.223426721342983       96.725936605563         0.143406966348217       5.23560692249373        759.628474915162        29.0522226136766        5.23560692249368        -0.0135945541821564     -0.014921022614613      -0.0386575588756082     -0.0571805181836563     
0.233178322958905       96.6275415648385        0.14902264284718        5.23531594177192        758.813563152941        29.0366351576943        5.23531594177192        -0.014921022614613      -0.016592882364179      -0.0453214725207843     -0.0538954193129552     
0.242918492314065       96.5615992809238        0.154544223551194       5.23499266648835        758.248896150034        29.0258294196744        5.23499266648827        -0.016592882364179      -0.0181675014621183     -0.0571805181836563     -0.0608940315956043     
0.252652088722332       96.5191097631344        0.159937263244963       5.23463893960568        757.864035573267        29.0184622376335        5.23463893960574        -0.0181675014621183     -0.0199456450550745     -0.0538954193129552     -0.0600429148265703     
0.262385346235837       96.4929223592847        0.165209463352152       5.23425072277568        757.602222902735        29.0134494272864        5.23425072277572        -0.0199456450550745     -0.0216983613988584     -0.0608940315956043     -0.0779224276391896     
0.272112712849163       96.4777070682412        0.170332912328153       5.23382852401674        757.421662778239        29.0099918184951        5.23382852401683        -0.0216983613988584     -0.0239725641608407     -0.0600429148265703     -0.0665582513508651     
0.281839988670443       96.4700405583439        0.175335330626147       5.23336213396796        757.293985980584        29.0075466422214        5.23336213396792        -0.0239725641608407     -0.0259148829813131     -0.0779224276391896     -0.0848976715217097     
0.291568388541031       96.46710020256          0.180172822047685       5.23285796204162        757.197950055049        29.0057072938538        5.23285796204156        -0.0259148829813131     -0.0283922292200067     -0.0665582513508651     -0.0776815121638818     
0.301294149208932       96.467799581797         0.184866292658275       5.23230566103161        757.123520788649        29.0042816913612        5.2323056610317         -0.0283922292200067     -0.0306588354632506     -0.0848976715217097     -0.106686177483136      
0.311019310486714       96.4707523377555        0.189377354474887       5.2317093125319         757.06040008859         29.0030726358546        5.23170931253187        -0.0306588354632506     -0.0337716355188868     -0.0776815121638818     -0.0767513920362894     
0.320745455010872       96.4751095198528        0.193726574522606       5.2310523967201         756.99952931649         29.0019066292103        5.23105239672009        -0.0337716355188868     -0.036011164154403      -0.106686177483136      -0.107201469786235      
0.330471409964437       96.4804001616032        0.197849393137453       5.23035185915358        756.939660535684        29.0007597704245        5.23035185915354        -0.036011164154403      -0.0391400061809333     -0.0767513920362894     -0.0933385766952176     
0.340200043667194       96.4869086453627        0.201797857358512       5.22959017469939        756.88048415836         28.999626130892         5.22959017469942        -0.0391400061809333     -0.0418649251357749     -0.107201469786235      -0.116778503605385      
0.349937839899937       96.494261912921         0.205550736423848       5.2287752058668         756.820206298048        28.9984713447306        5.22877520586679        -0.0418649251357749     -0.0452744883065143     -0.0933385766952176     -0.11134969200115       
0.359666865372948       96.5029312593803        0.209090481331678       5.22789400024727        756.760643005784        28.9973302028879        5.22789400024724        -0.0452744883065143     -0.0485258844429102     -0.116778503605385      -0.113062870205472      
0.36939826629828        96.5126577288455        0.212401684217745       5.22694937327219        756.700163742934        28.9961714664949        5.22694937327211        -0.0485258844429102     -0.0518280680261537     -0.11134969200115       -0.108559541892204      
0.37913935018167        96.5237302750269        0.215487612116088       5.22593994905779        756.640827114514        28.9950345771002        5.22593994905777        -0.0518280680261537     -0.0549996177186637     -0.113062870205472      -0.117215573647445      
0.388878582656416       96.5360001481092        0.218340620597284       5.22486863361317        756.581878782499        28.9939050833197        5.22486863361318        -0.0549996177186637     -0.0584241229277463     -0.108559541892204      -0.11297953519528       
0.398616229855934       96.5491119959337        0.220972305108581       5.22373080702993        756.519856086812        28.9927166349453        5.22373080702998        -0.0584241229277463     -0.0617246322082535     -0.117215573647445      -0.117318800599129      
0.408352277716743       96.5615455066578        0.223384564383955       5.22252872614082        756.443167873612        28.991247105781         5.22252872614087        -0.0617246322082535     -0.065152210305495      -0.11297953519528       -0.11972525877969       
0.418092329913419       96.5746137121601        0.22555622888969        5.22125962073474        756.361696445035        28.9896858371892        5.22125962073481        -0.065152210305495      -0.0686506098887035     -0.117318800599129      -0.111148108695551      
0.427834346541237       96.5902009634011        0.227503095657615       5.21992215720642        756.289995266818        28.9883117301289        5.2199221572065         -0.0686506098887035     -0.0718979498632606     -0.11972525877969       -0.101703451830828      
0.437574620778468       96.6025525170805        0.229222675542556       5.21852192328243        756.18380723314         28.986276584947         5.21852192328242        -0.0718979498632606     -0.0748683200236211     -0.111148108695551      -0.0829459756582104     
0.44730264958736        96.6106435228032        0.230773893563945       5.21706460822717        756.035953651302        28.98344266131          5.21706460822711        -0.0748683200236211     -0.0772903691637148     -0.101703451830828      -0.120300477206982      
0.457036403377414       96.6226121929529        0.232108698226226       5.21556006077851        755.911555682483        28.9810580989738        5.21556006077854        -0.0772903691637148     -0.0808035348778145     -0.0829459756582104     -0.0887023373578413     
0.466773206550295       96.6394837131252        0.233239027655336       5.21398662482363        755.815463265144        28.9792159863495        5.21398662482369        -0.0808035348778145     -0.0833946507260372     -0.120300477206982      -0.0980464097178592     
0.476510577167184       96.6590616119456        0.234129794551555       5.21236242386555        755.733091008315        28.9776367989815        5.21236242386546        -0.0833946507260372     -0.0862600014161879     -0.0887023373578413     -0.0767384078180677     
0.486251194418174       96.6785708778891        0.234878316394621       5.2106814453994         755.641853161721        28.9758875458299        5.21068144539938        -0.0862600014161879     -0.0885040057161157     -0.0980464097178592     -0.0810254935832405     
0.496007280662193       96.6960333724345        0.235423665386773       5.2089553284281         755.527977409806        28.9737041203803        5.20895532842806        -0.0885040057161157     -0.0908748169604325     -0.0767384078180677     -0.0890032031902078     
0.505761018534101       96.7134242802871        0.235788903982168       5.2071822050179         755.406632847986        28.9713773087237        5.20718220501794        -0.0908748169604325     -0.0934800875388778     -0.0810254935832405     -0.140512225467381      
0.515520883925404       96.7314532085358        0.235957779337404       5.20535777868253        755.282733603475        28.9690013175669        5.20535777868258        -0.0934800875388778     -0.0975938570793154     -0.0890032031902078     -0.225809219248354      
0.525280890386062       96.7507969533721        0.235884041742202       5.20345273201462        755.157298097424        28.9665956672974        5.20345273201459        -0.0975938570793154     -0.104205543979409      -0.140512225467381      -0.479808470395693      
0.535041310817751       96.7716310803358        0.235339316803043       5.20141863636772        755.02464805944         28.9640514365929        5.2014186363678         -0.104205543979409      -0.11825459631483       -0.225809219248354      -0.998753921953205      
0.544800529292681       96.7958976853963        0.233870898614353       5.19911026772925        754.87881829532         28.961254160522         5.19911026772917        -0.11825459631483       -0.147500400974036      -0.479808470395693      -2.00703064394702       
0.554562330127744       96.8266670564439        0.230492505347644       5.19623069510009        754.700549194395        28.9578342728104        5.19623069510004        -0.147500400974036      -0.206284237400513      -0.998753921953205      -3.99194179772244       
0.564324456438621       96.8704028797167        0.223236272809802       5.19220228400584        754.456090626947        28.9531439595263        5.19220228400592        -0.206284237400513      -0.323270765330921      -2.00703064394702       -7.50248510179193       
0.574095299862341       96.9399230889715        0.208325285059808       5.1858843751572         754.078848714056        28.9459045023655        5.18588437515711        -0.323270765330921      -0.543353939213058      -3.99194179772244       -9.78583272813846       
0.583878899030595       97.0579924662689        0.178870690858081       5.17525190663117        753.449340847278        28.9338199046506        5.17525190663117        -0.543353939213058      -0.830848555740641      -7.50248510179193       -9.84306856414111       
0.593677293978062       97.2407274380948        0.130402947423345       5.15896608265079        752.492422058132        28.91544035936          5.1589660826508         -0.830848555740641      -1.12057190911688       -9.78583272813846       -9.08688655900159       
0.603499774963429       97.4899153612239        0.0624584409847087      5.13695440377798        751.201875058173        28.8906342966823        5.13695440377801        -1.12057190911688       -1.38869571753729       -9.84306856414111       -4.17621259766111       
0.613342926467774       97.8022926144672        -0.0237955573092344     5.10960232376362        749.596232418437        28.8597419026427        5.10960232376367        -1.38869571753729       -1.51227621661695       -9.08688655900159       8.81473083734077        
0.623226616532538       98.146928459897         -0.119143757318192      5.07972169859048        747.83862322162         28.8258877327235        5.07972169859043        -1.51227621661695       -1.25064906520799       -4.17621259766111       10.5471249435278        
0.633133502212918       98.4350414956789        -0.197546069700939      5.05493726951938        746.374439824791        28.7976549937431        5.05493726951944        -1.25064906520799       -0.936732010155518      8.81473083734077        9.45079199907135        
0.643070546997769       98.6522603391797        -0.255117531199935      5.0363262833477         745.267457486806        28.7762915046939        5.03632628334775        -0.936732010155518      -0.654819599235475      10.5471249435278        10.4301228433929        
0.653025560205254       98.8047412362807        -0.293734435844014      5.02329043864853        744.487367918026        28.7612271395986        5.02329043864857        -0.654819599235475      -0.343173121303142      9.45079199907135        9.61659160123059        
0.662993560864608       98.8848612149932        -0.311139084969404      5.01644981960846        744.076416305941        28.7532880497739        5.01644981960853        -0.343173121303142      -0.0555836175695712     10.4301228433929        8.51895110969475        
0.672969415946773       98.898271832939         -0.308863673845565      5.01534125729877        744.012874498932        28.7520603029675        5.0153412572987         -0.0555836175695712     0.199207785205024       9.61659160123059        4.58290272910584        
0.682937800151999       98.8539425403553        -0.289137749288989      5.01931283271178        744.268293535438        28.7569951593509        5.0193128327118         0.199207785205024       0.336218203076021       8.51895110969475        -0.517924394061432      
0.69289887345309        98.7786763924644        -0.260079391574638      5.02601160087359        744.694160201196        28.7652212885475        5.02601160087355        0.336218203076021       0.320742321255645       4.58290272910584        -4.00104268260074       
0.702856084977648       98.7037669322268        -0.232129343938131      5.03239945756023        745.075174753334        28.7725790516158        5.03239945756026        0.320742321255645       0.201240807432724       -0.517924394061432      -5.73827795667687       
0.712812293166491       98.6536583226029        -0.212380064052705      5.0364058502012         745.289792879562        28.7767227089219        5.03640585020115        0.201240807432724       0.0299113940956383      -4.00104268260074       -4.87997446404403       
0.722759566140362       98.6443184519765        -0.204340339010272      5.03700110421457        745.307311450649        28.7770609156871        5.03700110421462        0.0299113940956383      -0.115756206679413      -5.73827795667687       -1.88007030726047       
0.732709966812766       98.6713492741538        -0.206253756223768      5.03469774857365        745.17063005896         28.7744220920626        5.03469774857365        -0.115756206679413      -0.171866580064902      -4.87997446404403       0.16223976806931        
0.742658560112208       98.706784058521         -0.212027693991858      5.03127829275586        744.931949972065        28.769813461954         5.03127829275592        -0.171866580064902      -0.167024256029194      -1.88007030726047       4.04757795092729        
0.752602953532361       98.7389298251147        -0.217518621523504      5.02795497480608        744.68234013182         28.7649930013669        5.02795497480606        -0.167024256029194      -0.0462195533241297     0.16223976806931        4.80016699107875        
0.76256000839115        98.7468030647965        -0.214792770419222      5.02703522060516        744.60548539334         28.7635086214255        5.02703522060513        -0.0462195533241297     0.0970505038649427      4.04757795092729        2.84726334738972        
0.77250086006236        98.7246815637992        -0.202336154239003      5.02896615354765        744.724623156174        28.7658096271748        5.02896615354759        0.0970505038649427      0.182029913047496       4.80016699107875        -0.0735109278188308     
0.782454434009157       98.6839257044536        -0.184116209893418      5.03258801042376        744.953311982674        28.7702259671865        5.03258801042378        0.182029913047496       0.179835662286362       2.84726334738972        -2.00845427917715       
0.792400519004998       98.641891884465         -0.16609133639589       5.03616711795823        745.1655785426          28.7743245609036        5.03616711795826        0.179835662286362       0.119881202517006       -0.0735109278188308     -2.91732531749967       
0.802358977291753       98.6115106040242        -0.152190485541839      5.03855289964923        745.288969039045        28.7767068040773        5.03855289964924        0.119881202517006       0.0328059024793474      -2.00845427917715       -3.12219757975725       
0.812298407478009       98.6009389266963        -0.144280550400798      5.03920558543558        745.305603252901        28.7770279380562        5.03920558543552        0.0328059024793474      -0.0603804424896579     -2.91732531749967       -1.94257321565382       
0.822251842125344       98.6127687206187        -0.142756112939798      5.03800416850105        745.217309822859        28.7753233367848        5.0380041685011         -0.0603804424896579     -0.118364333017082      -3.12219757975725       -0.183224666743116      
0.832200445923715       98.6387841559484        -0.145234346952277      5.035648412986          745.065355340655        28.7723894527888        5.03564841298591        -0.118364333017082      -0.123835035265737      -1.94257321565382       1.45251192410558        
0.842154962127922       98.6666190189437        -0.1481384129507        5.03318324473581        744.910760491319        28.7694042824688        5.0331832447359         -0.123835035265737      -0.08045800807781       -0.183224666743116      2.57548324931294        
0.852111070791058       98.6844885625738        -0.148148191593537      5.03158117317736        744.808522104124        28.7674299262228        5.03158117317739        -0.08045800807781       -0.00354277742055923    1.45251192410558        2.10289738695605        
0.862068130983184       98.6844630767826        -0.142967473808731      5.03151063975452        744.797888923941        28.7672245779027        5.03151063975454        -0.00354277742055923    0.0592426443566704      2.57548324931294        0.60637400471738        
0.872016052767358       98.6694562161382        -0.133558436049459      5.0326895708677         744.859114893219        28.7684069557256        5.03268957086766        0.0592426443566704      0.0773428225557362      2.10289738695605        -0.448153573321439      
0.881963233082248       98.6506325443292        -0.12296067573657       5.03422848942745        744.944737282051        28.7700603884982        5.03422848942738        0.0773428225557362      0.0639665581841183      0.60637400471738        -1.3055002150689        
0.891915685560635       98.6346759258667        -0.113309395212935      5.03550142075431        745.012576140514        28.7713703404485        5.03550142075426        0.0639665581841183      0.0249987552552336      -0.448153573321439      -1.95586861875107       
0.90186350083144        98.6279894070354        -0.106355300984791      5.03599887417731        745.035665424303        28.7718161753304        5.03599887417726        0.0249987552552336      -0.0333818426132997     -1.3055002150689        -1.63530019203451       
0.911813673197875       98.6350025403681        -0.103427673074173      5.03533461548554        744.990363885029        28.7709414337342        5.03533461548554        -0.0333818426132997     -0.0822017305092615     -1.95586861875107       -0.811835511604407      
0.921763118102542       98.6535291544892        -0.103887022289263      5.03369840783079        744.888168947761        28.7689680220384        5.03369840783071        -0.0822017305092615     -0.106443142717777      -1.63530019203451       0.289021016544127       
0.931723623066035       98.6775805663236        -0.106058263913272      5.03157910398727        744.756078614301        28.7664171216349        5.03157910398733        -0.106443142717777      -0.0978115171285269     -0.811835511604407      1.29756653115709        
0.941673560403636       98.6998631709656        -0.107713775208776      5.02963166985361        744.63593642236         28.7640967647432        5.0296316698537         -0.0978115171285269     -0.059054568502508      0.289021016544127       1.55412008434386        
0.951633320372349       98.7131168972225        -0.106782519074088      5.02845567324445        744.561799028222        28.7626648245453        5.0284556732445         -0.059054568502508      -0.0126285507375337     1.29756653115709        1.00008940441656        
0.961591318923822       98.7155880991653        -0.102733390111221      5.02820413757831        744.543192785548        28.7623054396925        5.02820413757836        -0.0126285507375337     0.0172510812297016      1.55412008434386        0.20464332642838        
0.971551592347282       98.7113470289101        -0.0966863807071553     5.02854774602156        744.562082413467        28.7626702981769        5.02854774602155        0.0172510812297016      0.0233648216648764      1.00008940441656        -0.463218574789837      
0.981509210098669       98.7061431343009        -0.0902768790548973     5.0290130790368         744.591727205515        28.7632428863552        5.02901307903678        0.0233648216648764      0.0095288943601586      0.20464332642838        -0.978126542612586      
0.991465635000713       98.7052909714593        -0.0848867224157978     5.02920280090548        744.61338872678         28.7636612707149        5.02920280090539        0.0095288943601586      -0.0196794622986081     -0.463218574789837      -1.10624460594972       
1.00141549946662        98.71358921811          -0.0815769427798321     5.02881109084599        744.61798841587         28.7637501112438        5.02881109084594        -0.0196794622986081     -0.0527192855615393     -0.978126542612586      -0.822500668045263      
1.01136836617471        98.7292421715027        -0.0806012211970843     5.02776126493916        744.580589260018        28.7630277586429        5.02776126493909        -0.0527192855615393     -0.0772984219074195     -1.10624460594972       -0.155483528670872      
1.02133978399162        98.7469044471168        -0.0813761432921278     5.02622054826498        744.485580314486        28.7611926099984        5.02622054826501        -0.0772984219074195     -0.0819466513884054     -0.822500668045263      0.614713875671607       
1.03130819882198        98.7643884595176        -0.0825391731298396     5.02458709128935        744.375406999169        28.7590644068028        5.0245870912894         -0.0819466513884054     -0.0635701770871432     -0.155483528670872      1.05451750755526        
1.04126630214544        98.7758397586373        -0.0825005999726548     5.02332049124827        744.274049849727        28.7571063652047        5.02332049124831        -0.0635701770871432     -0.0320541917022166     0.614713875671607       0.922697867988851       
1.0512305563242         98.7786368342642        -0.080336205201081      5.02268186336893        744.200501573648        28.7556854585827        5.02268186336886        -0.0320541917022166     -0.00447728380976967    1.05451750755526        0.38908904074011        
1.06119070698806        98.7779113869574        -0.0763120502729689     5.02259264866341        744.181817373688        28.7553244803595        5.02259264866336        -0.00447728380976967    0.00715299261251517     0.922697867988851       -0.193969359724437      
1.07115830706575        98.7762495764488        -0.0715278766881868     5.02273519949755        744.190418432976        28.7554906531484        5.02273519949763        0.00715299261251517     0.00135436847472539     0.38908904074011        -0.604076218640067      
1.08112063316163        98.7768893246091        -0.0672064553791009     5.02276219295705        744.199237856324        28.755661043742         5.02276219295698        0.00135436847472539     -0.0167077487486563     -0.193969359724437      -0.71865345016657       
1.09108970349734        98.7809354453938        -0.0642101932341164     5.02242911677829        744.180369545314        28.7552965081665        5.02242911677834        -0.0167077487486563     -0.0381997295842756     -0.604076218640067      -0.546019093391666      
1.10106009948355        98.7894389060051        -0.0627892603819867     5.02166740632298        744.131558164832        28.7543534513536        5.02166740632304        -0.0381997295842756     -0.0545330124886101     -0.71865345016657       -0.113413514350943      
1.11103064803604        98.8010162458345        -0.0625809079291701     5.02057981855407        744.057582324704        28.7529241474228        5.02057981855405        -0.0545330124886101     -0.0579262234391224     -0.546019093391666      0.36807802253984        
1.12100647161281        98.8137331657278        -0.0626734889053465     5.01942427975792        743.982077138362        28.7514652213754        5.01942427975798        -0.0579262234391224     -0.0469116159724593     -0.113413514350943      0.62389229190397        
1.13098119054971        98.824468672167         -0.0620557076374093     5.01848832415641        743.924163258346        28.7503461478359        5.01848832415647        -0.0469116159724593     -0.0282391039013413     0.36807802253984        0.569442984639692       
1.14095886495442        98.8310924254213        -0.0601848204554418     5.01792484694176        743.890491497879        28.749695486269         5.01792484694185        -0.0282391039013413     -0.0111961803889929     0.62389229190397        0.292631849489307       
1.15093638185331        98.8339114355072        -0.0571887641979605     5.01770145048978        743.878591151285        28.7494655245254        5.01770145048981        -0.0111961803889929     -0.00243834775326834    0.569442984639692       -0.0471940578218729     
1.16090950658319        98.8345244972449        -0.0536799873390902     5.01765280491081        743.875993598441        28.7494153292905        5.01765280491077        -0.00243834775326834    -0.00385061425413116    0.292631849489307       -0.285481663680572      
1.17088618425939        98.835722771467         -0.0503986734101232     5.01757598767113        743.873623953349        28.7493695380795        5.01757598767104        -0.00385061425413116    -0.0123933393654266     -0.0471940578218729     -0.400161211843114      
1.18085839808093        98.8394139933546        -0.0478480112127565     5.01732875294348        743.864750629413        28.7491980686112        5.01732875294352        -0.0123933393654266     -0.0243684550565048     -0.285481663680572      -0.367578310042943      
1.19083529284599        98.8457222716557        -0.0462269323124026     5.01684257101193        743.840141182296        28.7487225065412        5.016842571012          -0.0243684550565048     -0.035368856795073      -0.400161211843114      -0.16798673697266       
1.20081185454292        98.8548220614023        -0.045410483154418      5.01613688681961        743.803979073283        28.7480236822809        5.01613688681962        -0.035368856795073      -0.0403969332393226     -0.367578310042943      0.164375679742641       
1.21078610563834        98.8654791438991        -0.0449426792084385     5.01533077970317        743.764620900748        28.7472630755375        5.01533077970315        -0.0403969332393226     -0.0354762344914359     -0.16798673697266       0.419727707779872       
1.22077036415865        98.8751870250268        -0.0441356561256143     5.0146226641406         743.73263066526         28.7466448412344        5.01462266414058        -0.0354762344914359     -0.0229097861697051     0.164375679742641       0.439606989318481       
1.23074815538935        98.881630759043         -0.0424966598347622     5.01416537861199        743.713274299031        28.7462707590825        5.01416537861196        -0.0229097861697051     -0.00974816841282296    0.419727707779872       0.243615721441405       
1.24072885537069        98.8848620262641        -0.0400219647566082     5.01397081993986        743.708719100201        28.7461827243627        5.01397081993983        -0.00974816841282296    -0.00245419079844239    0.439606989318481       -0.035260249507599      
1.25070663399006        98.8862140414946        -0.0371649162074261     5.01392183120176        743.711621081309        28.7462388086841        5.01392183120182        -0.00245419079844239    -0.00351012341265887    0.243615721441405       -0.231929399328805      
1.26069289464244        98.8884672435927        -0.0345233454941383     5.01385174250247        743.718170704028        28.7463653877229        5.01385174250253        -0.00351012341265887    -0.0104572406500191     -0.035260249507599      -0.299712779071226      
1.27067777137882        98.8935800407256        -0.0324891642569097     5.01364289502561        743.725642402245        28.7465097862572        5.01364289502561        -0.0104572406500191     -0.0194354455258292     -0.231929399328805      -0.22529723437682       
1.28066489022887        98.9018723793391        -0.0311500130028348     5.01325476022084        743.730423750713        28.7466021905336        5.01325476022092        -0.0194354455258292     -0.0261839737548184     -0.299712779071226      -0.0394409399790306     
1.29064669756662        98.9125077410789        -0.0302895505933601     5.01273192149572        743.732827483348        28.7466486449261        5.01273192149574        -0.0261839737548184     -0.0273652344679384     -0.22529723437682       0.142843536801305       
1.3006317453757         98.9238621514572        -0.0294789548459906     5.01218555673266        743.73712963762         28.7467317879136        5.01218555673265        -0.0273652344679384     -0.0230871159192872     -0.0394409399790306     0.26209868897087        
1.31061114750173        98.9364753761504        -0.0283468527927377     5.01172459349476        743.763550254513        28.7472423847443        5.01172459349485        -0.0230871159192872     -0.0152353177482319     0.142843536801305       0.290343005653353       
1.32059980493358        98.9504601980894        -0.0267142706405255     5.01142026518719        743.823512229455        28.7484011580442        5.01142026518723        -0.0152353177482319     -0.0065345955635955     0.26209868897087        0.16051631316218        
1.3305934601842         98.9579374515899        -0.0246252242732822     5.01128968425852        743.860336689978        28.7491127725898        5.01128968425857        -0.0065345955635955     -0.00172394169658066    0.290343005653353       -0.0236101294933278     
1.34058352454474        98.9592269546196        -0.0224144984444577     5.01125524211223        743.864917247566        28.7492012883753        5.01125524211215        -0.00172394169658066    -0.00243138035349838    0.16051631316218        -0.144954095059373      
1.35056717821556        98.9591206110074        -0.0204561368947103     5.01120668381474        743.856909945463        28.7490465531847        5.01120668381467        -0.00243138035349838    -0.00677397282840016    -0.0236101294933278     -0.185438851892277      
1.36055279396392        98.95992308357          -0.0189299116344306     5.0110713971521         743.842860042673        28.7487750471926        5.01107139715209        -0.00677397282840016    -0.0123296962208531     -0.144954095059373      -0.128524696328306      
1.37054098681171        98.963525222224         -0.0177973765894743     5.01082510860241        743.833375528991        28.7485917631724        5.01082510860248        -0.0123296962208531     -0.0161802035058156     -0.185438851892277      -0.00238410298396906    
1.38052945052159        98.9664266999157        -0.0168294136715739     5.01050195150902        743.807211170702        28.7480861424954        5.0105019515091         -0.0161802035058156     -0.0162516182009362     -0.128524696328306      0.122905308215234       
1.39050908042463        98.9676445470138        -0.0157494431489546     5.01017746834835        743.768194207436        28.7473321314331        5.01017746834843        -0.0162516182009362     -0.0125696189917442     -0.00238410298396906    0.198450577605376       
1.40049376938091        98.9695786129236        -0.0143840022320551     5.00992640316392        743.745457504339        28.7468927307194        5.00992640316396        -0.0125696189917442     -0.00662279695317131    0.122905308215234       0.19061748500665        
1.41049270026474        98.9709216749143        -0.0127188918072025     5.00979405250907        743.735902167491        28.7467080659777        5.00979405250914        -0.00662279695317131    -0.000911476574049801   0.198450577605376       0.109068175234488       
1.42047835504428        98.9682774348212        -0.0109034171974633     5.00977584996082        743.713329307784        28.7462718221914        5.00977584996081        -0.000911476574049801   0.00235399256736479     0.19061748500665        -0.008313129721525      
1.43044890703564        98.9606717366643        -0.00914302128957312    5.00982280602409        743.663145248707        28.7453019397897        5.00982280602403        0.00235399256736479     0.0021053056388225      0.109068175234488       -0.0978130746369157     
1.44041697536069        98.9532436675033        -0.00760654719093775    5.00986477919699        743.613555355683        28.7443435083937        5.009864779197          0.0021053056388225      -0.000819022155276177   -0.008313129721525      -0.12724247532976       
1.45038399644737        98.9330076431305        -0.00632853871526019    5.00984845789119        743.459063663212        28.7413574191001        5.00984845789126        -0.000819022155276177   -0.00461994516463716    -0.0978130746369157     -0.0960143803330387     
1.46033747627266        98.8478597181181        -0.00517301480904913    5.00975650273078        742.805562005793        28.7287227933956        5.00975650273075        -0.00461994516463716    -0.00748396580384993    -0.12724247532976       -0.00898777876233533    
1.4702713968115         98.650105084843         -0.00394274739833656    5.00960780508928        741.29750460886         28.6995451882054        5.00960780508932        -0.00748396580384993    -0.00775151348175427    -0.0960143803330387     0.0978331697672455      
1.48018773514463        98.3229436690925        -0.00250465008250504    5.00945413721067        738.8164154188          28.6514768946229        5.00945413721075        -0.00775151348175427    -0.0048428967200719     -0.00898777876233533    0.162865149828298       
1.49006962179755        97.989126949161         -0.000871395189749489   5.00935822245501        736.293958190952        28.6025243289809        5.00935822245508        -0.0048428967200719     -4.88046761612586e-12   0.0978331697672455      0.162865149828298       
1.5                     97.989126949161         0.000871395189749489    5.00935822245501        736.293958190952        28.6025243289809        5.00935822245498        -4.88046761612586e-12   -4.88046761612586e-12   0.162865149828298       0.162865149828298       
