# xp[i]                    V[i]                   up[i]                    p[i]                    e[i]                   cs[i]                  dd1[i]             dd2_left[i]            dd2_right[i]             dd3_left[i]            dd3_right[i]
-1.5                    98.4040021366431        0.00150067996398006     5.00056945351423        738.114070782069        28.6378551102105        5.00056945351423        0.00368519907332405     0.00368519907332405     -0.151356926804327      -0.151356926804327      
-1.49005341856167       98.4040021366431        -0.00150067996398006    5.00056945351423        738.114070782069        28.6378551102105        5.00056945351423        0.00368519907332405     0.00368519907332405     -0.151356926804327      -0.151356926804327      
-1.48015104085211       98.6920841222087        -0.00355150001880403    5.00064257715561        740.28575683461         28.6799534486413        5.00064257715561        0.00368519907332405     -0.000823303756724543   -0.151356926804327      -0.326255525146851      
-1.47021733495944       98.9650609051086        -0.00324489795403242    5.0006262240827         742.330918245042        28.7195426736461        5.0006262240827         -0.000823303756724543   -0.0105538134263892     -0.151356926804327      -0.166444388096808      
-1.46026163365483       99.1307202004138        -0.000898266015832495   5.00041613174513        743.542278662493        28.7429658769371        5.00041613174513        -0.0105538134263892     -0.0155271955748804     -0.326255525146851      0.182288728879078       
-1.4502932019539        99.2084600587779        0.00189149629750953     5.00010659027582        744.079312426516        28.7533440070024        5.00010659027582        -0.0155271955748804     -0.0100737524433214     -0.166444388096808      0.469611964459163       
-1.44031488748982       99.2302416062607        0.00328116421234569     4.99990557412142        744.212757192838        28.7559222343433        4.99990557412143        -0.0100737524433214     0.00398632738037183     0.182288728879078       0.463199136295758       
-1.43033105507733       99.2348424308782        0.0023502134329994      4.99998516676384        744.259110270807        28.7568177475805        4.99998516676384        0.00398632738037183     0.0178619574613535      0.469611964459163       0.0865522229706458      
-1.42034421660298       99.2351535683184        -0.000355132828499547   5.0003419594697         744.314553363122        28.7578888377341        5.0003419594697         0.0178619574613535      0.0204558434412832      0.463199136295758       -0.494303115868669      
-1.41035171414397       99.2328535686451        -0.00301064319698993    5.00075074275277        744.358149283317        28.758731027547         5.00075074275276        0.0204558434412832      0.00563816527327067     0.0865522229706458      -0.850639522948608      
-1.40035617274067       99.234050206348         -0.00358689141836435    5.00086343409152        744.383899640591        28.7592284636233        5.00086343409152        0.00563816527327067     -0.0198633845551834     -0.494303115868669      -0.751564970797954      
-1.39036528642128       99.2409144455664        -0.00136331251527814    5.00046645947279        744.376296138695        28.7590815828225        5.0004664594728         -0.0198633845551834     -0.0423937127944874     -0.850639522948608      -0.201800934970875      
-1.38037210926946       99.2520288064197        0.00271920830119053     4.99961923506567        744.333528509802        28.7582554043144        4.99961923506568        -0.0423937127944874     -0.0484431476767113     -0.751564970797954      0.680323135845438       
-1.37038000768253       99.2629671057456        0.00666594720676081     4.99865108871302        744.27140788803         28.7570553253754        4.99865108871302        -0.0484431476767113     -0.0280488724311585     -0.201800934970875      1.19911721721411        
-1.3603869732398        99.2695648805195        0.00830438664849887     4.99809054050608        744.237409784218        28.7563985108671        4.99809054050608        -0.0280488724311585     0.0079006122980245      0.680323135845438       0.840137598569611       
-1.35039575041054       99.2697794410561        0.00688329716952907     4.99824845313127        744.262532300912        28.7568838580128        4.99824845313127        0.0079006122980245      0.0330936599382256      1.19911721721411        -0.167738722051144      
-1.34039644900693       99.2624374714147        0.00380292720605554     4.99891015036015        744.306009338017        28.7577237806166        4.99891015036015        0.0330936599382256      0.0280626289716002      0.840137598569611       -1.31225840153414       
-1.33039690930145       99.2539179830034        0.00164403522942488     4.9994713467322         744.3256785104          28.7581037566496        4.99947134673219        0.0280626289716002      -0.0112946359867426     -0.167738722051144      -1.80511999849025       
-1.32039929596954       99.2504580854804        0.00282701062051155     4.99924553773042        744.266114552307        28.7569530636082        4.99924553773042        -0.0112946359867426     -0.0654223307112888     -1.31225840153414       -1.36873452671208       
-1.31040888671414       99.2561066171154        0.00800034362621914     4.99793793686289        744.113791090484        28.7540101761763        4.9979379368629         -0.0654223307112888     -0.106460500230518      -1.80511999849025       -0.126884677151769      
-1.30041317354224       99.2742044942365        0.0157631566672235      4.99580994562276        743.932587234142        28.7505089275562        4.99580994562277        -0.106460500230518      -0.110265346483957      -1.36873452671208       1.71930220223726        
-1.2904179052293        99.2948710691949        0.0232756976639881      4.99360534575871        743.759098466331        28.7471563514711        4.99360534575872        -0.110265346483957      -0.0586956721248673     -0.126884677151769      2.80601054941131        
-1.28041697982935       99.3039766571223        0.0268638989069967      4.9924314882681         743.652449959887        28.7450952330207        4.9924314882681         -0.0586956721248673     0.0254923953193303      1.71930220223726        1.49198175996733        
-1.27041600545          99.2942880900667        0.0246835387036943      4.99294145510709        743.65585089036         28.7451609626223        4.99294145510709        0.0254923953193303      0.0702616413109541      2.80601054941131        -1.26516001919232       
-1.26040954877933       99.2750758623009        0.0197683801067888      4.99434708238165        743.721278229148        28.7464254440472        4.99434708238164        0.0702616413109541      0.032302503560152       1.49198175996733        -3.15408106003991       
-1.2504122085148        99.265661588231         0.0178250907423926      4.99499312317034        743.746945500251        28.7469214873572        4.99499312317034        0.032302503560152       -0.062310516866232      -1.26516001919232       -3.28446022983255       
-1.24041392043813       99.2793333596283        0.0225008431069547      4.99374721705413        743.663842013449        28.74531540604          4.99374721705413        -0.062310516866232      -0.160826058462065      -3.15408106003991       -1.43201228705699       
-1.23041760153562       99.3164336087484        0.0337971557620896      4.99053123872064        743.462646664175        28.7414266765698        4.99053123872063        -0.160826058462065      -0.203791969731162      -3.28446022983255       1.19476947028739        
-1.22041527801171       99.36394640337          0.0478030559069059      4.98645406101437        743.210631092249        28.7365549449216        4.98645406101436        -0.203791969731162      -0.167929961684384      -1.43201228705699       3.61294184587826        
-1.21040310986604       99.4029795770029        0.0591817155833898      4.98309268795154        743.00139103614         28.732509482314         4.98309268795155        -0.167929961684384      -0.0594424388462542     1.19476947028739        4.46900752658524        
-1.20039673413362       99.4160036737532        0.0630956864525899      4.98190263667271        742.921276244603        28.7309603862493        4.9819026366727         -0.0594424388462542     0.0747710540984939      3.61294184587826        1.67843425361817        
-1.19038119437047       99.3970559527395        0.0579020869589453      4.98339976148751        743.002897391164        28.7325386083282        4.98339976148751        0.0747710540984939      0.125173521800787       4.46900752658524        -2.73251509916804       
-1.18037307763979       99.3662456032276        0.0494085121735891      4.98590554742493        743.146072769881        28.7353068303298        4.98590554742493        0.125173521800787       0.0431338755026333      1.67843425361817        -5.97160117677547       
-1.17036785419976       99.3550772171111        0.0466435188537105      4.98676872805487        743.19118805965         28.7361790559035        4.98676872805488        0.0431338755026333      -0.136133488406718      -2.73251509916804       -5.86740468418974       
-1.16036308951503       99.3873139057088        0.0561877912476073      4.98404424599655        743.0261549952          28.7329883002331        4.98404424599655        -0.136133488406718      -0.31232063339188       -5.97160117677547       -1.90187911818879       
-1.15035121713166       99.4618057134224        0.0778198935973876      4.97779060992712        742.650063790004        28.72571561414          4.97779060992713        -0.31232063339188       -0.369468031149668      -5.86740468418974       4.98571515165974        
-1.14033347026308       99.5503533345171        0.10341270653424        4.97038663994265        742.205619323182        28.7171187684122        4.97038663994265        -0.369468031149668      -0.219546217040175      -1.90187911818879       9.03544441451762        
-1.13030175315986       99.6033453078474        0.118684077166339       4.9659835388984         741.942859826975        28.712035026506         4.9659835388984         -0.219546217040175      0.0522810950012606      4.98571515165974        10.5974155046321        
-1.12027200812912       99.5910040540114        0.115150892535267       4.96703228833937        742.007599146617        28.713287654685         4.96703228833938        0.0522810950012606      0.371053840591262       9.03544441451762        9.02468214620819        
-1.1102435720096        99.5023598854702        0.0895181549464563      4.97447173366426        742.45751502474         28.7219914781676        4.97447173366426        0.371053840591262       0.642275261204466       10.5974155046321        10.3139843437602        
-1.10023118201386       99.3491940084749        0.045129429047479       4.98733278378049        743.231238480951        28.7369533388816        4.98733278378049        0.642275261204466       0.951740367528531       9.02468214620819        10.5660040546975        
-1.09023599242383       99.1226020783636        -0.0204812941879665     5.00635236880369        744.364010575502        28.7588442546231        5.00635236880369        0.951740367528531       1.26800274092276        10.3139843437602        11.0336803132833        
-1.08027075000296       98.822218157354         -0.10739426439888       5.03162148277725        745.853993784363        28.7876129569717        5.03162148277724        1.26800274092276        1.59721078516992        10.5660040546975        6.62015483133887        
-1.07033986394313       98.4477098184399        -0.215969986768482      5.06333639135813        747.710807654357        28.8234242636544        5.06333639135815        1.59721078516992        1.79398804389471        11.0336803132833        -7.38832800686817       
-1.06045401293656       98.0340231850436        -0.33670437472727       5.09881412310669        749.785892941302        28.863392673098         5.09881412310669        1.79398804389471        1.57524245834763        6.62015483133887        -8.83126736453494       
-1.05060479700584       97.6778981721933        -0.441744404709038      5.12984410693852        751.60858547515         28.8984541200381        5.12984410693853        1.57524245834763        1.31470607872888        -7.38832800686817       -10.1927770550598       
-1.04079199066081       97.3876559283607        -0.52864438437571       5.15565711306367        753.146041517475        28.9279956965466        5.15565711306368        1.31470607872888        1.01485453837498        -8.83126736453494       -9.25250780262182       
-1.03099871739511       97.1658897738598        -0.595287024271357      5.17553509991393        754.328209558469        28.9506900619824        5.17553509991392        1.01485453837498        0.74322813316975        -10.1927770550598       -11.244386603442        
-1.02122400916508       97.0039841355907        -0.643902867104439      5.19006819611154        755.185939437357        28.9671449795062        5.19006819611156        0.74322813316975        0.413657794843934       -9.25250780262182       -8.48227992334659       
-1.01145866315043       96.9139369626682        -0.670846017202098      5.19814518517749        755.659072198632        28.9762176850571        5.19814518517748        0.413657794843934       0.165352336563062       -11.244386603442        -3.91659777231026       
-1.0017125132318        96.874565298019         -0.68152379813664       5.20137011901278        755.820703850203        28.9793164525284        5.20137011901278        0.165352336563062       0.0507825322011208      -8.48227992334659       -1.47026041640521       
-0.991963346088735      96.8600267812238        -0.684782526861014      5.20236020733116        755.851123511503        28.9798996147234        5.20236020733114        0.0507825322011208      0.00778114852646073     -3.91659777231026       -0.608886736212255      
-0.982214567238288      96.8570432310485        -0.68517052296386       5.20251193818767        755.849885560633        28.9798758827308        5.20251193818767        0.00778114852646073     -0.0100297090119197     -1.47026041640521       -0.227122953351968      
-0.972461687843135      96.8588532060987        -0.68449985175428       5.20231633339866        755.835591102526        28.9796018510823        5.20231633339866        -0.0100297090119197     -0.0166742164799923     -0.608886736212255      -0.136367302665331      
-0.962711147912862      96.8625757783396        -0.683328920228477      5.20199111476148        755.817387827749        28.979252881784         5.20199111476148        -0.0166742164799923     -0.0206640066202571     -0.227122953351968      -0.0514808770995628     
-0.952956541150074      96.8675185808455        -0.681989724911795      5.20158804337699        755.797389662587        28.9788694983582        5.201588043377          -0.0206640066202571     -0.0221702845620742     -0.136367302665331      -0.0711630242971371     
-0.943204365130229      96.8730622114506        -0.680519607777684      5.20115558079573        755.777802224788        28.9784939840409        5.20115558079571        -0.0221702845620742     -0.0242526100197816     -0.0514808770995628     -0.0458814645744311     
-0.933450511077256      96.8790115838851        -0.678958190920047      5.20068246212299        755.755464738181        28.9780657421011        5.20068246212299        -0.0242526100197816     -0.0255952423522426     -0.0711630242971371     -0.0756253806109746     
-0.923694497751834      96.8855209924241        -0.677224497690891      5.20018309763666        755.733673005788        28.9776479569606        5.20018309763667        -0.0255952423522426     -0.0278082754857175     -0.0458814645744311     -0.0665539128693659     
-0.913940276247627      96.8924073957998        -0.675382443538754      5.19964060915232        755.708544320597        28.9771661891949        5.19964060915231        -0.0278082754857175     -0.0297557934021933     -0.0756253806109746     -0.0861843015250778     
-0.904188398422865      96.8996221110562        -0.673382336859436      5.19906015864139        755.680447057498        28.9766274982959        5.19906015864139        -0.0297557934021933     -0.0322776908195879     -0.0665539128693659     -0.0874786789815054     
-0.894432089983256      96.9074331379273        -0.671219812038751      5.19843046511615        755.64982908061         28.9760404679569        5.19843046511616        -0.0322776908195879     -0.0348376119472814     -0.0861843015250778     -0.0982590592096636     
-0.884679324825071      96.9158388567334        -0.668867969490657      5.19775080842855        755.616569650675        28.975402780264         5.19775080842856        -0.0348376119472814     -0.0377131494924449     -0.0874786789815054     -0.095100351530259      
-0.874922605786227      96.9249591693072        -0.666307852024372      5.19701501271849        755.580701865024        28.9747150664741        5.19701501271849        -0.0377131494924449     -0.0404965196295623     -0.0982590592096636     -0.0979882775835114     
-0.865168163970181      96.9348138774238        -0.66351270588422       5.19622480516359        755.542626530678        28.9739850082157        5.19622480516357        -0.0404965196295623     -0.0433649146402681     -0.095100351530259      -0.106151818419865      
-0.855407817638789      96.945291374142         -0.660491885665803      5.19537844093938        755.501215133706        28.9731909632509        5.19537844093939        -0.0433649146402681     -0.0464728836184594     -0.0979882775835114     -0.102051776381127      
-0.845648436256002      96.9564157335063        -0.657262748440928      5.19447123755857        755.455969236705        28.9723233685895        5.19447123755857        -0.0464728836184594     -0.0494613956651575     -0.106151818419865      -0.117643540588871      
-0.835885277682516      96.9683989488236        -0.653784316700444      5.1935055330488         755.408874707398        28.9714202986207        5.19350553304881        -0.0494613956651575     -0.0529071565822056     -0.102051776381127      -0.100646972247574      
-0.826122158572829      96.9815121477666        -0.650063526356184      5.19247233174068        755.360727776476        28.9704970190264        5.19247233174068        -0.0529071565822056     -0.0558556611727944     -0.117643540588871      -0.127999635476883      
-0.816354407906908      96.9959009760965        -0.646071436601694      5.19138133811959        755.314065302104        28.9696021777254        5.19138133811956        -0.0558556611727944     -0.0596058909288846     -0.100646972247574      -0.0803768438294088     
-0.806588281885628      97.0119619914789        -0.641891858154532      5.19021703726641        755.269706920223        28.9687514961327        5.1902170372664         -0.0596058909288846     -0.0619610130046258     -0.127999635476883      -0.111711356543786      
-0.796821647554667      97.0278967393413        -0.637454087947077      5.18900668688341        755.217607492013        28.9677523289455        5.1890066868834         -0.0619610130046258     -0.0652341815056475     -0.0803768438294088     -0.0957426132344683     
-0.787052914578154      97.0423087654259        -0.632827312171181      5.18773241214306        755.144295797392        28.9663462927698        5.18773241214306        -0.0652341815056475     -0.0680391453494508     -0.111711356543786      -0.109724782526046      
-0.77728931412807       97.0554252168668        -0.627991564999158      5.1864036594767         755.052918775237        28.9645936882954        5.18640365947669        -0.0680391453494508     -0.0712529440735901     -0.0957426132344683     -0.0892302242265273     
-0.76752677190137       97.070545917166         -0.622976244064624      5.18501255495189        754.96799894481         28.9629648372003        5.1850125549519         -0.0712529440735901     -0.0738661128832503     -0.109724782526046      -0.0999353828181007     
-0.757768522172726      97.0895091158015        -0.617751899971338      5.18357049489514        754.905472224781        28.9617654508066        5.18357049489514        -0.0738661128832503     -0.0767932352656633     -0.0892302242265273     -0.0812337689013207     
-0.748002323746736      97.1133563593057        -0.612349708077849      5.18207074187725        754.872423952585        28.9611314993923        5.18207074187726        -0.0767932352656633     -0.0791736468570825     -0.0999353828181007     -0.0841543883054091     
-0.738233461695056      97.1353116672934        -0.60676787538549       5.18052360939193        754.817663097085        28.9600810138731        5.18052360939193        -0.0791736468570825     -0.0816410297129357     -0.0812337689013207     -0.0624545028180191     
-0.728455377856148      97.1533875957665        -0.601028223350379      5.17892734872536        754.725504061545        28.9583130275525        5.17892734872537        -0.0816410297129357     -0.0834730258689916     -0.0841543883054091     -0.0671347971271752     
-0.718676033910487      97.1739730576357        -0.595117058431892      5.17729463145921        754.647433543288        28.9568152320215        5.17729463145922        -0.0834730258689916     -0.0854429046455096     -0.0624545028180191     -0.0519631164054615     
-0.708893167909816      97.1959192064003        -0.589071473405733      5.17562307530367        754.574163404995        28.9554094620791        5.17562307530369        -0.0854429046455096     -0.0869677631063669     -0.0671347971271752     -0.0413467352107424     
-0.699111386864705      97.2148531888151        -0.582884546447028      5.17392164576003        754.473049804491        28.9534693719364        5.17392164576001        -0.0869677631063669     -0.0881810856192307     -0.0519631164054615     -0.0442369478615076     
-0.689329993728316      97.2308136604063        -0.576551042758878      5.17219658223356        754.345323153212        28.9510184651635        5.17219658223359        -0.0881810856192307     -0.0894793908679855     -0.0413467352107424     -0.0345535090407936     
-0.679549083869144      97.2478360648416        -0.570098099685683      5.17044571202578        754.22198547787         28.9486515801469        5.17044571202582        -0.0894793908679855     -0.0904937720377895     -0.0442369478615076     -0.0296501804856023     
-0.669757693978298      97.2675998757081        -0.563513764536171      5.16867423587865        754.116806194989        28.946633006947         5.16867423587866        -0.0904937720377895     -0.0913644510450853     -0.0345535090407936     -0.024703103423102      
-0.659970045195182      97.2884452637689        -0.556815684173689      5.16688542049428        754.017374123885        28.9447246032826        5.16688542049424        -0.0913644510450853     -0.0920899894703747     -0.0296501804856023     -0.0368157735855646     
-0.650178934100274      97.3099852123277        -0.54999838623118       5.16508222337778        753.921112166023        28.9428769238463        5.16508222337777        -0.0920899894703747     -0.0931714219243248     -0.024703103423102      -0.00320800857466983    
-0.640387173567982      97.3320525180555        -0.543107477871712      5.1632574814952         753.825672529701        28.9410449118299        5.16325748149517        -0.0931714219243248     -0.0932656751619393     -0.0368157735855646     -0.0240390554719385     
-0.630592243969026      97.3541503498107        -0.536096505191294      5.16143048426423        753.730019077734        28.9392086791477        5.16143048426427        -0.0932656751619393     -0.0939721158051101     -0.00320800857466983    -0.000233486073002942   
-0.620795522305545      97.3762961529934        -0.529031382939128      5.15958920782069        753.632530092805        28.937337090356         5.15958920782068        -0.0939721158051101     -0.0939789786419522     -0.0240390554719385     -0.0213020554417844     
-0.610996176027416      97.3985723845613        -0.521878642614764      5.15774749315828        753.535863830499        28.9354811766243        5.15774749315824        -0.0939789786419522     -0.0946052362687851     -0.000233486073002942   0.0107277813659854      
-0.601197406844722      97.4208791440002        -0.514701059342869      5.1558931458025         753.437464554906        28.9335918681788        5.15589314580254        -0.0946052362687851     -0.0942897578130351     -0.0213020554417844     -0.00769250908830972    
-0.591392500364617      97.4430935543429        -0.507434350791436      5.15404425976097        753.339025480668        28.931701672131         5.15404425976093        -0.0942897578130351     -0.09451605603777       0.0107277813659854      -0.00295009300615976    
-0.581583969546518      97.4655053660395        -0.500117000019487      5.15219021757182        753.241234946404        28.9298238068607        5.15219021757184        -0.09451605603777       -0.0946028689368085     -0.00769250908830972    0.00558115580153814     
-0.571773615308071      97.4880709080292        -0.492747591062056      5.15033406624331        753.14419897495         28.9279603109162        5.15033406624332        -0.0946028689368085     -0.0944386027576092     -0.00295009300615976    0.0119223321739276      
-0.561961944694463      97.5105186319707        -0.485327881499755      5.14848091223172        753.046565877775        28.9260852265021        5.14848091223171        -0.0944386027576092     -0.0940876416776727     0.00558115580153814     0.00928312034062345     
-0.552149951268012      97.5329808072818        -0.477849531197737      5.14663432261029        752.949879913871        28.9242282123841        5.14663432261026        -0.0940876416776727     -0.0938143045542511     0.0119223321739276      0.0135150845631191      
-0.542333065286272      97.5553541927713        -0.470314539938832      5.14479249462135        752.853081091646        28.9223689111933        5.1447924946213         -0.0938143045542511     -0.0934162097467894     0.00928312034062345     0.0169778374113553      
-0.532513432980086      97.5781371691811        -0.462721215427647      5.14295769268291        752.760346787862        28.9205875687173        5.14295769268287        -0.0934162097467894     -0.0929159158370804     0.0135150845631191      0.0196541418331691      
-0.52268728035494       97.6010461468372        -0.455071930412275      5.14113196828738        752.669787725695        28.9188479047776        5.14113196828739        -0.0929159158370804     -0.0923365788674449     0.0169778374113553      0.0278314470933201      
-0.512860796773615      97.6241304212564        -0.447370719073565      5.13931721361634        752.582060907435        28.9171625492051        5.13931721361637        -0.0923365788674449     -0.0915160643301663     0.0196541418331691      0.0228799396895212      
-0.503032532786306      97.6471058074075        -0.43960636785969       5.13751844303752        752.495710492188        28.9155035403384        5.13751844303753        -0.0915160643301663     -0.0908415370764459     0.0278314470933201      0.0275200208126622      
-0.493205056243516      97.6693096641261        -0.431813283459615      5.13573306252724        752.405254254395        28.9137655461968        5.13573306252724        -0.0908415370764459     -0.0900303175967837     0.0228799396895212      0.0222914606543896      
-0.48338069293543       97.6886845976928        -0.423993260536743      5.13396400644803        752.295285842713        28.9116525113378        5.13396400644802        -0.0900303175967837     -0.0893733206316147     0.0275200208126622      0.0473387853406618      
-0.473557777165309      97.70703952148          -0.416146254172564      5.13220807867288        752.179286363026        28.9094234225725        5.13220807867289        -0.0893733206316147     -0.0879782006759255     0.0222914606543896      0.0264083303687036      
-0.463733744995663      97.7273424975093        -0.408229828294046      5.13047954182936        752.082197041233        28.9075575862329        5.13047954182938        -0.0879782006759255     -0.087199877535369      0.0473387853406618      0.0465318500925646      
-0.453910062785776      97.7517712548121        -0.40030315265686       5.12876613720026        752.018961394538        28.9063422759039        5.12876613720025        -0.087199877535369      -0.0858280161208936     0.0264083303687036      0.0174954533059233      
-0.444083132873921      97.7795903047077        -0.392318398805802      5.12707890044539        751.985511518192        28.9056993903008        5.12707890044539        -0.0858280161208936     -0.0853119335122694     0.0465318500925646      0.0493774272754918      
-0.434243984830904      97.8019691746089        -0.384317059121378      5.12540057646679        751.911403780691        28.9042750352241        5.12540057646677        -0.0853119335122694     -0.0838545934110455     0.0174954533059233      0.0388734649737237      
-0.424403625527119      97.8203150765449        -0.376259666071984      5.12375021249676        751.81029023992         28.9023315137939        5.12375021249677        -0.0838545934110455     -0.0827067966505931     0.0493774272754918      0.0489569538105704      
-0.414560974207847      97.8398712943992        -0.368185788576411      5.12212198605473        751.721633804711        28.9006273250774        5.12212198605476        -0.0827067966505931     -0.0812608183335638     0.0388734649737237      0.0390227694053544      
-0.404713174525562      97.8591637013879        -0.360071586562874      5.12052161898687        751.634945023398        28.8989608621986        5.12052161898685        -0.0812608183335638     -0.0801077936702759     0.0489569538105704      0.0592404158556873      
-0.394863018822969      97.8766607035829        -0.351937231896241      5.11894331451039        751.537616932811        28.8970897599051        5.1189433145104         -0.0801077936702759     -0.07835674498509       0.0390227694053544      0.0401284995178915      
-0.385006612468793      97.8940825130119        -0.343741307900461      5.11739895259567        751.444612976101        28.8953016745341        5.11739895259567        -0.07835674498509       -0.0771704787358367     0.0592404158556873      0.0511506774574455      
-0.375150845070161      97.9118336916098        -0.335543054925683      5.11587804526649        751.357500532036        28.8936267584708        5.11587804526648        -0.0771704787358367     -0.0756584573982657     0.0401284995178915      0.0543581148819768      
-0.365301968959169      97.9297577818238        -0.327327952113261      5.11438726677957        751.276059357251        28.8920607964128        5.11438726677955        -0.0756584573982657     -0.0740516710539845     0.0511506774574455      0.0580571352046552      
-0.355447376434956      97.9477862895838        -0.319079173872251      5.11292793412659        751.199958908811        28.8905974498588        5.11292793412656        -0.0740516710539845     -0.0723352403035106     0.0543581148819768      0.064684302708702       
-0.345591535592627      97.9658436097424        -0.310802614016435      5.11150200576531        751.128909161534        28.8892311570618        5.11150200576533        -0.0723352403035106     -0.0704225502805525     0.0580571352046552      0.0650295203134763      
-0.335732258569522      97.9837136036949        -0.302486859408918      5.1101136674548         751.061871111328        28.8879419502965        5.11011366745484        -0.0704225502805525     -0.0684995760557893     0.064684302708702       0.0642014975553732      
-0.325877853877415      98.0016434165905        -0.294148630407214      5.10876331955168        751.000801713691        28.8867674764317        5.1087633195517         -0.0684995760557893     -0.0666009338294982     0.0650295203134763      0.0664177932323648      
-0.316019480125498      98.0195906503054        -0.285784953472871      5.10745019317843        750.945265803259        28.885699379975         5.10745019317841        -0.0666009338294982     -0.0646364584847688     0.0642014975553732      0.0717150261199897      
-0.306157960802332      98.0382669937848        -0.277406872895656      5.10617548743716        750.900893631725        28.8848459621559        5.10617548743715        -0.0646364584847688     -0.0625147333758846     0.0664177932323648      0.0691825007825128      
-0.296297059338041      98.0582637640209        -0.268988430571459      5.10494234954428        750.8726751176          28.8843032173686        5.10494234954427        -0.0625147333758846     -0.0604674686775846     0.0717150261199897      0.0748400054608198      
-0.28642926898653       98.0807384445129        -0.260546799924174      5.10374926453916        750.86924505246         28.8842372440298        5.10374926453919        -0.0604674686775846     -0.0582522099343368     0.0691825007825128      0.0666030058140406      
-0.276563705489708      98.1071375798864        -0.252065624676978      5.1025996232913         750.902164885974        28.8848704127644        5.10259962329127        -0.0582522099343368     -0.0562802195428472     0.0748400054608198      0.091485292492798       
-0.266691459450025      98.1403071780372        -0.243555347569932      5.10148857003136        750.992482992185        28.8866074888267        5.10148857003134        -0.0562802195428472     -0.0535706570160399     0.0666030058140406      0.0653404624403818      
-0.256818610767651      98.1838279751969        -0.234997977450301      5.10043062663872        751.169704867983        28.8900156699312        5.1004306266387         -0.0535706570160399     -0.0516343943679577     0.091485292492798       0.0779391783335891      
-0.246939431994935      98.2431173296124        -0.226435079259308      5.09941028493502        751.472944402054        28.8958463835982        5.09941028493505        -0.0516343943679577     -0.0493231601639019     0.0653404624403818      0.0824593620877506      
-0.237048853716666      98.3251286259401        -0.217826183886511      5.09843475581692        751.956379734993        28.9051394840855        5.09843475581692        -0.0493231601639019     -0.0468756613213035     0.0779391783335891      0.0815895415010146      
-0.227152554196065      98.439368537277         -0.209191285606857      5.09750678673126        752.693023800464        28.9192942860042        5.09750678673127        -0.0468756613213035     -0.0444512908644536     0.0824593620877506      0.073734571125171       
-0.217242942443646      98.5980097061101        -0.200474380192993      5.09662572695089        753.775729341472        28.9400861808874        5.09662572695088        -0.0444512908644536     -0.0422569827967747     0.0815895415010146      0.0884744636249891      
-0.207316881917434      98.815821269927         -0.191679827184447      5.09578664694861        755.316513801832        28.969649133031         5.09578664694861        -0.0422569827967747     -0.0396183536696384     0.073734571125171       0.0886747914336786      
-0.197365414832263      99.1111093563147        -0.18280846851617       5.09499801240933        757.456357767161        29.0106562369217        5.09499801240937        -0.0396183536696384     -0.036966216726355      0.0884744636249891      0.0746280664450628      
-0.187382834024845      99.5062371080065        -0.173875141203826      5.09425980391856        760.36593590776         29.0663214029143        5.0942598039186         -0.036966216726355      -0.0347257353648608     0.0886747914336786      0.0649803208085305      
-0.177359833726017      100.025990177109        -0.164855909094239      5.09356338126711        764.233081111657        29.1401418648201        5.09356338126713        -0.0347257353648608     -0.0327650394604155     0.0746280664450628      0.0843439025642596      
-0.167278528664384      100.694120170017        -0.155742458988906      5.09290248102732        769.238001658116        29.2354047471767        5.0929024810273         -0.0327650394604155     -0.0302034923605909     0.0649803208085305      0.0848817655535762      
-0.15712234486281       101.533596646251        -0.146509587402174      5.09228880292389        775.557595983443        29.3552493125817        5.09228880292387        -0.0302034923605909     -0.0276044543915624     0.0843439025642596      0.0672065575035282      
-0.146879782743542      102.563728794164        -0.137165952399968      5.0917228905083         783.339128455696        29.5021492334917        5.09172289050832        -0.0276044543915624     -0.0255254779096023     0.0848817655535762      0.0693732843149396      
-0.136519562006775      103.788751736274        -0.127699675517901      5.09119362588931        792.612946918089        29.6762708595809        5.09119362588935        -0.0255254779096023     -0.0233529973009458     0.0672065575035282      0.0726763964375681      
-0.126013048684577      105.198983074135        -0.118046653450536      5.09070287622307        803.305148566864        29.8757640268061        5.09070287622311        -0.0233529973009458     -0.0210453418479905     0.0693732843149396      0.0684907502586532      
-0.115357458403596      106.781438632398        -0.108214153407773      5.09025420831032        815.317001051994        30.0983019279603        5.0902542083103         -0.0210453418479905     -0.0188378855882247     0.0726763964375681      0.0627201330675835      
-0.104536936567391      108.505384668721        -0.0981862783863019     5.08984638807189        828.413610363662        30.3390765691828        5.08984638807185        -0.0188378855882247     -0.0167843769215931     0.0684907502586532      0.0635804379767058      
-0.093535692259857      110.322462498659        -0.0879811137710213     5.08947708536729        842.225467332322        30.590947595877         5.08947708536727        -0.0167843769215931     -0.0146689408689005     0.0627201330675835      0.0575009190247294      
-0.0823531722935715     112.17208812294         -0.0775649490930085     5.08914907429837        856.290717649461        30.8453259136879        5.08914907429839        -0.0146689408689005     -0.0127251628959952     0.0635804379767058      0.0634506791590986      
-0.0709976089493171     113.984775228634        -0.0669606374156141     5.08886005515743        870.078854335644        31.0926724903981        5.08886005515746        -0.0127251628959952     -0.0105471015539679     0.0575009190247294      0.0537653067794283      
-0.0594664318458222     115.681765918682        -0.0561394267217128     5.08861686221162        882.990277056335        31.3225207772359        5.08861686221162        -0.0105471015539679     -0.00867496145950601    0.0634506791590986      0.0549520240387955      
-0.0477687517417673     117.174726206413        -0.0451610720543959     5.08841406566794        894.350287454255        31.5233650109857        5.08841406566796        -0.00867496145950601    -0.00673745471602063    0.0537653067794283      0.0554097639674872      
-0.0359408349612159     118.349468700154        -0.0340282253055759     5.08825476716116        903.288372456821        31.6804947432051        5.08825476716119        -0.00673745471602063    -0.00476430859183718    0.0549520240387955      0.0525800918556856      
-0.0240069044828566     119.111567730103        -0.0227496415002169     5.08814115135306        909.084704054569        31.781977843051         5.08814115135307        -0.00476430859183718    -0.00287898016490887    0.0554097639674872      0.051871302448743       
-0.0120081192303384     119.448744240955        -0.0113840303042874     5.08807212667189        911.645739207544        31.826713783088         5.08807212667191        -0.00287898016490887    -0.00101188493974234    0.0525800918556856      0.0548072030822213      
1.11659743596237e-05    119.512192223265        -1.30386351447272e-06   5.08804781269084        912.125622347205        31.8350893468059        5.08804781269088        -0.00101188493974234    0.000963252333165232    0.051871302448743       0.0525385991964081      
0.012030620081203       119.448649007377        0.0113850197181055      5.08807095856443        911.644803081289        31.8266974424039        5.08807095856445        0.000963252333165232    0.0028544166334735      0.0548072030822213      0.0584496241152928      
0.0240301842658113      119.11140030419         0.0227421723957821      5.08813939703565        909.08311278575         31.7819500273303        5.08813939703564        0.0028544166334735      0.00495026712685278     0.0525385991964081      0.0526458780018719      
0.0359642870397373      118.349282896849        0.0340083187603994      5.08825745037617        903.287430669853        31.6804782278343        5.08825745037615        0.00495026712685278     0.00682499418138693     0.0584496241152928      0.0521890012014507      
0.0477922628009674      117.174530730273        0.0451546305873979      5.08841881580151        894.349630350951        31.5233534304499        5.08841881580149        0.00682499418138693     0.00866502163299037     0.0526458780018719      0.0542413890497997      
0.0594888203480259      115.681594107976        0.0561405001324237      5.08862136897973        882.989747663226        31.3225113875916        5.08862136897974        0.00866502163299037     0.0105535861137938      0.0521890012014507      0.0642410272456806      
0.0710196446820201      113.984643580232        0.0669377612814439      5.08886468727266        870.078641410206        31.0926686859031        5.0888646872727         0.0105535861137938      0.0127586138932147      0.0542413890497997      0.0574978163661201      
0.082372455202195       112.172008314893        0.0775305213087108      5.08915444306323        856.291011754592        30.8453312108186        5.08915444306327        0.0127586138932147      0.014702272342455       0.0642410272456806      0.0637641674693328      
0.0935572120047128      110.322287063811        0.0879567915978296      5.08948321854071        842.225142963446        30.5909417050837        5.08948321854074        0.014702272342455       0.0168238646611938      0.0574978163661201      0.0666389935641984      
0.104559331803976       108.505318754927        0.0981732721729974      5.08985340583762        828.414249324395        30.3390882695427        5.08985340583756        0.0168238646611938      0.0190056635523546      0.0637641674693328      0.0722480075119421      
0.115377738490435       106.78135571956         0.10819979241728        5.09026482401303        815.318068319546        30.0983216276173        5.09026482401298        0.0190056635523546      0.0213340363602031      0.0666389935641984      0.0588268954464246      
0.126033076448963       105.19883250714         0.118012992313931       5.09071960676016        803.30663887856         29.8757917399236        5.0907196067601         0.0213340363602031      0.0232017373074619      0.0722480075119421      0.0603267040687566      
0.136538471394644       103.788607537329        0.127669252727332       5.09120712693154        792.613947582527        29.6762895925449        5.09120712693155        0.0232017373074619      0.0250907867539727      0.0588268954464246      0.0836704378369031      
0.146896797575225       102.563699960037        0.137153286521735       5.09172734139001        783.339592980962        29.5021579809749        5.09172734139           0.0250907867539727      0.0276789299304234      0.0603267040687566      0.0877324682020074      
0.157141322325432       101.53352383461         0.146503270069772       5.0922947795866         775.557950064026        29.3552560136459        5.09229477958662        0.0276789299304234      0.0303652209606136      0.0836704378369031      0.0697349202757764      
0.167295401400144       100.694015268311        0.15573711009858        5.09291173089083        769.238597385721        29.2354160676875        5.09291173089079        0.0303652209606136      0.0324830626465725      0.0877324682020074      0.0700919073321904      
0.177378108901428       100.025945293687        0.164875303384234       5.09356693328717        764.233271128073        29.1401454874747        5.09356693328715        0.0324830626465725      0.0345979273249624      0.0697349202757764      0.0860769743714855      
0.187399786066974       99.5062279862111        0.1738838269971         5.09426077200982        760.366010701231        29.06632283247          5.09426077200981        0.0345979273249624      0.0371820472260593      0.0700919073321904      0.0852639711631345      
0.197382411448232       99.1110617999379        0.182785211727774       5.09500325447842        757.456773638243        29.0106642008732        5.09500325447851        0.0371820472260593      0.0397321417979884      0.0860769743714855      0.0814127946603075      
0.207333169801245       98.81579442472          0.19162842272747        5.09579416567322        755.317423058779        28.9696665699904        5.09579416567315        0.0397321417979884      0.0421601940697518      0.0852639711631345      0.072440181726676       
0.217261187786521       98.5979624341724        0.200429764840809       5.09663135212759        753.776199896852        28.9400952140193        5.09663135212757        0.0421601940697518      0.0443160241436105      0.0814127946603075      0.0801335282596726      
0.227168938089193       98.4393507080449        0.209172470468402       5.09750972912013        752.69332194379         28.919300013501         5.09750972912014        0.0443160241436105      0.0466970617570461      0.072440181726676       0.0811699666297441      
0.237066926585108       98.3251505268899        0.217843751775979       5.09843412040143        751.956453509854        28.9051409020351        5.0984341204014         0.0466970617570461      0.0491061289845773      0.0801335282596726      0.0870339127286747      
0.246954181955637       98.2431505284492        0.226475562690256       5.09940526401275        751.472458436956        28.8958370403642        5.09940526401269        0.0491061289845773      0.0516869859138421      0.0811699666297441      0.0659670228869817      
0.256834530046401       98.1838710202675        0.235049752342677       5.10042664233746        751.169447399396        28.8900107188049        5.1004266423375         0.0516869859138421      0.0536419046767273      0.0870339127286747      0.0899925102489468      
0.266708261051177       98.140315501284         0.243591576967663       5.10148612288023        750.992186437332        28.8866017853978        5.10148612288026        0.0536419046767273      0.0563075208479147      0.0659670228869817      0.070586371953335       
0.27658242423656        98.1071515939904        0.252079747714555       5.10259782382476        750.902007337712        28.8848673825685        5.10259782382481        0.0563075208479147      0.0583974406227385      0.0899925102489468      0.0740962574195503      
0.286447132671648       98.0807381724067        0.260557345873937       5.10375024074506        750.869386589811        28.8842399663402        5.10375024074511        0.0583974406227385      0.0605904794805323      0.070586371953335       0.0608955056969787      
0.296311615188957       98.0582574693707        0.269015854919179       5.10494555307138        750.873098115288        28.8843113532298        5.10494555307133        0.0605904794805323      0.0623922593682614      0.0740962574195503      0.0748259640126647      
0.306173392029948       98.0382534521221        0.277451226610895       5.10617614459725        750.900886552807        28.8848458260038        5.10617614459726        0.0623922593682614      0.0646058422088239      0.0608955056969787      0.0698086691977294      
0.316032285253873       98.0196184497303        0.285844210424953       5.1074501689079         750.945475211045        28.8857034074922        5.10745016890783        0.0646058422088239      0.0666706080861514      0.0748259640126647      0.0639006735195007      
0.325892632258428       98.0016118470281        0.29419547952947        5.10876472425167        751.000766285852        28.8867667950771        5.1087647242517         0.0666706080861514      0.0685603461473383      0.0698086691977294      0.063739442574149       
0.335747373932856       97.9837019095128        0.302515331902697       5.11011628409466        751.062166055517        28.8879476224855        5.11011628409467        0.0685603461473383      0.0704451641643288      0.0639006735195007      0.0635969392392401      
0.345604411118052       97.965844435997         0.310816847291914       5.11150497846205        751.129352330757        28.8892396794446        5.1115049784621         0.0704451641643288      0.0723256263618821      0.063739442574149       0.059198939668388       
0.355461846226265       97.9477137436028        0.319095273006278       5.11293070093313        751.199809028815        28.8905945677215        5.11293070093316        0.0723256263618821      0.0740758166236644      0.0635969392392401      0.0548262775037935      
0.365315037306846       97.9296963514668        0.32733955765855        5.11439053661313        751.276068410008        28.8920609704852        5.11439053661313        0.0740758166236644      0.0756965744225031      0.059198939668388       0.0487102528374621      
0.375165856190472       97.9117859922934        0.335554146890579       5.11588224236294        751.357750914022        28.893631572719         5.11588224236302        0.0756965744225031      0.0771365792656519      0.0548262775037935      0.0398140219637129      
0.385023794994566       97.8940458588711        0.343754397920072       5.11740265518288        751.444875307172        28.8953067182424        5.1174026551829         0.0771365792656519      0.0783136146102554      0.0487102528374621      0.052916932618631       
0.394878416750407       97.8766266625548        0.351940351663172       5.11894613492834        751.537769631163        28.8970926955784        5.11894613492837        0.0783136146102554      0.0798777338178243      0.0398140219637129      0.0443886090496586      
0.404729150544211       97.859177403269         0.360072431734172       5.12051986442668        751.634792714841        28.8989579342086        5.12051986442663        0.0798777338178243      0.0811892527092282      0.052916932618631       0.0490154636306426      
0.414576520038299       97.8399201589682        0.368175756185084       5.12211877440781        751.721537899218        28.9006254814901        5.12211877440775        0.0811892527092282      0.0826369733166605      0.0443886090496586      0.0473396372610167      
0.424418279624292       97.8203340041609        0.376247913926333       5.12374564402071        751.809765375706        28.9023214249441        5.1237456440207         0.0826369733166605      0.0840347899823088      0.0490154636306426      0.0402875020174986      
0.434261282514308       97.8019730253379        0.384307821614683       5.12539968742702        751.91130296072         28.9042730974105        5.12539968742706        0.0840347899823088      0.0852238444310726      0.0473396372610167      0.0176437989341873      
0.444099199069017       97.7795546022591        0.392324931959232       5.12707619768429        751.984840532121        28.9056864942239        5.12707619768428        0.0852238444310726      0.0857442571362483      0.0402875020174986      0.0618545043815708      
0.45392405305247        97.7517757290583        0.400319191773879       5.12876150467572        752.018316559332        28.9063298827116        5.12876150467571        0.0857442571362483      0.0875676824226001      0.0176437989341873      0.0264379533928234      
0.463746512907579       97.727257359418         0.408237104984158       5.13048202391192        752.081905693062        28.9075519870013        5.13048202391198        0.0875676824226001      0.0883468259685164      0.0618545043815708      0.0360964845354658      
0.47357249739027        97.7068673127152        0.41615488046673        5.13221777297205        752.179381445608        28.9094252497849        5.13221777297198        0.0883468259685164      0.08941051968055        0.0264379533928234      0.01982045319003        
0.483392045256971       97.6885283257764        0.424018927806373       5.13397413956308        752.295567234767        28.9116579184623        5.13397413956303        0.08941051968055        0.0899946083397064      0.0360964845354658      0.0296627057473759      
0.493214659538894       97.6691622415718        0.431856621795584       5.13574219342881        752.405456281326        28.9137694279872        5.13574219342877        0.0899946083397064      0.090868915909088       0.01982045319003        0.0157548474152558      
0.503042322918972       97.6469547443396        0.439636956462753       5.1375281216441         752.495963987931        28.9155084107691        5.13752812164407        0.090868915909088       0.0913333872574802      0.0296627057473759      0.0212687118505813      
0.512872173709383       97.624002553485         0.447389527804961       5.13932337362858        752.581977225451        28.9171609415096        5.13932337362856        0.0913333872574802      0.0919604021123998      0.0157548474152558      0.0265221777534166      
0.522696872789948       97.6010704038024        0.455095027156277       5.14113056703024        752.669769641789        28.9188475573705        5.14113056703022        0.0919604021123998      0.0927421348000054      0.0212687118505813      0.0228649498226695      
0.532521353707954       97.5781473075767        0.462743188204799       5.14295270926827        752.75969559132         28.9205750594301        5.14295270926821        0.0927421348000054      0.0934158963690179      0.0265221777534166      0.0170522356536075      
0.542342501820983       97.5554294224673        0.470335990258801       5.14478762298361        752.852948771341        28.9223663695176        5.14478762298354        0.0934158963690179      0.0939182418736869      0.0228649498226695      0.0113399673262692      
0.55216055277702        97.5329756804085        0.477869929395847       5.14663183934978        752.949477034977        28.9242204741781        5.14663183934974        0.0939182418736869      0.0942521708638446      0.0170522356536075      0.00629468013087637     
0.561976107042292       97.5105472959065        0.485346159638289       5.1484817725334         753.046913074095        28.9260918947678        5.14848177253331        0.0942521708638446      0.0944374542484124      0.0113399673262692      0.0013139302037159      
0.571781919968816       97.4880285838991        0.492751422931094       5.15033445727408        753.143929181064        28.9279551295794        5.15033445727399        0.0944374542484124      0.0944761166374557      0.00629468013087637     0.0133971278359567      
0.581590967794775       97.4655519698498        0.500119993700123       5.15218754120052        753.241203832938        28.9298232093714        5.15218754120058        0.0944761166374557      0.0948702587629833      0.0013139302037159      -0.014708243256068      
0.59139568106356        97.4430750276397        0.507419958063047       5.15404818101609        753.339455398232        28.9317099275409        5.15404818101601        0.0948702587629833      0.0944375938071506      0.0133971278359567      -0.00168508360341843    
0.601202140619025       97.420720492935         0.514699767334194       5.1559000657666         753.437248794829        28.9335877253569        5.15590006576667        0.0944375938071506      0.0943880360132098      -0.014708243256068      -0.0163497520876355     
0.611003736006677       97.398590743453         0.521899675954233       5.15775045902446        753.536439173071        28.9354922230865        5.15775045902448        0.0943880360132098      0.0939073090763392      -0.00168508360341843    0.00131142922429122     
0.62080230180101        97.3762987882846        0.529043034611601       5.15959091808927        753.63280029777         28.9373422779051        5.15959091808927        0.0939073090763392      0.0939458589513747      -0.0163497520876355     -0.0289738507572575     
0.630600929809983       97.3541323054154        0.536095277193163       5.16143180920917        753.730072858694        28.9392097115986        5.16143180920911        0.0939458589513747      0.0930943914042077      0.00131142922429122     -0.00373894167659218    
0.640395576643904       97.3321377677948        0.543104022794892       5.1632554214275         753.826032013041        28.9410518125118        5.16325542142758        0.0930943914042077      0.092984540161575       -0.0289738507572575     -0.0256856321718213     
0.650185358176997       97.3101489087479        0.549997937702146       5.16507639964751        753.921530362138        28.9428849510767        5.16507639964753        0.092984540161575       0.0922300450978327      -0.00373894167659218    -0.0253241421751437     
0.659978481185902       97.288533974309         0.556806807568796       5.16688244768278        754.01762782897         28.9447294728144        5.16688244768286        0.0922300450978327      0.0914862515362422      -0.0256856321718213     -0.0361935821957022     
0.669766438286998       97.2676713886962        0.563504192531355       5.16867370054278        754.117282529687        28.9466421489549        5.16867370054279        0.0914862515362422      0.0904234135374433      -0.0253241421751437     -0.0280673051351752     
0.679556352936886       97.247984033382         0.570102004378504       5.17044372365063        754.222843024615        28.9486680373806        5.17044372365071        0.0904234135374433      0.0895994687525352      -0.0361935821957022     -0.0427562820415742     
0.689338230072886       97.2308548549579        0.576548979804178       5.1721969253149         754.345692789828        28.9510255583043        5.17219692531496        0.0895994687525352      0.0883446519632134      -0.0280673051351752     -0.0489683480759122     
0.699118758901514       97.2148944315706        0.582865274861106       5.17392514380118        754.47387997722         28.9534853011827        5.17392514380117        0.0883446519632134      0.0869076798235991      -0.0427562820415742     -0.0557957420424228     
0.708900286037864       97.1959594648743        0.589050602074208       5.17562538084786        754.574812083394        28.9554219080026        5.17562538084789        0.0869076798235991      0.0852703628906362      -0.0489683480759122     -0.0606484498713477     
0.718684132184921       97.1740238680358        0.595101126321342       5.17729359390787        754.647676899349        28.9568199009673        5.17729359390785        0.0852703628906362      0.0834908135077827      -0.0557957420424228     -0.0674792981832838     
0.728462529980597       97.1533993171511        0.600998308174738       5.17892662042516        754.725488982584        28.9583127382677        5.17892662042524        0.0834908135077827      0.0815113084026553      -0.0606484498713477     -0.0896168550028757     
0.738240599601616       97.1353821941023        0.606733440547394       5.18052048247837        754.817755544867        28.9600827873446        5.18052048247835        0.0815113084026553      0.0788837648038688      -0.0674792981832838     -0.077132954550967      
0.748013815447478       97.1134894699793        0.612325005570824       5.18206199068993        754.872183848469        28.961126893523         5.18206199068997        0.0788837648038688      0.0766234429227578      -0.0896168550028757     -0.0904984525361695     
0.757772342574087       97.0896985905531        0.617714601279856       5.18355833832182        754.90517504132         28.9617597501203        5.18355833832185        0.0766234429227578      0.0739727289752895      -0.077132954550967      -0.0939784461187802     
0.767539248054887       97.0707322693955        0.622932980154578       5.18500260305518        754.967999245932        28.9629648429763        5.18500260305526        0.0739727289752895      0.0712205123153823      -0.0904984525361695     -0.106616863208658      
0.777295482418029       97.0556047850689        0.627952630386817       5.18639303395432        755.052768845257        28.9645908125624        5.18639303395426        0.0712205123153823      0.0680978896012184      -0.0939784461187802     -0.0872638745021002     
0.787061907062901       97.0424979924341        0.632801524386682       5.18772276053373        755.144363361598        28.966347588607         5.18772276053372        0.0680978896012184      0.0655416338646087      -0.106616863208658      -0.133190487715377      
0.796826209271066       97.0279435955018        0.637408547397072       5.18900292446335        755.217424607586        28.9677488215119        5.1890029244634         0.0655416338646087      0.0616391262624016      -0.0872638745021002     -0.0792685760099798     
0.80659532476048        97.0120576085264        0.641866529601751       5.19020703457072        755.26899575693         28.9687378576157        5.19020703457063        0.0616391262624016      0.0593163887454876      -0.133190487715377      -0.111823001053446      
0.816362459825941       96.9961197655889        0.646062904979152       5.19136580475525        755.313509017534        28.9695915097487        5.19136580475528        0.0593163887454876      0.0560399273021495      -0.0792685760099798     -0.10884545692244       
0.826129901312969       96.9816711467981        0.650032440015639       5.19246039340558        755.360229474051        28.9704874632799        5.19246039340561        0.0560399273021495      0.05285139080224        -0.111823001053446      -0.124277258532285      
0.835892482498527       96.9685204053734        0.653736602764378       5.19349241586513        755.407912954455        28.9714018560537        5.19349241586511        0.05285139080224        0.0492115462475971      -0.10884545692244       -0.0913237527959061     
0.845653627040796       96.9565916003317        0.65722707006712        5.19445317715827        755.45471292717         28.9722992783561        5.19445317715828        0.0492115462475971      0.0465372280394444      -0.124277258532285      -0.104493410267215      
0.855414930541928       96.9454148410838        0.660475726749027       5.19536167995862        755.499739969587        28.9731626772392        5.19536167995868        0.0465372280394444      0.0434776464259098      -0.0913237527959061     -0.0996800197982623     
0.865175309413837       96.9349591736058        0.663500210465549       5.19621031645779        755.541652324958        28.9739663285079        5.19621031645783        0.0434776464259098      0.0405597425575704      -0.104493410267215      -0.101427455203522      
0.874931078820774       96.9249653952477        0.666277613014807       5.1970017126531         755.578816736916        28.9746789213716        5.19700171265306        0.0405597425575704      0.0375913893450427      -0.0996800197982623     -0.089536410868052      
0.884682889853254       96.9159719794602        0.668838907555038       5.1977350342794         755.615314408321        28.9753787130522        5.19773503427941        0.0375913893450427      0.0349712989177109      -0.101427455203522      -0.0925978910961464     
0.894438902660377       96.9075131257248        0.671191483393825       5.1984172913884         755.648537847324        28.9760157112227        5.19841729138847        0.0349712989177109      0.0322615620037901      -0.089536410868052      -0.0888539041741158     
0.904193182593583       96.8997284392737        0.673344400973166       5.19904670066113        755.679320155747        28.9766058927187        5.19904670066108        0.0322615620037901      0.0296613678053388      -0.0925978910961464     -0.0638363714543336     
0.913947754283366       96.8924882086929        0.675333753886561       5.19962535111334        755.706957033554        28.97713575742          5.19962535111337        0.0296613678053388      0.0277932803867807      -0.0888539041741158     -0.0666932550438077     
0.923701442796665       96.8855976478499        0.677172578521601       5.20016757740356        755.732015408574        28.9776161777131        5.20016757740357        0.0277932803867807      0.0258416266344608      -0.0638363714543336     -0.0481852899968123     
0.933458010977745       96.8790275651101        0.678902107418332       5.20067172183442        755.754028645027        28.9780382099009        5.20067172183439        0.0258416266344608      0.024431734904563       -0.0666932550438077     -0.0653623470278235     
0.943209196690396       96.8730465190603        0.68049626397213        5.20114825469094        755.776615243807        28.9784712280572        5.2011482546909         0.024431734904563       0.0225193989573543      -0.0481852899968123     -0.0626707317109767     
0.952959591326662       96.867484839584         0.68199706908556        5.20158746355313        755.797042151254        28.9788628361979        5.20158746355318        0.0225193989573543      0.0206857916031646      -0.0653623470278235     -0.137872237184608      
0.962714773070362       96.8624822196189        0.683335055187448       5.20199098136771        755.816638409022        28.9792385148215        5.20199098136779        0.0206857916031646      0.0166518028767016      -0.0626707317109767     -0.220332908501973      
0.972468022468873       96.8587529643614        0.684479169514856       5.2023157931427         755.834730375907        28.9795853504556        5.20231579314266        0.0166518028767016      0.0102056585784451      -0.137872237184608      -0.59302703508999       
0.98221854706589        96.8568924603667        0.685162531538076       5.20251482562074        755.849128482917        28.9798613692512        5.20251482562071        0.0102056585784451      -0.00714023960998554    -0.220332908501973      -1.4540654143835        
0.991968586413913       96.8597667918926        0.68482269961611        5.20237560613868        755.851331961635        28.9799036107905        5.20237560613873        -0.00714023960998554    -0.0496645884550997     -0.59302703508999       -3.78109045345617       
1.00171372824353        96.8741220657243        0.681647424929817       5.20140740196154        755.822663356776        28.9793540177366        5.20140740196156        -0.0496645884550997     -0.160266209372622      -1.4540654143835        -9.18384304017335       
1.01146312436167        96.912355059986         0.67128691898334        5.19828162445004        755.666571735755        28.9763614719109        5.19828162445009        -0.160266209372622      -0.429109881407798      -3.78109045345617       -9.65213339286403       
1.02122650847856        97.0057891521034        0.643330037324306       5.18990270508062        755.175911293472        28.9669526509372        5.18990270508061        -0.429109881407798      -0.712020347225833      -9.18384304017335       -10.3052782217287       
1.03100290260881        97.1608384214456        0.596819671628208       5.17597966220518        754.353785448309        28.9511808519159        5.17597966220514        -0.712020347225833      -1.01455786310559       -9.65213339286403       -9.06044362759659       
1.04079528360274        97.3825415483111        0.530148983611971       5.15610686700355        753.172186805259        28.9284978064741        5.15610686700362        -1.01455786310559       -1.28110799863442       -10.3052782217287       -10.614232728724        
1.05060940949503        97.6651267067306        0.445476325797435       5.13095267441842        751.67271460997         28.8996869381346        5.13095267441834        -1.28110799863442       -1.59426536328221       -9.06044362759659       -6.79792989573354       
1.06045821006968        98.025506979826         0.339182548235548       5.09954520121406        749.828255573321        28.8642080472092        5.09954520121407        -1.59426536328221       -1.79554433480399       -10.614232728724        6.68062343426538        
1.07034704196592        98.4395238878056        0.218387961193216       5.064034004016          747.75164446049         28.824211359752         5.06403400401594        -1.79554433480399       -1.59697157754847       -6.79792989573354       9.65646575731207        
1.08027537611842        98.8138736878717        0.109828151356568       5.03232634036713        745.895489029781        28.7884137386666        5.03232634036717        -1.59697157754847       -1.30887928904197       6.68062343426538        12.4489787380525        
1.09023961664712        99.1238218178025        0.0201400801280662      5.00624620003157        744.35738446197         28.7587162528737        5.00624620003165        -1.30887928904197       -0.936286921830565      9.65646575731207        8.62035300304885        
1.10023390238116        99.3467186984757        -0.0443963205363445     4.9875361298691         743.243023338884        28.7371811680904        4.98753612986903        -0.936286921830565      -0.677637331235369      12.4489787380525        12.0399228736784        
1.11024762142605        99.5084399424931        -0.0912591273755656     4.97396626537732        742.427435091428        28.7214096507085        4.9739662653774         -0.677637331235369      -0.31579807044033       8.62035300304885        7.78534868387243        
1.12027641980972        99.5837351989857        -0.113060111030301      4.96763473989942        742.043433755139        28.7139809878807        4.96763473989937        -0.31579807044033       -0.0816319338399208     12.0399228736784        9.58281528442052        
1.13030367375254        99.6031655910909        -0.118643207167969      4.96599748590025        741.943604869596        28.7120494424978        4.96599748590018        -0.0816319338399208     0.206642182809466       7.78534868387243        5.47576011099479        
1.1403334438781         99.5532531696822        -0.104278664210722      4.97014156622084        742.190642446715        28.7168290273359        4.97014156622081        0.206642182809466       0.371289587336918       9.58281528442052        -1.68866331408813       
1.15035540448237        99.464303926496         -0.0785636479197097     4.97758217196841        742.637618957662        28.7254749299808        4.97758217196844        0.371289587336918       0.320551019327912       5.47576011099479        -6.06693437863307       
1.16036151070466        99.3877836835841        -0.0563613864068205     4.98399983447387        743.023046141561        28.732928190136         4.98399983447388        0.320551019327912       0.138382313214607       -1.68866331408813       -5.92500677238728       
1.17036877953855        99.3551295325408        -0.046655833292029      4.98676920363494        743.191650264053        28.7361879916838        4.98676920363501        0.138382313214607       -0.0394804811574949     -6.06693437863307       -2.87664871672955       
1.18037303618377        99.3653503547964        -0.0491637763018785     4.98597910780239        743.150341362719        28.7353893572739        4.98597910780245        -0.0394804811574949     -0.125844239563007      -5.92500677238728       1.5143264768841         
1.19038188442833        99.3963321527664        -0.0576990681240786     4.98346013543356        743.006488337436        28.7326080406804        4.98346013543356        -0.125844239563007      -0.0803750363029546     -2.87664871672955       4.44145566174561        
1.20039310846019        99.4165833756604        -0.0632739531477117     4.98185106967415        742.917918350075        28.7308954563255        4.98185106967412        -0.0803750363029546     0.0529978188492591      1.5143264768841         3.95378879563401        
1.21040075542233        99.4051076314229        -0.0598078043676591     4.98291203566561        742.990360834878        28.7322962077883        4.9829120356656         0.0529978188492591      0.171717315301857       4.44145566174561        1.24057684846403        
1.22041233769432        99.3651869602224        -0.0481743082779043     4.9863493581567         743.204304333338        28.7364326312501        4.98634935815677        0.171717315301857       0.208956603148147       3.95378879563401        -1.6238069082672        
1.23041618996252        99.3164720526944        -0.0338083686644654     4.99053018378706        743.462777289322        28.7414292014801        4.990530183787          0.208956603148147       0.160233639756334       1.24057684846403        -3.20333619168711       
1.24041311290534        99.2794344896403        -0.022526854538069      4.99373448405253        743.662703352226        28.7452933993303        4.99373448405257        0.160233639756334       0.0641457696978597      -1.6238069082672        -3.18032537755925       
1.25041076492193        99.2653741027186        -0.017692591557217      4.99501712996801        743.748366083643        28.7469489411706        4.995017129968          0.0641457696978597      -0.0312571583988886     -3.20333619168711       -1.32572125106617       
1.26041013587878        99.2744982826666        -0.0195573885278368     4.99439196917331        743.723635449989        28.7464709998364        4.99439196917331        -0.0312571583988886     -0.0710338059465161     -3.18032537755925       1.59762289820181        
1.27041486979982        99.2939153347661        -0.0245531603334864     4.99297091887677        743.657447531849        28.7451918207753        4.9929709188767         -0.0710338059465161     -0.0230951632750101     -1.32572125106617       2.68383579349571        
1.28041656620099        99.3030415882962        -0.0266021155909951     4.9925089190931         743.656981233963        28.7451828086795        4.9925089190931         -0.0230951632750101     0.0574253425181995      1.59762289820181        1.73702611408893        
1.29041679777293        99.2942748292897        -0.0231188223655717     4.99365735753857        743.762379094109        28.7472197514455        4.99365735753859        0.0574253425181995      0.109524063996505       2.68383579349571        -0.162179771949415      
1.30041225583465        99.2737823661576        -0.0156615452788341     4.99584697270157        743.934937653904        28.7505543454558        4.99584697270148        0.109524063996505       0.104661055795446       1.73702611408893        -1.35705144423192       
1.31040529212583        99.2561122324475        -0.00801764492937417    4.99793888027323        744.113973646969        28.7540137033456        4.99793888027328        0.104661055795446       0.0639733033413393      -0.162179771949415      -1.74505448850414       
1.32039866056708        99.2507946483276        -0.00292514304600791    4.99921759283222        744.264478062745        28.7569214482501        4.99921759283221        0.0639733033413393      0.0116444020559076      -1.35705144423192       -1.30045490484415       
1.33039533044511        99.2541715827271        -0.00169051897059486    4.99945040833239        744.324462971937        28.7580802745929        4.99945040833244        0.0116444020559076      -0.0273601235041736     -1.74505448850414       -0.175057376658127      
1.34039616289089        99.2625435891063        -0.00379265081637167    4.99890326149393        744.30577933765         28.7577193373584        4.99890326149395        -0.0273601235041736     -0.0326106602060429     -1.30045490484415       0.850609060565159       
1.35039376150283        99.2697884834395        -0.00687433782282241    4.99825122823794        744.263013321408        28.7568931508683        4.99825122823787        -0.0326106602060429     -0.00710382189827007    -0.175057376658127      1.2047417376637         
1.36038669568523        99.269389379229         -0.00828582103901338    4.99810924171357        744.23887871338         28.7564268896418        4.99810924171358        -0.00710382189827007    0.0290142833317388      0.850609060565159       0.6672101050875         
1.3703779145391         99.262580590994         -0.00658668045472686    4.99868908318272        744.274166953119        28.7571086275129        4.99868908318273        0.0290142833317388      0.0490157552924363      1.2047417376637         -0.257993437701924      
1.38037192342091        99.2514956726926        -0.00255571070825898    4.99966869710904        744.336894084022        28.7583204208224        4.99966869710908        0.0490157552924363      0.0412817645368667      0.6672101050875         -0.771650237220054      
1.3903640764311         99.2406226455028        0.00151608949025701     5.00049370726889        744.378163566425        28.7591176569647        5.0004937072689         0.0412817645368667      0.0181494063716915      -0.257993437701924      -0.81821782628582       
1.40035547547283        99.2341771980135        0.00365045503578181     5.00085641762537        744.383807832689        28.7592266901267        5.00085641762543        0.0181494063716915      -0.0063789444611743     -0.771650237220054      -0.461878143989478      
1.41034991501448        99.233153683421         0.00298534046484094     5.00072892804073        744.357153368093        28.7587117886446        5.00072892804068        -0.0063789444611743     -0.0202238248805219     -0.81821782628582       0.0975036602968494      
1.42034163712416        99.2354086539954        0.000288656875913238    5.00032481030315        744.313913929718        28.7578764849199        5.00032481030311        -0.0202238248805219     -0.0173018974668493     -0.461878143989478      0.456270447878544       
1.43032827441256        99.2349849339898        -0.00240454063921816    4.99997921735079        744.259293456101        28.7568212865536        4.99997921735082        -0.0173018974668493     -0.00363448968682685    0.0975036602968494      0.46433621439594        
1.44031183862315        99.230284952144         -0.00330575393390014    4.99990665316484        744.213242891502        28.7559316178902        4.99990665316477        -0.00363448968682685    0.010266815884988       0.456270447878544       0.178720344143014       
1.45028895306222        99.208448255121         -0.00187714057705649    5.00011150608435        744.079955431807        28.7533564307776        5.00011150608431        0.010266815884988       0.0156132581692628      0.46433621439594        -0.170718819756013      
1.46025699286868        99.1307274618461        0.000949873341228596    5.00042275311383        743.543317699412        28.7429859598518        5.00042275311379        0.0156132581692628      0.0105121184372514      0.178720344143014       -0.317512930227278      
1.47021337967007        98.9650081126153        0.00330630108178718     5.00063202608143        742.331383544029        28.7195516744648        5.00063202608146        0.0105121184372514      0.00104140772915263     -0.170718819756013      -0.144284754516842      
1.4801481312998         98.6918393177258        0.00359148412463721     5.00065271425218        740.285421238089        28.6799469478451        5.00065271425216        0.00104140772915263     -0.00325705390270741    -0.317512930227278      0.109324471926195       
1.49005340535818        98.4037221365179        0.00151432176959189     5.00058807493247        738.114719167259        28.637867688454         5.0005880749324         -0.00325705390270741    8.49181801730744e-13    -0.144284754516842      0.109324471926195       
1.5                     98.4037221365179        -0.00151432176959189    5.00058807493247        738.114719167259        28.637867688454         5.00058807493242        8.49181801730744e-13    8.49181801730744e-13    0.109324471926195       0.109324471926195       
