# xp[i]                    V[i]                   up[i]                    p[i]                    e[i]                   cs[i]                  dd1[i]             dd2_left[i]            dd2_right[i]             dd3_left[i]            dd3_right[i]
-1.50007372101802       98.543146950136         -1.89620906902548e-05   5.000256785956          739.111558870315        28.6571991899324        5.00025769826916        0.00027869686746548     0.00027869686746548     0.0022964671239407      0.0022964671239407      
-1.49017423750507       98.8212414083445        -1.8714997691452e-05    5.00025769826916        741.197509656885        28.6976094563232        5.00025769826916        0.00027869686746548     0.00027869686746548     0.0022964671239407      0.0022964671239407      
-1.48023799636778       99.0732907063045        -8.83392184048765e-06   5.00026323467637        743.088799585707        28.7341995148968        5.00026323467637        0.00027869686746548     0.000347199713720062    0.0022964671239407      -0.00310691503708247    
-1.4702792880399        99.2162801155605        2.69944586497625e-05    5.00027014804875        744.162305493419        28.7549475065388        5.00027014804875        0.000347199713720062    0.000254344239763538    0.0022964671239407      -0.00364832397056688    
-1.46030933938243       99.2782865227674        8.71543057397442e-05    5.00027521947881        744.628133898167        28.7639460648254        5.00027521947881        0.000254344239763538    0.000145181370843863    -0.00310691503708247    -0.00369590922755808    
-1.45032947111175       99.2935390899309        0.000162630830038154    5.00027811687015        744.742965986958        28.7661638810244        5.00027811687015        0.000145181370843863    3.45172552027552e-05    -0.00364832397056688    -0.00146539992184902    
-1.44034506369345       99.2988919481476        0.000242707507375658    5.00027880609057        744.7832173149          28.7669412369071        5.00027880609057        3.45172552027552e-05    -9.37763750652776e-06   -0.00369590922755808    -0.000536524282974455   
-1.43035891352376       99.3032283138605        0.000317239894533198    5.00027861879975        744.815713973379        28.7675688150038        5.00027861879974        -9.37763750652776e-06   -2.54528784791464e-05   -0.00146539992184902    0.00406279878014041     
-1.42037148281697       99.3050564169986        0.000376943375738216    5.00027811033941        744.829349771908        28.7678321465701        5.00027811033941        -2.54528784791464e-05   9.63116760949884e-05    -0.000536524282974455   0.00450300633956319     
-1.41037942324397       99.3072898027775        0.000420346418776972    5.00028003501449        744.84638779834         28.7681611778318        5.00028003501449        9.63116760949884e-05    0.000231303732864359    0.00406279878014041     0.00263621265917582     
-1.40038333553567       99.309338984035         0.000453920129344567    5.00028465842037        744.862446239607        28.7684712883085        5.00028465842037        0.000231303732864359    0.000310343125423211    0.00450300633956319     -0.000613002327793067   
-1.39039064653874       99.3105179984479        0.000478400088795829    5.0002908615906         744.872213411201        28.7686599041233        5.0002908615906         0.000310343125423211    0.000291963254363562    0.00263621265917582     0.00224870767996619     
-1.38039590703817       99.3118060563549        0.000492763787671038    5.00029669763656        744.882743789871        28.7688632569981        5.00029669763657        0.000291963254363562    0.000359390041597348    -0.000613002327793067   -0.00102892863412493    
-1.37040012657154       99.3148771994355        0.000491161014195302    5.00030388219171        744.906849029595        28.7693287495477        5.0003038821917         0.000359390041597348    0.00032853555372517     0.00224870767996619     -0.00946687138421012    
-1.36040448924465       99.3162914368322        0.000472688541807849    5.00031045019065        744.918434918658        28.7695524801763        5.00031045019065        0.00032853555372517     4.46303010962851e-05    -0.00102892863412493    -0.0161460417357045     
-1.35040805476761       99.3151306972126        0.000442766345260075    5.00031134251256        744.909861762583        28.7693869274381        5.00031134251256        4.46303010962851e-05    -0.000439628571642129   -0.00946687138421012    -0.0131279014026093     
-1.34040929293698       99.3136357958126        0.000418385013175646    5.00030255153057        744.897339707369        28.7691451173991        5.00030255153057        -0.000439628571642129   -0.000833380517580687   -0.0161460417357045     -0.0023220867381865     
-1.33041048192992       99.3109974974779        0.000409017208453744    5.00028588732061        744.875068863556        28.7687150461044        5.00028588732061        -0.000833380517580687   -0.00090301851544843    -0.0131279014026093     0.0081900349389015      
-1.3204150262473        99.3034109016377        0.000403786452168265    5.00026783542258        744.815477218817        28.76756424283          5.00026783542258        -0.00090301851544843    -0.000657480881483714   -0.0023220867381865     0.00829807201924261     
-1.31042351298079       99.291670407614         0.000379209012560215    5.00025469703877        744.725461998746        28.7658258277798        5.00025469703877        -0.000657480881483714   -0.000408775817751027   0.0081900349389015      -0.00146503915705193    
-1.30043616750398       99.2831898570476        0.000339494860497994    5.00024653053878        744.660638435287        28.7645738604371        5.00024653053879        -0.000408775817751027   -0.000452677655524651   0.00829807201924261     -0.00532691437603798    
-1.29044648571706       99.2781738013642        0.000316354671757797    5.00023748744504        744.621669489998        28.7638212090195        5.00023748744505        -0.000452677655524651   -0.000612303926739962   -0.00146503915705193    0.00189261562823492     
-1.28045940589229       99.2751097902005        0.000319556054066858    5.00022525515687        744.596866772147        28.7633421557553        5.00022525515687        -0.000612303926739962   -0.000555588408572026   -0.00532691437603798    0.0173728583797692      
-1.2704682914792        99.2731642140299        0.000322970263525296    5.00021415541276        744.580621433411        28.7630283800694        5.00021415541275        -0.000555588408572026   -3.49783815781908e-05   0.00189261562823492     0.0257374161085374      
-1.26048088415472       99.2717721081375        0.000306481792325096    5.00021345662291        744.570076136868        28.7628246978025        5.00021345662291        -3.49783815781908e-05   0.000736285070152814    0.0173728583797692      0.0182589534609374      
-1.2504912860585        99.2704003434751        0.000273886911473177    5.00022816565656        744.561977720171        28.7626682760092        5.00022816565656        0.000736285070152814    0.00128342665180821     0.0257374161085374      -0.00494728687902149    
-1.24050316483024       99.2690441654812        0.000254932329931718    5.00025380487197        744.555623691676        28.7625455466669        5.00025380487198        0.00128342665180821     0.0011351816241849      0.0182589534609374      -0.0176468271749939     
-1.23051469186735       99.2676044241793        0.000292879644254432    5.00027648132219        744.548201639126        28.7624021875613        5.00027648132219        0.0011351816241849      0.000606400598970558    -0.00494728687902149    -0.0105246400167352     
-1.22052764963432       99.2663477813971        0.000407216207240364    5.00028859499542        744.540580017252        28.7622549729725        5.00028859499542        0.000606400598970558    0.000291031045062138    -0.0176468271749939     0.0149969574177217      
-1.21053749838646       99.2651215828834        0.000574788296861449    5.00029440895764        744.532248683088        28.762094049153         5.00029440895765        0.000291031045062138    0.00074039808250628     -0.0105246400167352     0.0276726874449284      
-1.20055060234666       99.2640551340526        0.000729552800217442    5.00030919861932        744.526451968587        28.7619820822284        5.00030919861932        0.00074039808250628     0.00156952375273152     0.0149969574177217      0.0134512873710549      
-1.19056397848629       99.2628868926192        0.00082017490992345     5.00034054727255        744.522357252739        28.7619029901388        5.00034054727255        0.00156952375273152     0.00197252045346949     0.0276726874449284      -0.0195189990910518     
-1.18057741461367       99.261821609742         0.000855675935336387    5.00037994432974        744.520233022485        28.7618619591694        5.00037994432973        0.00197252045346949     0.00138774655767653     0.0134512873710549      -0.0332733114189934     
-1.17059126136534       99.2611431595045        0.000907945120898476    5.00040766126634        744.519271081261        28.7618433785934        5.00040766126634        0.00138774655767653     0.000390942978577845    -0.0195189990910518     -0.0166668774105837     
-1.16060488891027       99.2608331125068        0.00102522470889419     5.00041546905949        744.518108051267        28.7618209138293        5.00041546905949        0.000390942978577845    -0.000108363366457308   -0.0332733114189934     0.0238413524819339      
-1.15062040106749       99.2607732051376        0.00117905057684715     5.00041330485463        744.517336477691        28.7618060103188        5.00041330485462        -0.000108363366457308   0.000605880287523305    -0.0166668774105837     0.0529490601510791      
-1.1406322711233        99.2605459184641        0.00127910485822407     5.0004254059532         744.517433429208        28.761807883009         5.00042540595321        0.000605880287523305    0.00219212618338684     0.0238413524819339      0.0410138408196221      
-1.13064750867611       99.2601058264444        0.00126524573687105     5.00046918633542        744.520650926291        28.7618700312737        5.00046918633542        0.00219212618338684     0.00342076825499574     0.0529490601510791      -0.013729558369469      
-1.1206618586644        99.2594250888781        0.00116669819403399     5.00053750017474        744.525716104081        28.7619678685448        5.00053750017473        0.00342076825499574     0.0030095076036835      0.0410138408196221      -0.0556465700440472     
-1.11067727960439       99.2591637841409        0.00111000547209804     5.00059759760824        744.532703939367        28.7621028426753        5.00059759760823        0.0030095076036835      0.00134262867056074     -0.013729558369469      -0.0383601942354196     
-1.10069370484341       99.2593646241532        0.00120541899299516     5.00062440940945        744.538202403019        28.7622090482753        5.00062440940946        0.00134262867056074     0.000193472799653886    -0.0556465700440472     0.0280776065870147      
-1.09070616828018       99.2600796151622        0.00143420188280279     5.00062827362446        744.544140848692        28.7623237519095        5.00062827362445        0.000193472799653886    0.00103463586721478     -0.0383601942354196     0.0930001903025973      
-1.08071899437867       99.2609924645603        0.00165291572772467     5.00064893835238        744.554064881559        28.7625154378549        5.00064893835238        0.00103463586721478     0.00382050175150161     0.0280776065870147      0.0822094770935589      
-1.07073498361389       99.2634063390272        0.00171637797252513     5.00072522663038        744.583530241253        28.7630845634016        5.00072522663036        0.00382050175150161     0.00628268381027974     0.0930001903025973      -0.00408159883036322    
-1.06075391781765       99.2687247586808        0.00164065246873003     5.0008506573194         744.642101191061        28.7642158320805        5.00085065731937        0.00628268381027974     0.00616044822473781     0.0822094770935589      -0.0949915093007729     
-1.05077104486848       99.2704372958034        0.00160990722992873     5.00097365330698        744.673262202863        28.7648176733481        5.00097365330697        0.00616044822473781     0.00331532879032999     -0.00408159883036322    -0.118392484669231      
-1.04078699987723       99.2690787708121        0.00181149403038214     5.00103985821218        744.672929431254        28.7648112462906        5.00103985821216        0.00331532879032999     -0.000231535903467263   -0.0949915093007729     -0.0295100097110629     
-1.03079929646149       99.2700728178089        0.00228042879296569     5.00103523326628        744.679697656157        28.7649419656049        5.00103523326626        -0.000231535903467263   -0.0011157709923566     -0.118392484669231      0.141812818284269       
-1.02080860808186       99.2724389499531        0.00281159194813413     5.00101294236047        744.694128012608        28.7652206668749        5.00101294236047        -0.0011157709923566     0.00313330665203163     -0.0295100097110629     0.200201526088552       
-1.01082162928276       99.2712901129881        0.00305547572393528     5.0010755250918         744.694828992529        28.7652342052101        5.00107552509181        0.00313330665203163     0.00912989143642484     0.141812818284269       0.0754716940409539      
-1.00083951084236       99.2642035101531        0.00291253815939741     5.00125779341395        744.668807118273        28.7647316289753        5.00125779341397        0.00912989143642484     0.0113896026026545      0.200201526088552       -0.170019903540511      
-0.990862908447696      99.2569972394467        0.00264533675615364     5.00148509145279        744.648587873195        28.7643411163737        5.00148509145281        0.0113896026026545      0.00629998455122342     0.0754716940409539      -0.276300788678298      
-0.980884979780744      99.254628411306         0.00275840287497022     5.00161081435064        744.649534254513        28.7643593948119        5.00161081435066        0.00629998455122342     -0.00197149340551442    -0.170019903540511      -0.153731403566421      
-0.970905310573906      99.2557608688765        0.00348755054405428     5.00157146485581        744.652171926487        28.7644103388291        5.00157146485583        -0.00197149340551442    -0.00657407542217614    -0.276300788678298      0.159817251635424       
-0.960924113084791      99.25811822788          0.00458978113990154     5.00144024423915        744.65032060855         28.7643745824694        5.00144024423916        -0.00657407542217614    -0.00178908990986734    -0.153731403566421      0.408065128665008       
-0.950945547144865      99.2594230347175        0.00540843754680348     5.00140453414178        744.6547926332          28.7644609550899        5.00140453414178        -0.00178908990986734    0.0104291486274723      0.159817251635424       0.258324538604227       
-0.940964029915775      99.2579088007191        0.00542837053186052     5.00161272082516        744.67442895027         28.7648402075688        5.00161272082516        0.0104291486274723      0.0181644022582673      0.408065128665008       -0.156908289993776      
-0.930981626770175      99.2546530346329        0.00496747232735217     5.00197535304658        744.703992231635        28.7654111783123        5.0019753530466         0.0181644022582673      0.0134657087952869      0.258324538604227       -0.485744077164104      
-0.921000160068978      99.252574173927         0.00488761824817573     5.00224417593972        744.728416662827        28.7658828912699        5.0022441759397         0.0134657087952869      -0.00108044059722902    -0.156908289993776      -0.473334063437119      
-0.911018464599449      99.2536806284245        0.00586687905653794     5.00222260582595        744.733507426402        28.7659812090293        5.00222260582595        -0.00108044059722902    -0.0152550871969621     -0.485744077164104      -0.0627064469194619     
-0.901034956333716      99.2581635210967        0.00788643227990466     5.00191804092072        744.721798237249        28.765755069319         5.00191804092071        -0.0152550871969621     -0.0171328442329547     -0.473334063437119      0.49465821051999        
-0.891054049931802      99.2631405790703        0.0101115904769035      5.00157602485234        744.708216107739        28.7654927552622        5.00157602485235        -0.0171328442329547     -0.0023213240431776     -0.0627064469194619     0.728530491694159       
-0.881074176596083      99.2647913824349        0.0114034557890329      5.00152968952806        744.713701836086        28.7655987023869        5.00152968952805        -0.0023213240431776     0.0194919117915813      0.49465821051999        0.310609008817887       
-0.871093368090502      99.2613492716142        0.011274498956437       5.00191876812384        744.745808806474        28.7662187838149        5.00191876812383        0.0194919117915813      0.028792279500839       0.728530491694159       -0.611047319280393      
-0.861112802567042      99.2557417039625        0.0105780294025502      5.00249352024442        744.789307081689        28.7670588440183        5.00249352024444        0.028792279500839       0.0104953246807233      0.310609008817887       -1.09644924226072       
-0.851130697856775      99.2544300567716        0.011214713144506       5.00270303746878        744.810658090866        28.7674711762911        5.00270303746878        0.0104953246807233      -0.0223362591491086     -0.611047319280393      -0.764866632073309      
-0.841149652359624      99.2607016267568        0.0141950096223167      5.00225715624109        744.791332568933        28.7670979606319        5.00225715624111        -0.0223362591491086     -0.0452398586302921     -1.09644924226072       0.215055767474042       
-0.831169416251796      99.2725588037126        0.0188396495308943      5.00135403334707        744.745818560448        28.7662189721912        5.00135403334708        -0.0452398586302921     -0.038800119304375      -0.764866632073309      1.07358608719287        
-0.821184951816752      99.283028023922         0.0231255259566956      5.00057943288625        744.70900195664         28.7655079325655        5.00057943288623        -0.038800119304375      -0.00665077435553534    0.215055767474042       1.20903569247542        
-0.811206380759658      99.2860025451521        0.0252872332623944      5.00044666079215        744.71153983546         28.7655569472215        5.00044666079214        -0.00665077435553534    0.029556749343336       1.07358608719287        0.216314349380009       
-0.80122117969539       99.2804818452421        0.0250700556311431      5.00103678854769        744.758013139195        28.7664544824001        5.00103678854771        0.029556749343336       0.0360350875515393      1.20903569247542        -1.2541462781561        
-0.791238308636831      99.2736391363655        0.024534455930341       5.00175629521123        744.813824248267        28.7675323208545        5.00175629521126        0.0360350875515393      -0.00152500160123913    0.216314349380009       -1.91574995822274       
-0.781255580919537      99.2767806464698        0.0267151969349601      5.00172584901995        744.832859950397        28.7678999339811        5.00172584901995        -0.00152500160123913    -0.0588897012179205     -1.2541462781561        -1.23302783395242       
-0.771274518119764      99.2960892191291        0.0329766888800208      5.00055035577647        744.802641407892        28.7673163582079        5.00055035577648        -0.0588897012179205     -0.0958071489118388     -1.91574995822274       0.465889370103919       
-0.761297510087024      99.3271501417205        0.0419091684566839      4.99863818048248        744.750727585379        28.7663137789359        4.99863818048246        -0.0958071489118388     -0.0818560558389039     -1.23302783395242       2.01656751609236        
-0.751315415427225      99.3503630434865        0.0500096661111086      4.99700383906565        744.681218311302        28.7649713349665        4.99700383906564        -0.0818560558389039     -0.0214412328936042     0.465889370103919       2.34998649914928        
-0.741324529561886      99.3531355633755        0.0540807533252304      4.99657544998513        744.638157052509        28.764139654409         4.99657544998511        -0.0214412328936042     0.0489979473162503      2.01656751609236        0.395651731230094       
-0.73132902583089       99.3397308146778        0.0534418153950342      4.99755481121425        744.683624516432        28.7650178074463        4.99755481121426        0.0489979473162503      0.0608596425590036      2.34998649914928        -2.33548474567733       
-0.721335316799709      99.3253135821905        0.0521435633445661      4.99877120970112        744.756776893784        28.7664306072544        4.9987712097011         0.0608596425590036      -0.00914982886870706    0.395651731230094       -3.83176199211801       
-0.711344343391078      99.3288545962133        0.0558328183177245      4.99858837952684        744.756087504514        28.7664172933284        4.99858837952684        -0.00914982886870706    -0.123993788552228      -2.33548474567733       -1.74888032851293       
-0.701356372183507      99.3597614293739        0.067605394610158       4.99611107806356        744.618607186571        28.7637620624472        4.99611107806354        -0.123993788552228      -0.176409622528997      -3.83176199211801       2.0765850218141         
-0.69136481118002       99.4013578021051        0.0831834788254426      4.99258613001753        744.404760401549        28.7596314379403        4.99258613001753        -0.176409622528997      -0.114167696507552      -1.74888032851293       3.50801193398931        
-0.681372687020372      99.4264229147375        0.0946681435634327      4.99030466587054        744.252213273349        28.7566845035559        4.99030466587057        -0.114167696507552      -0.00901941095977844    2.0765850218141         2.91356845591428        
-0.67138160173556       99.4271619521633        0.0991077348472454      4.99012444080283        744.230866405727        28.7562720966271        4.99012444080279        -0.00901941095977844    0.0783065505384954      3.50801193398931        0.787328413470653       
-0.661392074306805      99.4083815351177        0.0977531764992122      4.99168904974408        744.323594342443        28.7580634941932        4.99168904974407        0.0783065505384954      0.101903043914112       2.91356845591428        -3.51388333389166       
-0.651401089089295      99.3849506243245        0.0950296339300645      4.99372507510098        744.451680030542        28.7605377795213        4.99372507510094        0.101903043914112       -0.00340834161376546    0.787328413470653       -5.94504492721038       
-0.641412537112367      99.386912308592         0.099845628824371       4.9936569770162         744.456222110847        28.7606255168966        4.99365697701619        -0.00340834161376546    -0.181611012655216      -3.51388333389166       -3.48657047910017       
-0.631420967034056      99.4315543835121        0.117248141162996       4.99002744045027        744.249277230523        28.756627781561         4.99002744045031        -0.181611012655216      -0.28616274488271       -5.94504492721038       2.73388247533651        
-0.62142221340201       99.5011295327931        0.14217795871966        4.98430506616078        743.91597602853         28.750187941966         4.98430506616081        -0.28616274488271       -0.204142658539194      -3.48657047910017       7.82323373756021        
-0.611417445341247      99.5514199043853        0.161722136425499       4.98022095559916        743.682101351207        28.74566829882          4.98022095559919        -0.204142658539194      0.0306278400102482      2.73388247533651        10.7928326736756        
-0.601413416348191      99.5450518500483        0.165269398742698       4.98083374616671        743.726030277953        28.746517282349         4.98083374616669        0.0306278400102482      0.354476380408251       7.82323373756021        8.85455412586885        
-0.591410977375091      99.461066372368         0.146675655346017       4.98792380215165        744.156330519179        28.7548320677331        4.98792380215164        0.354476380408251       0.619990241304414       10.7928326736756        10.5377945274282        
-0.581416903146516      99.314055112574         0.110096128949094       5.00031300616111        744.902042211008        28.7692359264199        5.00031300616111        0.619990241304414       0.935519642151065       8.85455412586885        11.4616938655312        
-0.571441687297675      99.0931204610638        0.052350040762364       5.01897136972847        746.0183017967          28.790783668017         5.01897136972843        0.935519642151065       1.27790653830244        10.5377945274282        12.1598892000539        
-0.561497423973879      98.7936653202566        -0.0281241402966457     5.04438590487846        747.530059249173        28.8199402275803        5.04438590487849        1.27790653830244        1.64002722768002        11.4616938655312        12.2792681990291        
-0.551585902179365      98.4134698760948        -0.132169289053688      5.07689156223555        749.451772236402        28.8569608824938        5.07689156223553        1.64002722768002        2.00432025829945        12.1598892000539        1.56993524924863        
-0.541712821654203      97.9552946751883        -0.259353005498072      5.11645570496387        751.775889408427        28.9016702594701        5.11645570496387        2.00432025829945        2.05069842557072        12.2792681990291        -9.62870633706219       
-0.53189164121408       97.4943027457746        -0.387863103296485      5.15675018825975        754.130646057789        28.946898626005         5.1567501882597         2.05069842557072        1.76747581754307        1.56993524924863        -8.66916997373504       
-0.522108780349987      97.1037321110088        -0.496350653903402      5.19133486180789        756.146984579301        28.9855708275553        5.19133486180788        1.76747581754307        1.5134726530352         -9.62870633706219       -10.7440731516786       
-0.512361145904099      96.7741894212902        -0.586863857031943      5.22084390656188        757.864405728912        29.0184693242255        5.22084390656188        1.5134726530352         1.19971343024082        -8.66916997373504       -9.58973565376645       
-0.502644128050499      96.5166334451065        -0.656015104709145      5.24416364519461        759.223530404102        29.0444779682645        5.24416364519463        1.19971343024082        0.920430297509535       -10.7440731516786       -12.6373868140624       
-0.492950283359895      96.3213897078653        -0.706615056634273      5.26201152995477        760.266394836081        29.0644187746247        5.26201152995481        0.920430297509535       0.553160301895933       -9.58973565376645       -8.24937052462721       
-0.483273379844887      96.2065112059541        -0.733243346321654      5.27271891428116        760.904836968955        29.0766197976036        5.27271891428113        0.553160301895933       0.31377961396995        -12.6373868140624       -7.47827117610998       
-0.473607536437139      96.144531716027         -0.744280462084633      5.27878511544254        761.289484430635        29.0839681770375        5.2787851154425         0.31377961396995        0.0970099339407796      -8.24937052462721       -2.30240029883556       
-0.463950764893982      96.1308860099076        -0.741118573054962      5.28065888461424        761.451625941086        29.0870652035705        5.2806588846142         0.0970099339407796      0.0303116882712274      -7.47827117610998       -0.738884959636608      
-0.454299691690088      96.1316548221353        -0.733559894553539      5.28124413352146        761.542107112667        29.0887933196249        5.28124413352149        0.0303116882712274      0.00890705836354958     -2.30240029883556       -0.195938277893992      
-0.444643214678298      96.1298926434828        -0.724381652993981      5.28141617249627        761.55295450143         29.0890004889483        5.28141617249631        0.00890705836354958     0.00322860896650539     -0.738884959636608      -0.0256002795190278     
-0.434977434441836      96.1248743638494        -0.714586518127301      5.2814785719245         761.522196272408        29.0884130477414        5.28147857192447        0.00322860896650539     0.00248635767723277     -0.195938277893992      0.00422103120684759     
-0.425311408331212      96.1218653280571        -0.704485876702614      5.28152664004538        761.505288631482        29.0880901292662        5.28152664004538        0.00248635767723277     0.00260876376788525     -0.0256002795190278     0.0497707761362814      
-0.415643749214281      96.1210816723447        -0.694227171952927      5.28157707577927        761.506352189644        29.088110442234         5.28157707577925        0.00260876376788525     0.00405210740624909     0.00422103120684759     0.0190155886215277      
-0.405978707211184      96.121105496397         -0.683797892120915      5.28165541508736        761.517836023842        29.0883297718412        5.28165541508736        0.00405210740624909     0.00460352621678488     0.0497707761362814      0.0200742719855936      
-0.396310491979385      96.1214001984878        -0.673207008809023      5.28174440999755        761.533002269251        29.0886194292402        5.28174440999756        0.00460352621678488     0.00518554079777219     0.0190155886215277      -0.0142116663432554     
-0.386648163694846      96.1215360811813        -0.662421407802247      5.28184462799822        761.548528477986        29.0889159585263        5.28184462799826        0.00518554079777219     0.00477357945178357     0.0200742719855936      -0.00384783247077801    
-0.376988171848625      96.121495779596         -0.651452141120161      5.28193686441431        761.561508031339        29.0891638478688        5.28193686441429        0.00477357945178357     0.00466205763815097     -0.0142116663432554     -0.0386566873941138     
-0.367325933353879      96.1213737592556        -0.640234809043183      5.2820269440489         761.573529143075        29.0893934305783        5.28202694404888        0.00466205763815097     0.00354166359762467     -0.00384783247077801    0.00614364901359256     
-0.357666678071001      96.1217077138783        -0.628781752948756      5.28209537633109        761.586041820787        29.0896323994341        5.28209537633107        0.00354166359762467     0.00371973127035149     -0.0386566873941138     -0.0420251012431603     
-0.348003281352157      96.1222717007393        -0.617023458404004      5.28216725373051        761.600873897749        29.0899156619561        5.28216725373056        0.00371973127035149     0.00250169828307479     0.00614364901359256     -0.04455488273509       
-0.338342775111609      96.1233851148488        -0.605024688514925      5.28221559188871        761.616665398166        29.0902172444844        5.28221559188872        0.00250169828307479     0.00121038497621687     -0.0420251012431603     -0.0608491893770478     
-0.328682909346024      96.1251175251279        -0.592741842592171      5.28223897722888        761.633763722906        29.0905437809247        5.2822389772289         0.00121038497621687     -0.000553163059206352   -0.04455488273509       -0.0414278613708904     
-0.319021986425831      96.127628361352         -0.580142638581171      5.28222828896222        761.652116821771        29.0908942764221        5.28222828896218        -0.000553163059206352   -0.00175392461823763    -0.0608491893770478     -0.0461021617520361     
-0.309359516903283      96.1307939992095        -0.567201148363857      5.28219439611911        761.672312035657        29.0912799465494        5.28219439611912        -0.00175392461823763    -0.00309026565698446    -0.0414278613708904     -0.0562925084863715     
-0.299697374606955      96.1353192739013        -0.553915651348922      5.28213467729291        761.699555473949        29.09180020926          5.28213467729293        -0.00309026565698446    -0.00472203937203241    -0.0461021617520361     -0.0450252979739533     
-0.290034489620981      96.141949348173         -0.540292745179946      5.28204342341644        761.738926903431        29.0925520614513        5.28204342341642        -0.00472203937203241    -0.00602721916642018    -0.0562925084863715     -0.0458045313392785     
-0.280372204664297      96.1517547935298        -0.52631038647306       5.28192694628754        761.799816865166        29.0937148016766        5.28192694628758        -0.00602721916642018    -0.00735505692340223    -0.0450252979739533     -0.0403627364778146     
-0.270709288431351      96.1663972583766        -0.511968547594169      5.28178479776738        761.895322643029        29.0955384636933        5.28178479776738        -0.00735505692340223    -0.0085253005763154     -0.0458045313392785     -0.038050826940309      
-0.261044130513666      96.1883410664565        -0.497254978020892      5.2816199988587         762.045398750457        29.0984039033541        5.28161999885868        -0.0085253005763154     -0.00962876603696988    -0.0403627364778146     -0.0119898983615415     
-0.251376225131941      96.2212320452853        -0.482195880529923      5.28143381955175        762.27910362436         29.1028655256633        5.28143381955172        -0.00962876603696988    -0.00997657823510769    -0.038050826940309      -0.0311219392866243     
-0.241705715818072      96.2698089845215        -0.466759835292037      5.28124085020238        762.636071775352        29.109679027494         5.28124085020237        -0.00997657823510769    -0.0108798275244443     -0.0119898983615415     -0.0124600363160514     
-0.232030164087006      96.3411822597608        -0.450964865082875      5.28103028523938        763.171051844345        29.119887283137         5.28103028523934        -0.0108798275244443     -0.0112417440049424     -0.0311219392866243     -0.00540641903661082    
-0.222344368577071      96.4443508288392        -0.434787620132493      5.28081249723173        763.956799716503        29.1348740957275        5.28081249723172        -0.0112417440049424     -0.0113989669129614     -0.0124600363160514     0.0168954199941847      
-0.212645208704344      96.591448615115         -0.418233530919402      5.28059135600739        765.089952931812        29.1564735127898        5.28059135600738        -0.0113989669129614     -0.0109068401229602     -0.00540641903661082    -0.0351413369591834     
-0.202929101794314      96.7975265932465        -0.401281395279545      5.28037937781178        766.69149486925         29.1869737852969        5.28037937781182        -0.0109068401229602     -0.0119326307605999     0.0168954199941847      0.0158439000628711      
-0.193189786420492      97.0820023180398        -0.384003604847224      5.28014689682729        768.910849916066        29.2291872756604        5.28014689682731        -0.0119326307605999     -0.0114688283270356     -0.0351413369591834     0.0065212363791159      
-0.183418936493821      97.4659486519146        -0.366348518400224      5.27992273240767        771.919016884384        29.2863073216513        5.27992273240769        -0.0114688283270356     -0.0112772158749393     0.0158439000628711      0.00436790486500538     
-0.173608875765912      97.973159958007         -0.348314466367828      5.27970138593886        775.903542622649        29.3617957107276        5.27970138593887        -0.0112772158749393     -0.0111482292667851     0.0065212363791159      0.0222024445588995      
-0.163744330312313      98.6283922096564        -0.32991714050287       5.27948131890119        781.060131276211        29.4592021328973        5.27948131890115        -0.0111482292667851     -0.0104881218450534     0.00436790486500538     0.0250903881370844      
-0.153803303983724      99.4492094086879        -0.311096262378591      5.27927266829338        787.529239672006        29.5809480666941        5.27927266829341        -0.0104881218450534     -0.00973559915413036    0.0222024445588995      0.0218717543997348      
-0.143761918921884      100.445180149222        -0.291826612755034      5.27907708319053        795.38677296405         29.7281530047053        5.27907708319055        -0.00973559915413036    -0.00907266666246939    0.0250903881370844      0.0327635693624624      
-0.133606348955186      101.629246715102        -0.272106783361704      5.27889273770217        804.734838633742        29.902338047453         5.27889273770221        -0.00907266666246939    -0.00806767817328308    0.0218717543997348      0.0215896221183871      
-0.123321320472464      103.003223894895        -0.25193741842224       5.27872674131324        815.588808623182        30.1033185439594        5.27872674131325        -0.00806767817328308    -0.00739665163307597    0.0327635693624624      0.00696507536368448     
-0.112895977970572      104.549139824118        -0.231269252570317      5.27857244214973        827.805312489075        30.3279356459258        5.27857244214976        -0.00739665163307597    -0.00717702379648175    0.0215896221183871      0.0280981354105783      
-0.102310336674754      106.234430389374        -0.210107702551287      5.27842045041327        841.124984857919        30.5709554399073        5.27842045041328        -0.00717702379648175    -0.00627717902497138    0.00696507536368448     0.0295165836774786      
-0.0915518739814543     108.011467575134        -0.18841540898987       5.27828536816494        855.173023343775        30.8251885340504        5.27828536816495        -0.00627717902497138    -0.00531660320226797    0.0280981354105783      0.0277564031616081      
-0.0806152831720206     109.820345623547        -0.166222847282082      5.27816908583541        869.475529898952        31.0818905813328        5.27816908583537        -0.00531660320226797    -0.00439871201608683    0.0295165836774786      0.0190205533054233      
-0.0695038362071174     111.592439890283        -0.143540679969882      5.27807133764597        883.489287724327        31.3313702882294        5.27807133764597        -0.00439871201608683    -0.00375992139234978    0.0277564031616081      0.0329161223285356      
-0.0582193159524376     113.251342037847        -0.120409714852746      5.27798651302818        896.608583787143        31.5631392571064        5.2779865130282         -0.00375992139234978    -0.00263860117530508    0.0190205533054233      0.00673338777170677     
-0.046779382588962      114.714675859897        -0.096845264991306      5.27792617348583        908.183385305843        31.7662186975382        5.27792617348584        -0.00263860117530508    -0.0024063744467251     0.0329161223285356      0.0209812939434869      
-0.0352077614710414     115.876540537545        -0.0729608967807944     5.27787052219656        917.372066275832        31.9265139948294        5.27787052219658        -0.0024063744467251     -0.00167549539107607    0.00673338777170677     0.0190247417941141      
-0.0235377121547498     116.64595642676         -0.0487832636964872     5.27783143453623        923.456543311044        32.0322154385419        5.27783143453626        -0.00167549539107607    -0.00100805400688167    0.0209812939434869      0.0235735556466602      
-0.0117913980745425     117.002215709915        -0.0244084472109007     5.27780778359952        926.272807158267        32.0810225515589        5.27780778359949        -0.00100805400688167    -0.000177717188027415   0.0190247417941141      0.0102132703147743      
-3.01278217606527e-05   117.078274700587        -3.30353501965768e-06   5.27780360457086        926.874210347546        32.0914355197691        5.27780360457088        -0.000177717188027415   0.000182478486457439    0.0235735556466602      0.0259489821288864      
0.0117311181320875      117.003543087624        0.0244037687636659      5.27780789530178        926.283335229216        32.081204868431         5.27780789530176        0.000182478486457439    0.00109645324168        0.0102132703147743      0.0172720326726939      
0.0234746078631747      116.646926410742        0.0487616025562858      5.27783361889587        923.464604627233        32.0323552508889        5.27783361889587        0.00109645324168        0.00170240668493009     0.0259489821288864      0.0202462967518151      
0.0351478436330018      115.877469295453        0.0729421619759224      5.27787333699392        917.379908329206        31.9266504546699        5.27787333699395        0.00170240668493009     0.00240769819646506     0.0172720326726939      0.0105603725353296      
0.0467189985759344      114.715083313885        0.0968129221419871      5.27792902035579        908.187100942329        31.7662836797887        5.27792902035575        0.00240769819646506     0.00277190313952968     0.0202462967518151      0.0298901128769773      
0.0581578895267128      113.251411192257        0.120338807561904       5.27799240184043        896.610131655658        31.5631665017532        5.27799240184041        0.00277190313952968     0.0037900646978437      0.0105603725353296      0.016930475484474       
0.0694403375580942      111.592466672637        0.143442068181051       5.27807789988972        883.490598208539        31.3313935252122        5.27807789988967        0.0037900646978437      0.00435861555975154     0.0298901128769773      0.0289722692628802      
0.0805534844655124      109.820331916539        0.166124168192237       5.2781747519729         869.476354762744        31.0819053248875        5.27817475197288        0.00435861555975154     0.00531662135791196     0.016930475484474       0.0316759866863881      
0.0914864153823422      108.011384411907        0.188301064603557       5.27829101852986        855.173280360517        30.8251931662059        5.27829101852986        0.00531662135791196     0.00634736382679301     0.0289722692628802      0.0228757415418217      
0.102244415225368       106.234279001108        0.209983304374755       5.27842759568502        841.124924830721        30.5709543490535        5.278427595685          0.00634736382679301     0.0070798907446285      0.0316759866863881      0.0114849087346621      
0.112829776927576       104.549064219128        0.231147630638651       5.27857752321237        827.805510689966        30.3279392766246        5.27857752321238        0.0070798907446285      0.00744201783774037     0.0228757415418217      0.0227572593157502      
0.123254116116851       103.003175110919        0.25180941132815        5.27873275632869        815.5893516958          30.1033285663415        5.27873275632861        0.00744201783774037     0.00814927637721133     0.0114849087346621      0.0295606596009944      
0.133538093815355       101.629206391565        0.271975362870377       5.27890041563056        804.735689790954        29.9023538610992        5.27890041563062        0.00814927637721133     0.00905594181278905     0.0227572593157502      0.0183973237593818      
0.143692839591705       100.445182372953        0.291705742185413       5.27908440696536        795.38789402977         29.7281739550169        5.2790844069654         0.00905594181278905     0.009613541346545       0.0295606596009944      0.0171744900976795      
0.153733760132192       99.4491622134277        0.310983364245119       5.27927753694572        787.529592212129        29.580954687699         5.27927753694577        0.009613541346545       0.0101286489286044      0.0183973237593818      0.0247983857467719      
0.163675911453545       98.6284011321035        0.32981530162777        5.27947904403721        781.059865385754        29.459197118609         5.27947904403714        0.0101286489286044      0.0108659675083854      0.0171744900976795      0.0166667270423218      
0.173540218501386       97.9732538005092        0.348221234374889       5.27969354896353        775.903134092272        29.3617879809091        5.27969354896349        0.0108659675083854      0.0113581733200685      0.0247983857467719      -0.00219026654484523    
0.183351427642072       97.4660501249094        0.366261160367592       5.27991649868998        771.918909174981        29.2863052784248        5.27991649868996        0.0113581733200685      0.011293815353655       0.0166667270423218      0.0152458693458256      
0.193122727382228       97.0821088060622        0.383927003482323       5.28013724607913        768.910287952194        29.2291765944805        5.28013724607909        0.011293815353655       0.0117401037147236      -0.00219026654484523    -0.0125460907483805     
0.202860648563818       96.7977001024371        0.401203847041972       5.28036596073367        766.690921047322        29.186962862958         5.28036596073363        0.0117401037147236      0.01137390084161        0.0152458693458256      0.0104553351185622      
0.212576476482202       96.5915397563121        0.41812681756541        5.2805870010478         765.09004387256         29.1564752456001        5.28058700104775        0.01137390084161        0.0116784209485604      -0.0125460907483805     -0.03303921372165       
0.22227488630475        96.4444339817251        0.434663481089439       5.28081354998493        763.957610686981        29.1348895596362        5.28081354998502        0.0116784209485604      0.0107176321981434      0.0104553351185622      -0.00138991904018056    
0.23196011017707        96.3413253809725        0.450879731650363       5.28102118412948        763.170870366041        29.1198838208542        5.28102118412946        0.0107176321981434      0.0106772586091539      -0.03303921372165       -0.0146869238126664     
0.241637524287335       96.2699907967494        0.466709000655664       5.28122784911622        762.635634644933        29.1096706848988        5.28122784911622        0.0106772586091539      0.0102509766083195      -0.00138991904018056    -0.0129963176820881     
0.251308717154179       96.2213526432638        0.482155918621452       5.28142613657583        762.278950120219        29.1028625953649        5.28142613657591        0.0102509766083195      0.0098739559370479      -0.0146869238126664     -0.0435932577186625     
0.2609754673362         96.1884007824092        0.497216630112376       5.28161705448831        762.045447024494        29.0984048250166        5.28161705448834        0.0098739559370479      0.00860975130531545     -0.0129963176820881     -0.0449547214581733     
0.270641781682749       96.1664324542198        0.511934309979629       5.28178348986712        761.89541282418         29.0955401856287        5.28178348986717        0.00860975130531545     0.00730632625064419     -0.0435932577186625     -0.0372326177841922     
0.280304467002602       96.1517923223979        0.526286092858074       5.28192470392967        761.799790792184        29.0937143038031        5.28192470392962        0.00730632625064419     0.00622690571388522     -0.0449547214581733     -0.0378730356930588     
0.289968067204679       96.1419513025883        0.540267956317589       5.2820450498487         761.739176940947        29.0925568362033        5.28204504984864        0.00622690571388522     0.0051290259208729      -0.0372326177841922     -0.0625226478346144     
0.299631703645827       96.1352063782976        0.55388298607482        5.28214416974094        761.70002981695         29.0918092676148        5.2821441697409         0.0051290259208729      0.00331674557324886     -0.0378730356930588     -0.0580160390503759     
0.309291402342966       96.1306835917753        0.567178529970451       5.28220825710531        761.67343594448         29.0913014098044        5.28220825710525        0.00331674557324886     0.00163519519458703     -0.0625226478346144     -0.0483827274003086     
0.318953095957004       96.1275333408149        0.580124485624094       5.28223985327099        761.653031414232        29.0909117426012        5.28223985327097        0.00163519519458703     0.000232880428735594    -0.0580160390503759     -0.0464922373557858     
0.32861514037946        96.1250954412161        0.592729756885414       5.28224435324119        761.634363898702        29.0905552427569        5.28224435324113        0.000232880428735594    -0.00111465466801106    -0.0483827274003086     -0.02944587260666       
0.338275543759651       96.1233221615556        0.60502602457449        5.28222281563951        761.617208155253        29.0902276098817        5.2822228156396         -0.00111465466801106    -0.00196813626435821    -0.0464922373557858     -0.0576861755746433     
0.347937130450397       96.1220949214689        0.617037156311281       5.28218478428446        761.602000841594        29.0899371841802        5.28218478428438        -0.00196813626435821    -0.00364014530001426    -0.02944587260666       0.00587022531229354     
0.357600629000427       96.1215249728898        0.628812115837568       5.2821144436612         761.587343109063        29.0896572515056        5.28211444366117        -0.00364014530001426    -0.00347000059566092    -0.0576861755746433     -0.0376101396451095     
0.367259196583761       96.1211888205088        0.640248696902231       5.2820473969549         761.575012802368        29.089421765812         5.2820473969548         -0.00347000059566092    -0.00456006367953951    0.00587022531229354     -0.0142133862479516     
0.376922191023715       96.1213017754144        0.65146120678068        5.28195928653586        761.56320381985         29.0891962346437        5.28195928653592        -0.00456006367953951    -0.00497201229800685    -0.0376101396451095     -0.0101770484164717     
0.386582015463172       96.121360483618         0.662452616102604       5.28186321551016        761.549817244821        29.0889405720689        5.28186321551017        -0.00497201229800685    -0.00526701989979026    -0.0142133862479516     0.0303542612782398      
0.396244097855821       96.1212662406501        0.673236933529528       5.28176142439407        761.534394140667        29.088646012198         5.281761424394          -0.00526701989979026    -0.00438696349590876    -0.0101770484164717     0.0104272716143051      
0.405912370484481       96.1209011455044        0.68381763131917        5.28167661608964        761.519273846511        29.088357232682         5.28167661608964        -0.00438696349590876    -0.00408459701736685    0.0303542612782398      0.0477596712491533      
0.415577526763551       96.1209422506753        0.694255350174246       5.28159765068871        761.508214159728        29.0881460040899        5.28159765068872        -0.00408459701736685    -0.00269958424857331    0.0104272716143051      0.0268442371340457      
0.425243906851327       96.1217285332539        0.704518091972365       5.28154545985583        761.506918392453        29.0881212561732        5.28154545985592        -0.00269958424857331    -0.00192110152344557    0.0477596712491533      -0.0362594885978988     
0.434911820385385       96.1246353814728        0.71461896363471        5.28150831684459        761.524591831353        29.0884588001525        5.28150831684459        -0.00192110152344557    -0.00297249029075672    0.0268442371340457      -0.229136296844413      
0.444578065555969       96.12959566735          0.7244274252214         5.28145086130813        761.555603751791        29.0890510855467        5.28145086130819        -0.00297249029075672    -0.00961351600254827    -0.0362594885978988     -0.734256554221009      
0.454235844399134       96.1315079104105        0.733612900578135       5.28126516872095        761.54397651581         29.0888290226069        5.28126516872088        -0.00961351600254827    -0.0308842595289832     -0.229136296844413      -2.26658971386989       
0.463885607196831       96.1308591513255        0.741158663265793       5.28066888394182        761.452855060498        29.0870886794295        5.28066888394182        -0.0308842595289832     -0.0965443374653867     -0.734256554221009      -6.28221842208583       
0.473542456903523       96.1444330078722        0.744233162666736       5.27880414028753        761.29144654133         29.0840056568197        5.27880414028759        -0.0965443374653867     -0.278644386845059      -2.26658971386989       -12.0318039443991       
0.483208782895275       96.1989744146507        0.735497869255983       5.27341703108007        760.945965075983        29.0774056055745        5.27341703107999        -0.278644386845059      -0.627794233517282      -6.28221842208583       -9.04623014880304       
0.492885835867077       96.329743060665         0.704133517811431       5.26126461529004        760.224402847587        29.0636161022981        5.26126461529011        -0.627794233517282      -0.890704537339573      -12.0318039443991       -10.7479219888138       
0.502580050040496       96.5186547477422        0.655541927711604       5.24399271489037        759.214683522268        29.0443087468147        5.2439927148904         -0.890704537339573      -1.20372287336971       -9.04623014880304       -9.40729084122413       
0.512297127192489       96.7771134639332        0.585881953818586       5.22059477270861        757.851139001456        29.0182153330064        5.22059477270856        -1.20372287336971       -1.47844023246938       -10.7479219888138       -12.5355306557634       
0.522044720449255       97.0989513533905        0.497786065819656       5.19176968981451        756.17308882396         28.9860711534956        5.19176968981446        -1.47844023246938       -1.84573362882718       -9.40729084122413       -6.15057186351841       
0.531826367069779       97.5069581858021        0.384137804213861       5.15565264712246        754.068010625234        28.9456964873735        5.15565264712246        -1.84573362882718       -2.0266619143745        -12.5355306557634       0.910051154572334       
0.541651184801344       97.9627411012573        0.257203959962915       5.11582493410352        751.74035030841         28.9009871094091        5.11582493410356        -2.0266619143745        -1.99977512189361       -6.15057186351841       12.135637203587         
0.551523659043719       98.4200000398311        0.130307240858784       5.07634730776709        749.42115334895         28.856371400225         5.07634730776713        -1.99977512189361       -1.63970656018033       0.910051154572334       12.1643729139183        
0.561435958489907       98.8002489648224        0.0262538752308122      5.04384553528248        747.499791939026        28.8193567654918        5.04384553528247        -1.63970656018033       -1.27742349198151       12.135637203587         11.5320021336588        
0.571382286526997       99.0996737692491        -0.0542030671741467     5.01843768616278        745.988306295054        28.7902048600456        5.01843768616272        -1.27742349198151       -0.932914891131168      12.1643729139183        10.5651946518509        
0.581357167966314       99.3200692234699        -0.111766300039144      4.99983086441563        744.875321339103        28.7687199216847        4.99983086441568        -0.932914891131168      -0.616565435950828      11.5320021336588        8.75934909189368        
0.591350721698621       99.4662553222895        -0.148110217187595      4.98751065342298        744.133512114013        28.7543912030843        4.98751065342295        -0.616565435950828      -0.353912815758891      10.5651946518509        10.735845037274         
0.601352734259459       99.5501473949634        -0.166664567513159      4.9804319772652         743.70410614101         28.7460935730793        4.98043197726525        -0.353912815758891      -0.0317719895334321     8.75934909189368        8.37280859356712        
0.611357527981429       99.5567386201624        -0.163193608211773      4.97979627327176        743.658413939663        28.74521049844          4.9797962732717         -0.0317719895334321     0.219496538827956       10.735845037274         2.42653493101965        
0.621362559159719       99.5027980134961        -0.142582140304749      4.98418766625698        743.91092792539         28.7500903945514        4.98418766625691        0.219496538827956       0.292297766145027       8.37280859356712        -3.9693560932912        
0.631361026376968       99.4317670337735        -0.117230331119393      4.99003280958491        744.251669720299        28.756674002555         4.99003280958489        0.292297766145027       0.173265552323125       2.42653493101965        -5.81478226444062       
0.64135350482079        99.3891064877758        -0.100403543060329      4.99349570184624        744.44861408557         28.7604785558541        4.99349570184623        0.173265552323125       -0.00103392599417395    -3.9693560932912        -3.13169013228273       
0.651342160738774       99.388212742287         -0.0958864721756304     4.99347504424837        744.438840031588        28.7602897534389        4.99347504424837        -0.00103392599417395    -0.0948899449757585     -5.81478226444062       0.67748462879545        
0.661331899429852       99.4099852216352        -0.0981181481423051     4.99157921921614        744.319224622347        28.7579790787096        4.99157921921623        -0.0948899449757585     -0.0745861162868173     -3.13169013228273       2.9556604830544         
0.671322162830752       99.4278841435734        -0.0992159396203253     4.99008897119854        744.230982141677        28.7562743325827        4.9900889711986         -0.0745861162868173     0.0139995166684557      0.67748462879545        3.33978969088041        
0.681312364293955       99.425949385691         -0.0944403978256698     4.99036870278584        744.258219088682        28.7568005307476        4.99036870278577        0.0139995166684557      0.11410257227604        2.9556604830544         1.97156530660925        
0.691304732947541       99.4009175002729        -0.082967343898325      4.99264877222357        744.410803073451        28.7597481652058        4.99264877222351        0.11410257227604        0.173193751802457       3.33978969088041        -1.70306705698854       
0.701295053369236       99.3601029042643        -0.067612891822305      4.99610925662253        744.620894788442        28.7638062461305        4.99610925662253        0.173193751802457       0.12215171799925        1.97156530660925        -3.76017627808848       
0.711282889607156       99.3296290933502        -0.0559645286679408     4.99854976361934        744.756141037444        28.7664183271908        4.99854976361927        0.12215171799925        0.0094475063004674      -1.70306705698854       -2.37726616643745       
0.721275515985947       99.3260964265481        -0.0522546546787781     4.99873856297098        744.75778277514         28.7664500334666        4.99873856297105        0.0094475063004674      -0.0618195715584899     -3.76017627808848       0.374784546171836       
0.731270508679037       99.3406775326503        -0.0536199745935755     4.99750289145712        744.682984813094        28.7650054524802        4.99750289145713        -0.0618195715584899     -0.0505833711978933     -2.37726616643745       2.45595709054627        
0.741264605997449       99.3544598728721        -0.0543618407267054     4.9964919010165         744.635631127012        28.7640908682068        4.99649190101643        -0.0505833711978933     0.0230289829459722      0.374784546171836       2.05457714370805        
0.751254651639137       99.3513033190113        -0.0501703725360226     4.99695198406821        744.680538359544        28.7649582026377        4.99695198406822        0.0230289829459722      0.0845817868634616      2.45595709054627        0.387226924578798       
0.761237334156213       99.3274335717758        -0.0418791749674991     4.99864081133288        744.753244705251        28.766362391308         4.99864081133297        0.0845817868634616      0.0961780127346522      2.05457714370805        -1.26863846701092       
0.771215515034151       99.2963084234625        -0.0329293760818534     5.00056057101451        744.805807124493        28.7673774945876        5.00056057101447        0.0961780127346522      0.0581926177809187      0.387226924578798       -1.93370947337947       
0.781197438702232       99.2771702920316        -0.0267237445303906     5.00172217876299        744.835236741726        28.7679458337019        5.00172217876295        0.0581926177809187      0.000288079301803538    -1.26863846701092       -1.24831097977302       
0.791178266437104       99.2743363072965        -0.0246265000350254     5.00172793019289        744.81483098935         28.7675517629257        5.0017279301928         0.000288079301803538    -0.0370975359339551     -1.93370947337947       0.281815783967056       
0.801164177623907       99.2814100911885        -0.0252295459071949     5.0009871820277         744.757588919503        28.7664462896059        5.00098718202762        -0.0370975359339551     -0.0286571928589689     -1.24831097977302       1.22173180549671        
0.811146695527646       99.2867730239612        -0.025388435766315      5.00041499847796        744.71260346924         28.7655774894083        5.00041499847792        -0.0286571928589689     0.00793254495697746     0.281815783967056       1.04401542655446        
0.821128728187941       99.2835174857106        -0.0231482356544046     5.0005733706332         744.711770522761        28.765561402536         5.00057337063327        0.00793254495697746     0.0391978972419781      1.22173180549671        0.191826268742132       
0.831111866434961       99.2729533537598        -0.0188407688190012     5.00135595420776        744.749064521424        28.7662816606415        5.00135595420778        0.0391978972419781      0.0449422421252712      1.04401542655446        -0.758087193097644      
0.841093432583814       99.2611700185309        -0.0142097368137415     5.00225313500665        744.794248364437        28.7671542709628        5.00225313500662        0.0449422421252712      0.0222419495829844      0.191826268742132       -1.09847872747756       
0.851073109495912       99.2549144820747        -0.0112209942376132     5.00269712477389        744.81341294873         28.76752437788          5.00269712477398        0.0222419495829844      -0.010650623027341      -0.758087193097644      -0.613489055554443      
0.86105582712504        99.2563015943529        -0.010581846676534      5.00248450501608        744.792166126429        28.7671140584451        5.00248450501612        -0.010650623027341      -0.0290208237105338     -1.09847872747756       0.313879856844897       
0.871036972284127       99.2619804262288        -0.0112909547152938     5.00190517350561        744.748520139549        28.7662711471371        5.00190517350558        -0.0290208237105338     -0.019622320835807      -0.613489055554443      0.733942206035332       
0.881017192946726       99.2654432435459        -0.0114367834842191     5.00151349111812        744.716180376623        28.7656465708785        5.00151349111812        -0.019622320835807      0.00235304351248531     0.313879856844897       0.511516303952689       
0.890997732977268       99.2638253123948        -0.01015673087354       5.00156045989754        744.711035670975        28.7655472101798        5.00156045989759        0.00235304351248531     0.0176690635611441      0.733942206035332       -0.0685575548923632     
0.900978158499873       99.2587037871152        -0.00790846321867386    5.0019131698937         744.725126549023        28.765819349225         5.0019131698937         0.0176690635611441      0.0156161025106772      0.511516303952689       -0.487528815623641      
0.910960784323819       99.254134872865         -0.00587316025491114    5.0022249389959         744.737263139262        28.7660537427801        5.00222493899591        0.0156161025106772      0.00101611108090838     -0.0685575548923632     -0.492263141544255      
0.920944289482201       99.2530476119307        -0.0049029022461989     5.00224522606476        744.732125383738        28.7659545177153        5.00224522606472        0.00101611108090838     -0.0137254669884486     -0.487528815623641      -0.146761871963332      
0.930925462467957       99.2552264069847        -0.00500278701237896    5.00197121804842        744.707678592925        28.7654823740948        5.0019712180485         -0.0137254669884486     -0.0181202067120077     -0.492263141544255      0.264909724061647       
0.940906561211278       99.2584631558133        -0.00545808946834002    5.0016094960042         744.678107818348        28.7649112600433        5.00160949600424        -0.0181202067120077     -0.010188080419777      -0.146761871963332      0.40162406952221        
0.950887905728907       99.2599256209418        -0.0054119323520111     5.00140612544895        744.658800018279        28.7645383534479        5.00140612544904        -0.010188080419777      0.0018371289512734      0.264909724061647       0.155773788353012       
0.960867351144314       99.2586228296348        -0.00457618128092849    5.00144279497331        744.654485985375        28.7644550325064        5.00144279497331        0.0018371289512734      0.00650110455896102     0.40162406952221        -0.154120439731925      
0.970847584360181       99.2562719317049        -0.00346602330496955    5.00157255897596        744.656168999807        28.7644875381627        5.00157255897593        0.00650110455896102     0.00188686558121256     0.155773788353012       -0.27468515100972       
0.980828274141442       99.2551736841609        -0.00273206792304345    5.00161021956142        744.653536564565        28.7644366954243        5.00161021956144        0.00188686558121256     -0.00633627392644317    -0.154120439731925      -0.168001965023515      
0.990805334828029       99.2575728005348        -0.00261385967188703    5.00148377200109        744.652709415137        28.7644207198781        5.00148377200101        -0.00633627392644317    -0.0113655094727424     -0.27468515100972       0.0765028357476294      
1.00078280079251        99.2647964495121        -0.00287512510948803    5.00125695393257        744.673130285735        28.7648151255379        5.00125695393251        -0.0113655094727424     -0.00907493640115266    -0.168001965023515      0.197489280197862       
1.01076420916374        99.2718761880793        -0.003013641922899      5.00107578409411        744.699264068688        28.7653198616492        5.00107578409418        -0.00907493640115266    -0.00315958185673223    0.0765028357476294      0.141509103621928       
1.02075144337196        99.2730149109487        -0.00277446977139804    5.00101267665717        744.698409029446        28.7653033479465        5.00101267665723        -0.00315958185673223    0.00108041929272214     0.197489280197862       -0.0250965647074198     
1.0307422682727         99.2707020692232        -0.0022522989894063     5.00103426173131        744.68427335146         28.7650303387727        5.00103426173136        0.00108041929272214     0.000328411189800026    0.141509103621928       -0.117290116814069      
1.04073023115287        99.2697314279211        -0.00178601709298255    5.00104082192672        744.677968879103        28.7649085766186        5.00104082192672        0.000328411189800026    -0.00318549485806459    -0.0250965647074198     -0.0992385899491484     
1.05071458791929        99.2710533621014        -0.0015863019366535     5.00097720853852        744.67841299722         28.7649171541619        5.00097720853849        -0.00318549485806459    -0.00615788208568651    -0.117290116814069      -0.00566003931942169    
1.06069731876706        99.2693469780574        -0.00162867640281791    5.0008542616845         744.647305334783        28.7643163453684        5.00085426168445        -0.00615788208568651    -0.00632739060184451    -0.0992385899491484     0.082921855662524       
1.07067903921081        99.2640683371581        -0.00171827402026774    5.00072793691771        744.588899498603        28.7631882697814        5.00072793691778        -0.00632739060184451    -0.00384391496133536    -0.00566003931942169    0.0925502988261032      
1.08066236594207        99.2616790175982        -0.00166278858431682    5.00065118406443        744.559549067364        28.7626213661521        5.00065118406436        -0.00384391496133536    -0.00107164167915915    0.082921855662524       0.0305761886715773      
1.09064872222465        99.2607758824918        -0.00144768819110504    5.00062978154741        744.549588026237        28.7624289660862        5.00062978154737        -0.00107164167915915    -0.000155659048613972   0.0925502988261032      -0.0368496654730764     
1.10063610319935        99.2600734124966        -0.00121404441575271    5.00062667264045        744.543855952169        28.762318249021         5.00062667264038        -0.000155659048613972   -0.00125955807789137    0.0305761886715773      -0.058613174072154      
1.11062007029722        99.2598637130957        -0.00110936760547373    5.00060151931875        744.538537936618        28.7622155292633        5.00060151931883        -0.00125955807789137    -0.00301530012347542    -0.0368496654730764     -0.0145605762332504     
1.12060467055023        99.260159024818         -0.00116219272619824    5.00054130660948        744.531787956342        28.7620851499628        5.00054130660948        -0.00301530012347542    -0.00345145106368551    -0.058613174072154      0.0411745365157126      
1.13058962312481        99.260838217857         -0.00125795228926776    5.00047238129545        744.526620078945        28.7619853293843        5.00047238129548        -0.00345145106368551    -0.00221802282732448    -0.0145605762332504     0.0537295872708333      
1.14057502284198        99.2613179206984        -0.00127045680481897    5.0004280844599         744.523622746745        28.7619274339987        5.00042808445987        -0.00221802282732448    -0.000608465180310962   0.0411745365157126      0.0237605876911754      
1.15056190358115        99.2616065773008        -0.00117153134370582    5.00041593252248        744.52397852537         28.7619343060961        5.00041593252241        -0.000608465180310962   0.000103318486104263    0.0537295872708333      -0.0173508065122972     
1.16054566055696        99.2616646718219        -0.00101990080953498    5.00041799582814        744.524721481255        28.7619486567709        5.0004179958281         0.000103318486104263    -0.00041645747965385    0.0237605876911754      -0.0335647670112212     
1.17053195352884        99.2620146613882        -0.00090101891564932    5.00040967852368        744.526108233847        28.7619754427776        5.00040967852359        -0.00041645747965385    -0.00142201107184552    -0.0173508065122972     -0.0206435438233418     
1.18051872565151        99.2627106412001        -0.000841944671261758   5.0003812758719         744.52709952382         28.7619945901574        5.00038127587185        -0.00142201107184552    -0.00204051097737217    -0.0335647670112212     0.0127493794718061      
1.19050604821164        99.2638579024614        -0.000801699353662257   5.00034051788128        744.529635946331        28.7620435826712        5.00034051788133        -0.00204051097737217    -0.00165852023136559    -0.0206435438233418     0.0281374911029882      
1.20049343886453        99.2650387059957        -0.000713058083946696   5.00030738981976        744.533559888503        28.7621193757905        5.00030738981978        -0.00165852023136559    -0.000815457886237505   0.0127493794718061      0.0160527006468578      
1.21048027372326        99.2661566656346        -0.000566519451021001   5.00029110114113        744.539519729481        28.7622344930424        5.00029110114116        -0.000815457886237505   -0.000334478454764642   0.0281374911029882      -0.00857397231720785    
1.22046898608942        99.2673965275605        -0.000411635658761559   5.00028441979639        744.547824375767        28.7623949005906        5.00028441979641        -0.000334478454764642   -0.000591376473907749   0.0160527006468578      -0.0175125031321317     
1.23045554937006        99.2686585800501        -0.000309562680692225   5.00027260718736        744.555531375089        28.7625437635495        5.00027260718739        -0.000591376473907749   -0.00111609236903388    -0.00857397231720785    -0.00630256496715915    
1.24044325036259        99.2700950938232        -0.000281364171779377   5.00025031355416        744.562986179161        28.7626877545499        5.00025031355419        -0.00111609236903388    -0.0013049380428775     -0.0175125031321317     0.015978771173829       
1.25043072622726        99.2714993072909        -0.000304263363597444   5.00022424588671        744.569636642763        28.7628162089483        5.0002242458868         -0.0013049380428775     -0.000826126876252112   -0.00630256496715915    0.0233394833111954      
1.26042041842312        99.2729117528476        -0.000336180520904069   5.00020774163343        744.577772821621        28.7629733593116        5.00020774163336        -0.000826126876252112   -0.000126711064712344   0.015978771173829       0.0168275354989755      
1.27040929357011        99.2743375941671        -0.000350848211226633   5.00020521013873        744.588090107138        28.7631726365337        5.00020521013877        -0.000126711064712344   0.000377553772705398    0.0233394833111954      0.00300030604377219     
1.28039881285579        99.2763698541685        -0.000346014551647793   5.00021275266807        744.604455875107        28.7634887366897        5.00021275266814        0.000377553772705398    0.000467460299016859    0.0168275354989755      -0.00465748843684178    
1.29038562831902        99.2794816483814        -0.0003411661519872     5.00022209092997        744.629185971469        28.7639663848803        5.00022209092992        0.000467460299016859    0.000327896967297918    0.00300030604377219     0.00105440098375949     
1.30037565398723        99.2845695085113        -0.000363907452783184   5.00022864139169        744.668322157054        28.7647222625418        5.00022864139178        0.000327896967297918    0.000359493938959144    -0.00465748843684178    0.0117076937145439      
1.31036317845614        99.2930486031456        -0.000408410316215206   5.00023582348038        744.732987972041        28.7659711768387        5.00023582348046        0.000359493938959144    0.000710401236374719    0.00105440098375949     0.0110717882045414      
1.32035476457974        99.3048308809863        -0.000439829177105772   5.00025001984907        744.823473875641        28.7677186728388        5.00025001984915        0.000710401236374719    0.00104235051212383     0.0117076937145439      -0.00120671219644106    
1.33035125252594        99.3123945814813        -0.000448916430165325   5.00027085850599        744.883308771344        28.768874167354         5.00027085850604        0.00104235051212383     0.00100615987677392     0.0110717882045414      -0.0136317400750352     
1.34035066259507        99.3150100685036        -0.00046127345181024    5.00029097875606        744.905923350908        28.769310874049         5.00029097875612        0.00100615987677392     0.000597274809539701    -0.00120671219644106    -0.0161376914947292     
1.35034949568093        99.3165053839886        -0.000485341374223652   5.00030292253588        744.918918191413        28.769561812432         5.0003029225358         0.000597274809539701    0.000113251978876768    -0.0136317400750352     -0.00921783033149047    
1.36034667161592        99.3176408924833        -0.000507025806134778   5.00030518691747        744.927772360637        28.7697327906457        5.00030518691753        0.000113251978876768    -0.000163185253409103   -0.0161376914947292     -0.00317493987380688    
1.37034186932713        99.3162018460125        -0.000514185912105295   5.000301924616          744.916492854251        28.7695149778421        5.00030192461604        -0.000163185253409103   -0.000258393410723571   -0.00921783033149047    -0.00067022449931252    
1.38033709574932        99.3131426424724        -0.000505343575687766   5.00029675902114        744.892777925038        28.7690570255428        5.0002967590211         -0.000258393410723571   -0.000278490594397255   -0.00317493987380688    -0.00225926655361936    
1.39033384971574        99.3118393298162        -0.000479140903105762   5.00029119184454        744.882173170141        28.7688522377577        5.00029119184456        -0.000278490594397255   -0.000346234323539543   -0.00067022449931252    0.00277501927044552     
1.40032618941724        99.3106992453554        -0.00044239188437721    5.00028427102127        744.872591071011        28.768667197163         5.00028427102127        -0.000346234323539543   -0.000263029930852458   -0.00225926655361936    0.00649176482957891     
1.41032244062305        99.3086900235818        -0.000397540055175126   5.00027901336607        744.856737854689        28.7683610519668        5.00027901336599        -0.000263029930852458   -6.84109784498202e-05   0.00277501927044552     0.00680387195024639     
1.42031521827944        99.3064237862594        -0.000344867237543129   5.00027764616811        744.839536468995        28.7680288682689        5.0002776461682         -6.84109784498202e-05   0.000135517492924291    0.00649176482957891     0.00114603649380846     
1.43030354009607        99.3045464448042        -0.000281274899210481   5.00028035352315        744.825858905223        28.7677647319438        5.00028035352315        0.000135517492924291    0.000169856159426572    0.00680387195024639     -0.00300311700154352    
1.44028991926063        99.3000595378654        -0.000207579791935434   5.00028374596312        744.792710520538        28.7671245718777        5.00028374596315        0.000169856159426572    7.98993068809968e-05    0.00114603649380846     -0.00659828354476866    
1.45027369608007        99.294515407646         -0.000129239420675821   5.00028534132409        744.751364800096        28.7663260852781        5.00028534132414        7.98993068809968e-05    -0.000117668144738932   -0.00300311700154352    -0.00483643969529153    
1.46025405185485        99.2792110536152        -5.58539824659729e-05   5.00028299300076        744.636225884887        28.7641023554802        5.0002829930008         -0.000117668144738932   -0.000262383127225567   -0.00659828354476866    -0.00273594422474764    
1.47022390633535        99.2168984957768        -4.58404304716956e-06   5.00027776115101        744.168076618215        28.7550590064546        5.00027776115105        -0.000262383127225567   -0.000344163644254594   -0.00483643969529153    0.000404430533233728    
1.48018330950656        99.0730105114188        1.26470269576212e-05    5.00027090677278        743.087838159962        28.7341809263996        5.00027090677274        -0.000344163644254594   -0.000332094152925949   -0.00273594422474764    0.00306497668852198     
1.49012673683144        98.8219163817808        4.03359459832737e-07    5.00026430522369        741.203551586428        28.6977264214902        5.00026430522366        -0.000332094152925949   -0.000240790392099962   0.000404430533233728    0.00306497668852198     
1.50003757210058        98.5466933950312        -1.44242661582969e-05   5.00025952843187        739.138563965938        28.6577227126174        5.00025952843192        -0.000240790392099962   -0.000240790392099962   0.00306497668852198     0.00306497668852198     
