# xp[i]                    V[i]                   up[i]                    p[i]                    e[i]                   cs[i]                  dd1[i]             dd2_left[i]            dd2_right[i]             dd3_left[i]            dd3_right[i]
-1.50013102342422       97.4025795393768        0.00625698837226469     5.09825591855108        744.874916428155        28.7687121024088        5.09832648302578        0.00729358170541814     0.00729358170541814     0.129444964405345       0.129444964405345       
-1.4903461545566        97.6766548456721        0.0187838710438542      5.09832648302578        746.981214259587        28.8093583225156        5.09832648302578        0.00729358170541814     0.00729358170541814     0.129444964405345       0.129444964405345       
-1.48052506911296       97.9241996343731        0.0313745667999292      5.09846969297007        748.895346066303        28.8462465508716        5.09846969297007        0.00729358170541814     0.0111100803713866      0.129444964405345       0.11928858270651        
-1.47068198067233       98.0630889288448        0.0440264194158335      5.09868834585222        749.989693019656        28.8673151008706        5.09868834585222        0.0111100803713866      0.0146337702679441      0.129444964405345       0.137422509527695       
-1.46082807280889       98.1211047924704        0.0567189998444163      5.09897673529026        750.475845866676        28.8766696653713        5.09897673529025        0.0146337702679441      0.0186976916116024      0.11928858270651        0.129758935336499       
-1.45096474089704       98.1319557482805        0.069396716457602       5.09934552780237        750.613124519241        28.8793106358022        5.09934552780237        0.0186976916116024      0.02253750328499        0.137422509527695       0.137859905540235       
-1.44109739358105       98.1321197337989        0.082128166519758       5.09979026636114        750.67984355372         28.8805940911833        5.09979026636114        0.02253750328499        0.0266184422999614      0.129758935336499       0.158953101915439       
-1.43122888710748       98.1303385684476        0.094929264795731       5.10031562746525        750.743548993664        28.8818195216619        5.10031562746525        0.0266184422999614      0.031324684414597       0.137859905540235       0.168993429979554       
-1.421359780201         98.1250027578892        0.107772851872501       5.10093397088136        750.793739940816        28.8827849523017        5.10093397088136        0.031324684414597       0.0363293012723527      0.158953101915439       0.151419923628271       
-1.4114868742654        98.1189552112417        0.120675392957734       5.10165130972245        750.853044543044        28.883925643918         5.10165130972245        0.0363293012723527      0.0408142530760186      0.168993429979554       0.153417264994285       
-1.40161086885974       98.1117362472698        0.133625223564556       5.10245732148269        750.916420407391        28.8851445942449        5.10245732148269        0.0408142530760186      0.0453585378326411      0.151419923628271       0.163733781202388       
-1.39173920294296       98.1026447411308        0.146626115496796       5.10335296982839        750.978635081504        28.8863411605921        5.10335296982839        0.0453585378326411      0.0502080848053921      0.153417264994285       0.173256151759888       
-1.38186659937043       98.0925563038143        0.159710616481745       5.10434431098876        751.047272579579        28.8876611987344        5.10434431098876        0.0502080848053921      0.0553393005486154      0.163733781202388       0.158751167581597       
-1.37199416849965       98.0830809258246        0.172868461536713       5.10543694234251        751.135477166213        28.8893574630715        5.10543694234251        0.0553393005486154      0.0600406967151722      0.173256151759888       0.16540540511536        
-1.36212319276317       98.0708977521078        0.18605684089569        5.10662228732736        751.216548298674        28.8909164559588        5.10662228732735        0.0600406967151722      0.0649388584153171      0.158751167581597       0.169763733163418       
-1.35225285725073       98.0549975335563        0.199283892986559       5.10790426908925        751.283310760782        28.8922002308347        5.10790426908924        0.0649388584153171      0.0699658407826357      0.16540540511536        0.166191471215378       
-1.34238177231113       98.0375180952926        0.212527702454494       5.10928546358305        751.352499135057        28.893530593371         5.10928546358305        0.0699658407826357      0.0748864204169182      0.169763733163418       0.157050259989852       
-1.33251231112144       98.0177109238257        0.225831198864032       5.11076351070197        751.418010588033        28.8947901991582        5.11076351070197        0.0748864204169182      0.0795348968740854      0.166191471215378       0.172119676097549       
-1.32264794883659       97.9919666137495        0.239182215887068       5.11233260552169        751.451288997996        28.8954300307928        5.11233260552169        0.0795348968740854      0.0846268689388708      0.157050259989852       0.17284063029476        
-1.31278937080082       97.9610505855677        0.252525666034273       5.11400119288632        751.459394326486        28.8955858667891        5.11400119288632        0.0846268689388708      0.0897376913107065      0.172119676097549       0.122821122545794       
-1.30293690357894       97.9322755664637        0.265838380789326       5.11576975187951        751.498459613466        28.8963369384323        5.11576975187951        0.0897376913107065      0.0933680867173825      0.17284063029476        0.161014492239798       
-1.29308422499407       97.9061062105993        0.279200370066209       5.1176093714913         751.567810004378        28.8976702252848        5.11760937149129        0.0933680867173825      0.0981263289820132      0.122821122545794       0.140747219176831       
-1.28323630216618       97.8807677536971        0.292537291409602       5.11954236860253        751.657106379595        28.8993868904514        5.11954236860254        0.0981263289820132      0.102284798980924       0.161014492239798       0.121029652270323       
-1.27338669277034       97.8556255697543        0.305891905815153       5.12155690484312        751.759732221777        28.9013596800831        5.12155690484313        0.102284798980924       0.105859870532028       0.140747219176831       0.13471611051543        
-1.26354310848222       97.8303665236159        0.319227833172545       5.1236412900323         751.871558009088        28.9035091681325        5.1236412900323         0.105859870532028       0.109838220238168       0.121029652270323       0.155615743906294       
-1.25369980448942       97.8044348327984        0.332518777400815       5.1258034291785         751.989461182235        28.9057753011062        5.1258034291785         0.109838220238168       0.114432457899394       0.13471611051543        0.130296314431773       
-1.24386047417777       97.7776368832536        0.345724820561895       5.12805540475337        752.113708924772        28.9081631862922        5.12805540475338        0.114432457899394       0.118278093763694       0.155615743906294       0.0960822201438029      
-1.23402340349532       97.7498843283491        0.358882620828835       5.13038231612277        752.241416941813        28.9106173680538        5.13038231612276        0.118278093763694       0.121113129332713       0.130296314431773       0.0970508231716816      
-1.22419042824604       97.7215782328643        0.372010670766485       5.13276438719761        752.372754921586        28.913141090007         5.1327643871976         0.121113129332713       0.123975974447317       0.0960822201438029      0.114052971431404       
-1.21435715140617       97.6926133603505        0.385060982997415       5.13520217494729        752.506980906536        28.9157200787725        5.13520217494729        0.123975974447317       0.127339289602434       0.0970508231716816      0.110008008344804       
-1.20452990334375       97.6631895804675        0.398052307546853       5.1377051478787         752.647007798732        28.9184102797803        5.1377051478787         0.127339289602434       0.130582165299723       0.114052971431404       0.0839918568607179      
-1.19470580423467       97.6331678153258        0.410971564769218       5.14027086277012        752.791391641597        28.9211839246213        5.14027086277012        0.130582165299723       0.133057212017476       0.110008008344804       0.093988682895402       
-1.18488469136373       97.6028213308541        0.423830277687238       5.14288437584886        752.940037291826        28.924039161835         5.14288437584886        0.133057212017476       0.135825961820206       0.0839918568607179      0.0674099979358289      
-1.17506696630698       97.5721342178171        0.436560768974664       5.14555141718805        753.093650253827        28.9269895167861        5.14555141718805        0.135825961820206       0.137811060337005       0.093988682895402       0.0724793725362573      
-1.16525207774478       97.5411695548616        0.449220196838523       5.14825647094351        753.250436016322        28.9300004996029        5.14825647094353        0.137811060337005       0.139944769850568       0.0674099979358289      0.0491160448143138      
-1.15544215386949       97.5098942651473        0.46177488403877        5.15100254349945        753.410570064204        28.9330754609131        5.15100254349945        0.139944769850568       0.141390238753104       0.0724793725362573      0.0634482458969706      
-1.14563180001052       97.4783347992628        0.47428740353375        5.15377623285567        753.572287660183        28.9361804985497        5.15377623285568        0.141390238753104       0.143256887076394       0.0491160448143138      0.0393177233644051      
-1.13582790762683       97.4465609934061        0.486717930303106       5.15658548261512        753.737282624049        28.9393481195116        5.15658548261513        0.143256887076394       0.144413196935151       0.0634482458969706      0.0544260117426255      
-1.12602629470371       97.4146211341318        0.499102005593887       5.15941630716725        753.903877253939        28.9425460995849        5.15941630716726        0.144413196935151       0.146013188426343       0.0393177233644051      0.0353788594045442      
-1.11622889960366       97.3826823298965        0.511406802807258       5.16227740624501        754.07463112674         28.9458235545637        5.16227740624501        0.146013188426343       0.147052913081557       0.0544260117426255      0.0287873240316388      
-1.10643570473795       97.3506160609531        0.523652384385797       5.16515799626337        754.246969482596        28.9491310459225        5.16515799626337        0.147052913081557       0.147898707476044       0.0353788594045442      0.0267884270622772      
-1.09664189073111       97.3186330211322        0.535821113574941       5.16805466603391        754.422023215356        28.9524902635595        5.16805466603391        0.147898707476044       0.148685550328186       0.0287873240316388      0.0254782411872651      
-1.08685171854265       97.2869058684353        0.547881157362433       5.1709657785334         754.600891417619        28.9559222769448        5.17096577853341        0.148685550328186       0.149433585368828       0.0267884270622772      0.0218248815568087      
-1.07706790235425       97.2571810777068        0.559833745190481       5.17388986006505        754.796914494687        28.9596829804373        5.17388986006505        0.149433585368828       0.150074031878148       0.0254782411872651      0.0132385213084076      
-1.06729017357309       97.2307778010498        0.571707477105196       5.176824976947          755.020078572687        28.9639637897526        5.17682497694699        0.150074031878148       0.150462358313596       0.0218248815568087      0.0122851058504363      
-1.05751386090018       97.2007648147283        0.58351003999813        5.17976686132346        755.215950723937        28.9677205547435        5.17976686132347        0.150462358313596       0.150822639585602       0.0132385213084076      0.00441619365696119     
-1.04773962555437       97.1670369700528        0.595181601856823       5.18271539135901        755.383647056163        28.97093652949          5.182715391359          0.150822639585602       0.15095213984979        0.0122851058504363      0.00687634545039335     
-1.03796510600746       97.1347893948801        0.606766747073862       5.18566630658986        755.562906844099        28.9743738661923        5.18566630658988        0.15095213984979        0.151153749480166       0.00441619365696119     -0.0269311322595666     
-1.02819101841148       97.1036698051264        0.618217269767665       5.18862059481191        755.751151474041        28.9779830498574        5.1886205948119         0.151153749480166       0.150364449034733       0.00687634545039335     0.00884928143432127     
-1.01842386943578       97.0703220293167        0.629592255879867       5.1915577840644         755.919278899405        28.9812061496451        5.19155778406441        0.150364449034733       0.150623633806708       -0.0269311322595666     -0.0424726853677899     
-1.00866465261615       97.032563009648         0.640789430539091       5.19449768246252        756.053135515522        28.9837720019616        5.19449768246252        0.150623633806708       0.149380540677085       0.00884928143432127     -0.0202590826101437     
-0.99891388583748       96.9955373984325        0.651887001963393       5.19741133164108        756.188557789843        28.9863676347241        5.19741133164106        0.149380540677085       0.148787898977336       -0.0424726853677899     -0.0364427517428751     
-0.989164880789348      96.9622281795422        0.662839290578029       5.20031241955743        756.350819145052        28.9894773849074        5.20031241955741        0.148787898977336       0.147722140244245       -0.0202590826101437     -0.0136118738129782     
-0.97941736917188       96.9306858121524        0.67368999042178        5.20319224085724        756.523488478143        28.9927862383836        5.20319224085722        0.147722140244245       0.147324161866061       -0.0364427517428751     -0.0458765331910992     
-0.969671692932034      96.8993950748523        0.684380830661753       5.20606349022934        756.696604386746        28.9961032705114        5.20606349022934        0.147324161866061       0.145983235526008       -0.0136118738129782     -0.0295779528155749     
-0.959931894795566      96.8685173065421        0.694937117111424       5.20890759856736        756.868733790001        28.9994010242741        5.20890759856735        0.145983235526008       0.14511893687414        -0.0458765331910992     -0.058127697157185      
-0.950192304969609      96.8379438786775        0.705292604213299       5.21173426970088        757.040446079811        29.0026904131288        5.21173426970089        0.14511893687414        0.143420787627769       -0.0295779528155749     -0.0490957549710731     
-0.940454669728371      96.807866313037         0.715491000266434       5.21452730654377        757.210893566355        29.0059552039913        5.21452730654378        0.143420787627769       0.141986845149134       -0.058127697157185      -0.0738173532089049     
-0.930720687416547      96.7781929188997        0.725520791546109       5.21729156945157        757.380075033799        29.0091953818823        5.21729156945155        0.141986845149134       0.13983145138153        -0.0490957549710731     -0.0635448661216288     
-0.920989399785134      96.74875431701          0.735399599981634       5.22001313737924        757.544652839803        29.0123470428215        5.22001313737926        0.13983145138153        0.137976569911828       -0.0738173532089049     -0.0708965190377637     
-0.911259551307074      96.7197573778389        0.745079072164096       5.22269781269036        757.707097951772        29.0154575270143        5.22269781269036        0.137976569911828       0.13590785562658        -0.0635448661216288     -0.0749123070253178     
-0.901535590946782      96.6912908981893        0.754560966673501       5.22534105482879        757.867457962052        29.0185277588504        5.22534105482879        0.13590785562658        0.133722836903694       -0.0708965190377637     -0.0862909764342237     
-0.891815797878025      96.6635195647745        0.763866699535963       5.22794073142559        758.026726763458        29.0215767770475        5.22794073142556        0.133722836903694       0.13120680326175        -0.0749123070253178     -0.0786435464455787     
-0.882097779237591      96.6364088260368        0.772975343834318       5.23049082426333        758.183774481518        29.0245829615272        5.23049082426335        0.13120680326175        0.128914281298521       -0.0862909764342237     -0.065364365858227      
-0.872382258797628      96.609861376688         0.781898534568272       5.23299587238963        758.338508724515        29.0275445573207        5.23299587238961        0.128914281298521       0.127009258112569       -0.0786435464455787     -0.0886783029103543     
-0.862667538432126      96.5836982190454        0.790597949414388       5.23546339622239        758.490625046403        29.0304557518939        5.23546339622238        0.127009258112569       0.124425470129079       -0.065364365858227      -0.0769410764962551     
-0.852956689098596      96.5579062659439        0.799129141611649       5.2378799282036         758.638078709629        29.0332774341144        5.23787992820359        0.124425470129079       0.122184299067069       -0.0886783029103543     -0.0973454249009282     
-0.843250064521126      96.5327597611553        0.807454426920623       5.24025221249944        758.784011875607        29.0360697500273        5.24025221249945        0.122184299067069       0.119349760156467       -0.0769410764962551     -0.0596593147545115     
-0.83354291686802       96.5083831320938        0.815626903694255       5.24256874608968        758.927749715945        29.0388197976422        5.24256874608969        0.119349760156467       0.117613075334341       -0.0973454249009282     -0.10378046640394       
-0.823844595100834      96.4845481893951        0.823557606721633       5.24485081026193        759.070591123357        29.0415524363771        5.24485081026195        0.117613075334341       0.114592681516567       -0.0596593147545115     -0.0557464769250775     
-0.814142085785187      96.4614908773962        0.831387317502915       5.24707401697468        759.210873632139        29.0442358716673        5.2470740169747         0.114592681516567       0.112970545699121       -0.10378046640394       -0.0775121221056295     
-0.804443529180713      96.439011084554         0.839026492598046       5.24926542299817        759.350949471429        29.0469151062635        5.24926542299817        0.112970545699121       0.110715552131837       -0.0557464769250775     -0.0427622738258359     
-0.794747091902078      96.4180584883008        0.846545178124416       5.25141237556303        759.496478359834        29.0496983797659        5.25141237556301        0.110715552131837       0.109472052003535       -0.0775121221056295     -0.0592104494767298     
-0.785055307454117      96.3998547198039        0.85389224872032        5.25353414935134        759.659893144497        29.0528234073442        5.25353414935133        0.109472052003535       0.107751046724662       -0.0427622738258359     -0.0293234751272241     
-0.775371560698349      96.3849242011346        0.861122693344809       5.25562148040896        759.844017028609        29.0563440582567        5.25562148040896        0.107751046724662       0.106898947196678       -0.0592104494767298     -0.0553001131490679     
-0.765687251081083      96.3657728926147        0.86821925944703        5.25769220364749        759.992359253948        29.0591802142904        5.25769220364751        0.106898947196678       0.105291846632545       -0.0293234751272241     -0.0520695042951879     
-0.755997921426223      96.3410859651611        0.875225021693818       5.25973248644219        760.092509445116        29.0610948299749        5.25973248644221        0.105291846632545       0.10377829394145        -0.0553001131490679     -0.159494963265668      
-0.746306079606571      96.3173253845425        0.882057209396426       5.26174382498079        760.195638121174        29.0630662548644        5.26174382498079        0.10377829394145        0.0991420431719753      -0.0520695042951879     -0.460196273214411      
-0.736616872744859      96.2963226646952        0.888569577348937       5.26366497323398        760.307370992089        29.065202008054         5.26366497323397        0.0991420431719753      0.0857687069049316      -0.159494963265668      -1.45532959155811       
-0.726931658020951      96.2794171839959        0.894218098595807       5.2653262741844         760.413817443082        29.0672365663374        5.26532627418442        0.0857687069049316      0.0434924994540262      -0.460196273214411      -4.45984625033833       
-0.717252201474701      96.2715121471681        0.897139006558582       5.26616837689646        760.47298929813         29.0683674826956        5.26616837689643        0.0434924994540262      -0.0860361076038887     -1.45532959155811       -11.2150537812639       
-0.707572286176863      96.2893508312759        0.891748275178187       5.26450263576158        760.373311870536        29.0664623821288        5.26450263576162        -0.0860361076038887     -0.411813959322535      -4.45984625033833       -9.6755475515879        
-0.69788966501321       96.3749746924865        0.865419888094192       5.25652638461724        759.89639593181         29.0573455224858        5.2565263846172         -0.411813959322535      -0.693080257604762      -11.2150537812639       -11.7597375253664       
-0.688197664929832      96.5220070770066        0.82099949082134        5.24308857129149        759.110148275355        29.0423091421111        5.24308857129146        -0.693080257604762      -1.0354555600848        -9.6755475515879        -12.6058461509408       
-0.678487209065227      96.7454167480266        0.754266730039044       5.22297289487856        757.94803406801         29.0200703358519        5.22297289487858        -1.0354555600848        -1.40335065789038       -11.7597375253664       -10.4340860840627       
-0.668746350251045      97.0525848063189        0.663209817989301       5.19563105666409        756.374135623853        28.9899242194374        5.19563105666406        -1.40335065789038       -1.70884986780655       -12.6058461509408       -10.5812214751861       
-0.658972014467379      97.4318872567961        0.551180239731767       5.16221739458676        754.446874776674        28.9529671244143        5.16221739458678        -1.70884986780655       -2.01988274867145       -10.4340860840627       -3.80677835591057       
-0.649154935536084      97.8876428023133        0.417595086483583       5.12255254917521        752.151891254613        28.9088969629807        5.12255254917523        -2.01988274867145       -2.13228009167159       -10.5812214751861       11.7409260239396        
-0.63928902532139       98.3772327480252        0.274813263354404       5.08048293222597        749.705777843946        28.8618505960135        5.08048293222601        -2.13228009167159       -1.78406881658866       -3.80677835591057       12.8442171261161        
-0.629378177237502      98.7937583546435        0.154081223897985       5.0451290913459         747.640896477614        28.822076732903         5.04512909134593        -1.78406881658866       -1.4016054965058        11.7409260239396        12.6274063681477        
-0.619432961666745      99.1250361242676        0.0583693978952843      5.01725297463964        746.003073533616        28.7904898174074        5.01725297463963        -1.4016054965058        -1.02434670943917       12.8442171261161        10.9685273096585        
-0.609456833089753      99.3697394324065        -0.0120778996384193     4.99681914484509        744.798924621176        28.7672445793857        4.99681914484508        -1.02434670943917       -0.695806996623106      12.6274063681477        10.1348713524063        
-0.599457990228653      99.5375080623184        -0.0601926018929139     4.98290838034958        743.97942462426         28.7514139676307        4.98290838034954        -0.695806996623106      -0.391721180576243      10.9685273096585        9.08472202436868        
-0.589447255470266      99.6328790869141        -0.0873804703511092     4.97506752113911        743.52045117433         28.742543983408         4.97506752113912        -0.391721180576243      -0.118917483521547      10.1348713524063        9.42706516932814        
-0.579434709788789      99.6627238897886        -0.09567872360877       4.97268631093045        743.387194195188        28.7399681859251        4.97268631093048        -0.118917483521547      0.164222384306245       9.08472202436868        5.76218300714961        
-0.569422426277783      99.6244232603405        -0.0843298993344326     4.97597455937321        743.592893453525        28.7439441632402        4.97597455937319        0.164222384306245       0.337239601163555       9.42706516932814        -2.60453136635325       
-0.559413251057694      99.5447448307028        -0.0610114752083207     4.98272404471117        744.005990388872        28.7519272859108        4.9827240447112         0.337239601163555       0.259073570417944       5.76218300714961        -6.74360692274807       
-0.549416051298209      99.4840414705659        -0.0431465744558685     4.98790572946214        744.325530661628        28.7581009004734        4.98790572946211        0.259073570417944       0.0567642614040688      -2.60453136635325       -4.94941558700349       
-0.539417979072342      99.4718766534383        -0.039290255929564      4.98904084302514        744.403883034544        28.7596144896613        4.98904084302513        0.0567642614040688      -0.0917088980494072     -6.74360692274807       -0.315931546730889      
-0.529417371633352      99.495208987587         -0.0457096553574549     4.98720662073667        744.304747491709        28.7576994036517        4.98720662073668        -0.0917088980494072     -0.101187776441274      -4.94941558700349       3.95918390275747        
-0.519415692037989      99.5210625497621        -0.052786317000151      4.98518249990561        744.195989092628        28.75559827799          4.98518249990563        -0.101187776441274      0.0176063292285537      -0.315931546730889      4.43846740827523        
-0.509412438383979      99.518548976897         -0.0516227477156335     4.98553468901975        744.229767187847        28.7562508603269        4.98553468901975        0.0176063292285537      0.150762373493372       3.95918390275747        1.23674070800533        
-0.499413522211247      99.4851883254198        -0.0412224020263126     4.98854963329772        744.43019960899         28.7601228480028        4.9885496332977         0.150762373493372       0.187849639414192       4.43846740827523        -2.05031446144449       
-0.48941863032732       99.4447927207319        -0.0282422927912801     4.99230415070872        744.687977199118        28.7651018732213        4.99230415070872        0.187849639414192       0.126403722282317       1.23674070800533        -3.49379879893847       
-0.479433685146929      99.4216368208833        -0.0194863040033145     4.99482870063461        744.891067585527        28.7690239973778        4.99482870063458        0.126403722282317       0.0217512594567167      -2.05031446144449       -2.33852628948505       
-0.469454233467571      99.4238133951597        -0.0179274472007235     4.99526293965454        744.972135557956        28.7705894497596        4.99526293965454        0.0217512594567167      -0.0482964916063686     -3.49379879893847       0.0542492890837634      
-0.459470369238763      99.4353962069567        -0.0211915969341025     4.99429838131958        744.915057483412        28.7694872600085        4.99429838131959        -0.0482964916063686     -0.0466707519208603     -2.33852628948505       2.2784146676508         
-0.44947434427433       99.4420197848004        -0.0243500934126237     4.99336560629743        744.825542121256        28.767758614294         4.99336560629745        -0.0466707519208603     0.0216436748247139      0.0542492890837634      2.27315968590983        
-0.439477685300297      99.4342342588036        -0.0227915241033235     4.9937983363247         744.831770423           28.7678788934039        4.99379833632473        0.0216436748247139      0.0898114022334235      2.2784146676508         0.358886927140086       
-0.429480285593566      99.412484820565         -0.0165232701258561     4.99559382364998        744.936592744968        28.7699031154466        4.99559382365001        0.0898114022334235      0.100572423260552       2.27315968590983        -1.40253720040649       
-0.419488238977547      99.3893338545145        -0.00951830148849043    4.99760400527236        745.062799429011        28.7723401015823        4.99760400527235        0.100572423260552       0.0585273535369977      0.358886927140086       -1.88159850288862       
-0.409494924565197      99.3766191007698        -0.00542304432661882    4.99877356563247        745.141824904282        28.77386593777          4.99877356563246        0.0585273535369977      0.00213711459741895     -1.40253720040649       -1.12134822600617       
-0.399507317936765      99.3772679099551        -0.00521887638848662    4.99881625801314        745.153053757817        28.774082739658         4.99881625801314        0.00213711459741895     -0.0314620406633271     -1.88159850288862       0.364802137367337       
-0.389522554628611      99.3856228121234        -0.00732888432760802    4.99818787559833        745.122022422515        28.7734835959645        4.99818787559829        -0.0314620406633271     -0.0205329053620893     -1.12134822600617       1.25011656274696        
-0.379534255116948      99.3912746561734        -0.00869104164742206    4.9977777740976         745.10325512378         28.773121236548         4.99777777409763        -0.0205329053620893     0.0169196058188019      0.364802137367337       0.994166467809192       
-0.369549833505161      99.3881900562266        -0.00749043059102703    4.99811570403523        745.130510273496        28.7736474780792        4.99811570403522        0.0169196058188019      0.0467038809777963      1.25011656274696        0.00190632009956461     
-0.35956160857627       99.3783115962567        -0.00426264982535403    4.99904850578111        745.195500138475        28.7749022614128        4.99904850578107        0.0467038809777963      0.0467609879544174      0.994166467809192       -0.927858792509226      
-0.349577116777188      99.3688557811036        -0.00105204074867604    4.99998233829806        745.263785823608        28.7762206194167        4.99998233829805        0.0467609879544174      0.0189681024223627      0.00190632009956461     -1.01477356706079       
-0.339593658614701      99.3664334165455        0.000236701410248999    5.00036108254786        745.302069851515        28.776959723816         5.00036108254783        0.0189681024223627      -0.011426826799389      -0.927858792509226      -0.357001752526151      
-0.32961020753722       99.3716660713157        -0.000561272039004311   5.0001329065273         745.307306249442        28.7770608152752        5.00013290652731        -0.011426826799389      -0.0221204435695642     -1.01477356706079       0.427505326578393       
-0.319623667693291      99.379853832026         -0.0020809501949862     4.99969115005564        745.302863546705        28.7769750465485        4.9996911500556         -0.0221204435695642     -0.00931406822981798    -0.357001752526151      0.754993595848829       
-0.309639184588937      99.3860893339675        -0.00269652038047525    4.99950513819514        745.321896435437        28.7773424847365        4.9995051381951         -0.00931406822981798    0.0133033695878019      0.427505326578393       0.3538704052081         
-0.299652560971439      99.3887523298719        -0.00172900413220429    4.99977082795625        745.381476788793        28.7784926790205        4.99977082795626        0.0133033695878019      0.0239041967318268      0.754993595848829       -0.322623635717141      
-0.289667063484027      99.3918338530916        -1.17530466499488e-05   5.00024822471278        745.475761162303        28.7803127379021        5.00024822471279        0.0239041967318268      0.0142391230092255      0.3538704052081         -0.561420462798264      
-0.279682176424819      99.4019295821635        0.00104501456646763     5.00053260385693        745.593884642848        28.7825928228012        5.00053260385691        0.0142391230092255      -0.00258121482085332    -0.322623635717141      -0.306394662485557      
-0.269694097033723      99.4233242928187        0.000931859554240346    5.00048104375606        745.746672650176        28.7855417537303        5.00048104375607        -0.00258121482085332    -0.0117627392312222     -0.561420462798264      0.0862820735077973      
-0.25970488346715       99.4580439550816        0.000162696840321388    5.00024602599616        745.972033559623        28.7898908484601        5.00024602599617        -0.0117627392312222     -0.00917629863610226    -0.306394662485557      0.321857229973818       
-0.249711690931887      99.5083780629718        -0.00045319304896568    5.00006261084305        746.32218092745         28.7966468134255        5.00006261084307        -0.00917629863610226    0.000476876696199221    0.0862820735077973      0.271518097759325       
-0.239711443016482      99.5797611493443        -0.000424464294139472   5.00007214880634        746.858985461437        28.807001183382         5.00007214880637        0.000476876696199221    0.00862681808207241     0.321857229973818       0.0115126461479908      
-0.229703330616727      99.6819369446848        0.000153563685435657    5.00024485321207        747.651138248805        28.8222741459295        5.00024485321203        0.00862681808207241     0.00897277961041258     0.271518097759325       -0.222858932811877      
-0.219680844814214      99.82937054361          0.000754296164258725    5.0004247250106         748.783879122768        28.8440997071184        5.00042472501062        0.00897277961041258     0.00226517597245108     0.0115126461479908      -0.248776570070061      
-0.209641157927139      100.039443755204        0.000897200523052366    5.00047021581619        750.366388357076        28.8745637457584        5.0004702158162         0.00226517597245108     -0.00523845124862372    -0.222858932811877      -0.0503914168418578     
-0.199577656286093      100.332099590683        0.000523598912047345    5.00036476041021        752.545642696826        28.9164628753016        5.00036476041021        -0.00523845124862372    -0.00676261621186777    -0.248776570070061      0.145017131598218       
-0.189482291513913      100.727961498539        4.53986737134479e-05    5.0002281898826         755.494188891608        28.9730562360505        5.00022818988261        -0.00676261621186777    -0.00236001019170729    -0.0503914168418578     0.16262399609706        
-0.17934667258051       101.250182872377        -0.000113534149912      5.00018032939503        759.40375911916         29.0479251337655        5.00018032939507        -0.00236001019170729    0.00260185854192567     0.145017131598218       0.0329752959812795      
-0.169153715173175      101.924071360462        0.000108762978640549    5.00023339638996        764.466218268921        29.1445862758024        5.00023339638994        0.00260185854192567     0.00361478731851771     0.16262399609706        -0.0837624556436703     
-0.158883642446824      102.768871178313        0.000438950029238075    5.00030769298901        770.81396572907         29.2653372083971        5.00030769298903        0.00361478731851771     0.00101930517944077     0.0329752959812795      -0.0965969655665431     
-0.148509707716061      103.795434662293        0.000582918469001353    5.0003288483704         778.516959406512        29.4112026919168        5.00032884837044        0.00101930517944077     -0.00200550054506599    -0.0837624556436703     -0.0366921522742357     
-0.138018233811399      105.017144320499        0.000459272484029601    5.00028674956772        787.673752834852        29.5836620232417        5.00028674956769        -0.00200550054506599    -0.00316827511374109    -0.0965969655665431     0.053630794618852       
-0.127391779217262      106.435534863084        0.000192117008390625    5.00021940058405        798.301539500899        29.782573941091         5.00021940058407        -0.00316827511374109    -0.00144614219093505    -0.0366921522742357     0.0766816577138879      
-0.116621556604433      108.031316404593        3.44895675827775e-05    5.00018823342482        810.265375691463        30.0049139622063        5.00018823342481        -0.00144614219093505    0.00105201089669669     0.053630794618852       0.0200401252044917      
-0.10568459089424       109.770323604608        9.30330072656509e-05    5.0002112513145         823.312210722288        30.2455177711837        5.00021125131454        0.00105201089669669     0.00171504865003571     0.0766816577138879      -0.0375979189576148     
-0.0945689515491662     111.603825231037        0.000235552011401529    5.00024938013094        837.070436897602        30.4971845129933        5.00024938013097        0.00171504865003571     0.000451023025813994    0.0200401252044917      -0.0516622378027232     
-0.0832733652221669     113.47086215021         0.000272204109781042    5.00025957021193        851.075646610182        30.7512537524025        5.00025957021191        0.000451023025813994    -0.00131389218006661    -0.0375979189576148     -0.0200311359755832     
-0.0717936552574447     115.300731189423        0.000137333986397287    5.00022940723551        864.795160153665        30.9981210927671        5.00022940723548        -0.00131389218006661    -0.00200885769271265    -0.0516622378027232     0.0208049111985815      
-0.0601347320651137     117.014210859475        -5.1858638014732e-05    5.00018258756164        877.638629455221        31.2274563922204        5.00018258756164        -0.00200885769271265    -0.00127670368041969    -0.0200311359755832     0.0252871266916601      
-0.048319057416188      118.528005398973        -0.000115127533124629   5.00015242915708        888.98714117823         31.4287048762438        5.00015242915709        -0.00127670368041969    -0.000375790354020816   0.0208049111985815      0.00387720555091147     
-0.0363651572629465     119.734335101227        -9.36878089415276e-06   5.00014345150611        898.033277365261        31.5882059102455        5.00014345150614        -0.000375790354020816   -0.000236267622408874   0.0252871266916601      -0.00666140547646781    
-0.0243085290107973     120.538726901758        0.000133228001228004    5.00013775731544        904.065359400325        31.6941172144037        5.00013775731542        -0.000236267622408874   -0.000477698070659645   0.00387720555091147     0.00465433838153409     
-0.0121744919466934     120.917051936455        0.000144940868572889    5.00012617891481        906.900775297001        31.7437793608099        5.00012617891479        -0.000477698070659645   -0.000308331255111167   -0.00666140547646781    0.0164542755435545      
-2.33835946566719e-05   121.00051633148         8.11288111874861e-06    5.00011868841146        907.525414524706        31.7547094411855        5.00011868841148        -0.000308331255111167   0.000291182963201271    0.00465433838153409     0.00620410838318736     
0.0121277386513129      120.918279976196        -0.000128500729532838   5.00012576200002        906.909910208561        31.7439392327025        5.00012576200003        0.000291182963201271    0.000516941296934955    0.0164542755435545      -0.00751648466842117    
0.0242595672221193      120.539590835943        -0.000117719398199095   5.00013829131645        904.071935637623        31.6942324868531        5.00013829131642        0.000516941296934955    0.000244512453632775    0.00620410838318736     0.00127190049499867     
0.0363196010243122      119.735200213232        2.16350865395086e-05    5.00014418472855        898.03989758025         31.5883223426395        5.00014418472851        0.000244512453632775    0.00029028462454999     -0.00751648466842117    0.0245100974974916      
0.0482731193573553      118.52843227435         0.000123187221202635    5.00015112000415        888.990110083387        31.4287573566239        5.00015112000414        0.00029028462454999     0.00116352349285643     0.00127190049499867     0.0229006863611534      
0.0600886390730171      117.014425512122        5.50469696352482e-05    5.00017860352625        877.639540124442        31.2274725935788        5.00017860352626        0.00116352349285643     0.00196938859052689     0.0245100974974916      -0.0180977429759305     
0.0717459673368737      115.300921725513        -0.000140366558218286   5.00022450020992        864.795740563046        30.9981314949976        5.00022450020986        0.00196938859052689     0.0013415449070926      0.0229006863611534      -0.0530863593759237     
0.0832258748721166      113.471013621908        -0.00028207580009327    5.00025529590752        851.076055192408        30.7512611338933        5.00025529590756        0.0013415449070926      -0.000471851375351105   -0.0180977429759305     -0.0406675644292491     
0.0945195281673439      111.603894109177        -0.000251195005470885   5.00024463643287        837.07015938665         30.4971794576819        5.00024463643286        -0.000471851375351105   -0.00183894823514909    -0.0530863593759237     0.0183583198673596      
0.105633806584884       109.770369921431        -0.00011050428154107    5.00020375732455        823.311324186064        30.2455014871094        5.0002037573246         -0.00183894823514909    -0.00123160479792642    -0.0406675644292491     0.0771191237336503      
0.116570823177753       108.031450697866        -5.01717544950257e-05   5.00017681132715        810.264532010255        30.0048983410349        5.00017681132715        -0.00123160479792642    0.00128062171022358     0.0183583198673596      0.0559425058288301      
0.127340050515969       106.435752677346        -0.000205878642607807   5.00020440907574        798.30077973084         29.7825597685558        5.00020440907568        0.00128062171022358     0.00307685739943743     0.0771191237336503      -0.0359827294539749     
0.1379651269057         105.017416572467        -0.000475916741412146   5.00026980915864        787.673126284715        29.5836502571703        5.00026980915861        0.00307685739943743     0.00193664172505247     0.0559425058288301      -0.0965726224472119     
0.148456708096541       103.795754480922        -0.00060571326481056    5.00031046063872        778.516495351265        29.41119392626          5.0003104606388         0.00193664172505247     -0.00108731572438903    -0.0359827294539749     -0.0793149009268341     
0.158829884542761       102.769133195497        -0.000468476099702862   5.00028789399577        770.812878890823        29.2653165765063        5.00028789399575        -0.00108731572438903    -0.00354499194315402    -0.0965726224472119     0.0339910890148858      
0.16910085637325        101.924283842661        -0.000149856548043397   5.0002150304703         764.465004059993        29.1445631304821        5.00021503047035        -0.00354499194315402    -0.00250083865731091    -0.0793149009268341     0.159297039190655       
0.179293601428637       101.250390249746        6.78837636105449e-05    5.00016402244597        759.402837878092        29.0479075145811        5.00016402244591        -0.00250083865731091    0.00235974009409399     0.0339910890148858      0.143365334548266       
0.189429874588297       100.728202602645        -7.90043564094309e-05   5.00021187990144        755.493532942299        28.9730436582831        5.00021187990138        0.00235974009409399     0.00671229563788114     0.159297039190655       -0.0427861587357392     
0.199526215902323       100.332310216166        -0.000535944111071507   5.00034743725715        752.544615395243        28.9164431383338        5.00034743725707        0.00671229563788114     0.00541819185259796     0.143365334548266       -0.241568617909806      
0.209588018510859       100.039639611357        -0.000902850950910557   5.00045650298744        750.365799676696        28.8745524193632        5.00045650298751        0.00541819185259796     -0.00186747406353863    -0.0427861587357392     -0.225062671417793      
0.219627159660314       99.8294921295787        -0.000770503113320213   5.00041900271232        748.783934213798        28.8441007682063        5.00041900271228        -0.00186747406353863    -0.0086408807520534     -0.241568617909806      0.00129667080394311     
0.229648569856074       99.6820265234267        -0.000180054263498536   5.00024579474527        747.651950903176        28.8222898100137        5.0002457947453         -0.0086408807520534     -0.00860191556461561    -0.225062671417793      0.269457075276257       
0.239656958349592       99.5797963232637        0.000405665907900753    5.00007358524264        746.859463829689        28.8070104089205        5.00007358524269        -0.00860191556461561    -0.000513485770199424   0.00129667080394311     0.334512828687943       
0.249658574235814       99.5084197291333        0.000447193266231255    5.00006331418797        746.322598410686        28.7966548676653        5.000063314188          -0.000513485770199424   0.0095197315700134      0.269457075276257       0.0853780543705125      
0.259652170402175       99.4579984032983        -0.000177623852501658   5.00025359951558        745.972821775061        28.7899060585681        5.00025359951553        0.0095197315700134      0.0120791413614862      0.334512828687943       -0.322771604427656      
0.269640398537121       99.4231959612387        -0.00094934281268199    5.00049493794661        745.747782177972        28.7855631674007        5.00049493794653        0.0120791413614862      0.00240682486795454     0.0853780543705125      -0.560709916607813      
0.279629880273017       99.4018415883817        -0.00102998469715237    5.00054301554792        745.594777031075        28.7826100474859        5.000543015548          0.00240682486795454     -0.0143926885397102     -0.322771604427656      -0.310965203621601      
0.289613747932488       99.3917783901528        5.31253453490273e-05    5.00025556053879        745.476438850801        28.7803258195363        5.00025556053881        -0.0143926885397102     -0.0237088515292556     -0.560709916607813      0.352421733542119       
0.299601119186582       99.3886478572294        0.00176086678271871     4.99978204296361        745.382365246514        28.7785098302828        4.99978204296358        -0.0237088515292556     -0.0131513901420618     -0.310965203621601      0.753861150088758       
0.309586879555217       99.3859399918923        0.00270771969488285     4.99951939290792        745.322901557773        28.7773618889295        4.99951939290788        -0.0131513901420618     0.00943085959979041     0.352421733542119       0.410706018457978       
0.319570541599905       99.3797057918092        0.00206551122635684     4.99970771664788        745.304222888256        28.7770012893834        4.99970771664794        0.00943085959979041     0.0217330235786222      0.753861150088758       -0.364055441307719      
0.329555224865001       99.3716161079184        0.00055191626221648     5.00014170310539        745.308242709273        28.777078894095         5.00014170310533        0.0217330235786222      0.0108283002594882      0.410706018457978       -1.00415176419972       
0.339540169561044       99.3665145864241        -0.000224848294942669   5.00035793664037        745.302209772776        28.7769624250753        5.00035793664045        0.0108283002594882      -0.0192496945254067     -0.364055441307719      -0.902534432628954      
0.349524189284465       99.3689815117764        0.00106711376635345     4.99997354294821        745.263417822887        28.7762135147704        4.99997354294815        -0.0192496945254067     -0.046285294717424      -1.00415176419972       -0.00391410421873948    
0.359508845896672       99.3783340677407        0.00423596888774154     4.99904919235072        745.195770987748        28.7749074906853        4.99904919235075        -0.046285294717424      -0.0464025513940581     -0.902534432628954      1.01289140406406        
0.369496950204058       99.3881730884698        0.00744028431842461     4.99812238787384        745.131379505041        28.7736642610148        4.99812238787376        -0.0464025513940581     -0.0160566042699041     -0.00391410421873948    1.23389958976265        
0.379482357289334       99.391036604108         0.00858159777414936     4.9978016837971         745.105035141524        28.7731556053656        4.99780168379716        -0.0160566042699041     0.0209111029379904      1.01289140406406        0.296211968829122       
0.389470126319139       99.3853201670669        0.00719912050403367     4.99821934764426        745.124445196279        28.773530374601         4.99821934764429        0.0209111029379904      0.0297854641776704      1.23389958976265        -1.06120070185889       
0.399455792155577       99.3773222588982        0.00522151139898778     4.99881424997267        745.153161947859        28.774084828537         4.99881424997274        0.0297854641776704      -0.0020115734904658     0.296211968829122       -1.8553507645722        
0.409442506962353       99.3766779285983        0.0054386995492015      4.99877406567953        745.142340544297        28.773875893562         4.99877406567957        -0.0020115734904658     -0.0576155174640421     -1.06120070185889       -1.42522114226261       
0.419436506307169       99.3891375019798        0.00948332330223008     4.99762271666504        745.064117054459        28.7723655431631        4.99762271666503        -0.0576155174640421     -0.100340347505089      -1.8553507645722        0.338628203904397       
0.429428422122247       99.4122954155467        0.0164716083899469      4.99561718126478        744.938656510313        28.7699429673538        4.99561718126478        -0.100340347505089      -0.0901867036973204     -1.42522114226261       2.3310774285644         
0.439425246410453       99.4341028860089        0.0227620752948803      4.99381419758697        744.833152074712        28.7679055753825        4.99381419758699        -0.0901867036973204     -0.0202804884840261     0.338628203904397       2.31352677746062        
0.449423041070119       99.441594084176         0.0242239154456385      4.993408700777          744.828781678588        28.7678211757239        4.99340870077699        -0.0202804884840261     0.0490921835881226      2.3310774285644         -0.0679665296423051     
0.459419487722701       99.4343873866758        0.0208901249160046      4.99438997349963        744.921161077638        28.7696051237266        4.99438997349963        0.0490921835881226      0.047055193678684       2.31352677746062        -2.43285482757755       
0.469405539471595       99.4231172222165        0.0176956385502213      4.99532982406343        744.976893992238        28.7706813342302        4.99532982406345        0.047055193678684       -0.0258212516872382     -0.0679665296423051     -3.44772624776213       
0.479383719547731       99.4219042013985        0.0195188205103715      4.9948143320682         744.890928039985        28.7690213026285        4.9948143320682         -0.0258212516872382     -0.129093039080497      -2.43285482757755       -1.93832147950555       
0.489369038610059       99.4457318964503        0.0284533685304787      4.99223615344876        744.684867119448        28.7650418065526        4.99223615344876        -0.129093039080497      -0.187182329214082      -3.44772624776213       1.3358778876031         
0.499363173767684       99.4859650357516        0.0413918747276247      4.98849491907364        744.427846649977        28.7600773961634        4.98849491907356        -0.187182329214082      -0.147120528507161      -1.93832147950555       4.44937606072648        
0.509363810492558       99.5184823348728        0.0515493111135977      4.98555259799466        744.231942229666        28.7562928809536        4.98555259799464        -0.147120528507161      -0.0136318969804978     1.3358778876031         3.87409487178472        
0.519367185315086       99.5200499792468        0.0524469416065266      4.98527990190252        744.20295749681         28.7557329066128        4.98527990190259        -0.0136318969804978     0.102609035047493       4.44937606072648        -0.397308009293107      
0.529368330764016       99.4938557828674        0.0452864060027177      4.98733235581447        744.313389225949        28.7578663484919        4.98733235581438        0.102609035047493       0.0906894123995005      3.87409487178472        -4.99744546820061       
0.539367990322013       99.4707668042603        0.0389544644219094      4.98914602637154        744.411271412408        28.759757212165         4.98914602637147        0.0906894123995005      -0.0592187779593632     -0.397308009293107      -6.76764038280448       
0.549364930285487       99.4835374273987        0.0429906937587313      4.98796185445335        744.330134750921        28.7581898431834        4.98796185445335        -0.0592187779593632     -0.262249774633876      -4.99744546820061       -2.2638068225174        
0.559364513216234       99.5449986547895        0.0610771462474315      4.98271634389619        744.006737625516        28.7519417242947        4.9827163438962         -0.262249774633876      -0.330191686986809      -6.76764038280448       5.33018253334834        
0.569372335436355       99.6230180887239        0.0838983555681257      4.9761078947468         743.602330214702        28.7441265539531        4.97610789474676        -0.330191686986809      -0.170142379774536      -2.2638068225174        9.28205351016716        
0.579385064006649       99.6627531077815        0.0956383100802505      4.97270108594424        743.389620910886        28.740015095312         4.97270108594429        -0.170142379774536      0.108645785863955       5.33018253334834        10.3920171217723        
0.589398348082798       99.6353910346106        0.0880337021563963      4.97487670764896        743.51067917337         28.7423551028669        4.974876707649          0.108645785863955       0.42070352150366        9.28205351016716        9.3539831539319         
0.599408864381661       99.5330891652683        0.0588258394484284      4.98329733881072        744.004467541338        28.7518978608628        4.98329733881066        0.42070352150366        0.701335082220072       10.3920171217723        11.0367653912717        
0.609405737043029       99.364014909477         0.0103383156415926      4.9973165991178         744.830161593176        28.7678478242093        4.99731659911786        0.701335082220072       1.03187478295303        9.3539831539319         12.5502443293324        
0.619380254930999       99.1176260984163        -0.0605966794170794     5.01789762083605        746.04315027324         28.7912631476449        5.0178976208361         1.03187478295303        1.40678223254268        11.0367653912717        12.8321274390626        
0.629324887590824       98.7851734175501        -0.156622549097527      5.04587405530768        747.686315395029        28.8229521850407        5.04587405530763        1.40678223254268        1.78884691945143        12.5502443293324        11.4970321737095        
0.639234757795029       98.3677052268019        -0.277650001533853      5.08131915682373        749.756557472607        28.8628280256151        5.08131915682372        1.78884691945143        2.12979524805011        12.8321274390626        -3.98337107061855       
0.6490993782764         97.8788690234261        -0.420231062042176      5.12333593323354        752.199490157967        28.9098116785051        5.12333593323356        2.12979524805011        2.01219265471562        11.4970321737095        -10.5845228575771       
0.658916432154718       97.4249712971588        -0.553284970782802      5.16284762700552        754.485422808926        28.9537067826274        5.1628476270056         2.01219265471562        1.70108804883037        -3.98337107061855       -10.4259399439899       
0.668689981031369       97.0474999157931        -0.664790518891964      5.19610656910876        756.403727742052        28.9904913097391        5.19610656910881        1.70108804883037        1.39585350425225        -10.5845228575771       -12.5467961765118       
0.678428969447171       96.7420587105845        -0.75535268326581       5.22329940338027        757.969106317163        29.0204737367942        5.22329940338034        1.39585350425225        1.02971252572821        -10.4259399439899       -11.7292167392903       
0.688139747718091       96.5199292054579        -0.821705331619564      5.24330235284789        759.124757849533        29.0425886099388        5.24330235284783        1.02971252572821        0.688243718543429       -12.5467961765118       -9.64187437078489       
0.697830724845875       96.3739406534865        -0.865816236442963      5.25664587469646        759.905516346586        29.0575198977359        5.25664587469648        0.688243718543429       0.407968280621471       -11.7292167392903       -11.1467286742134       
0.70751356408019        96.289158695614         -0.891895949955932      5.26454727619409        760.378242207022        29.0665566168984        5.26454727619401        0.407968280621471       0.0841926750958418      -9.64187437078489       -4.42011895486593       
0.717192280192059       96.2717253189989        -0.897169515855517      5.26617722826549        760.475951401113        29.068424094446         5.26617722826547        0.0841926750958418      -0.0441800765688677     -11.1467286742134       -1.445530937313         
0.726871578330902       96.2797712586667        -0.894204755187728      5.26532181142821        760.415969411365        29.0672776963942        5.26532181142829        -0.0441800765688677     -0.0861736933890075     -4.42011895486593       -0.450898427995022      
0.736558365291578       96.2968419357356        -0.888541611072151      5.26365248520627        760.309667058825        29.0652458952999        5.26365248520636        -0.0861736933890075     -0.0992777310553818     -1.445530937313         -0.153776489075175      
0.746248783817769       96.3178108483341        -0.882024220264753      5.26172858021414        760.197267186508        29.0630973952748        5.26172858021415        -0.0992777310553818     -0.103747775395881      -0.450898427995022      -0.0524280081651493     
0.755939196914457       96.3415636329342        -0.875197171122408      5.25971796406811        760.094179389833        29.0611267539806        5.25971796406809        -0.103747775395881      -0.105271674578587      -0.153776489075175      -0.0556748030887384     
0.765627648745288       96.3662390350844        -0.868195692476844      5.25767821026827        759.9940127704          29.059211826323         5.2576782102682         -0.105271674578587      -0.106889639007484      -0.0524280081651493     -0.0260829723423996     
0.775312518803572       96.3853823963417        -0.86110200035546       5.25560759237249        759.845621273908        29.0563747313144        5.25560759237257        -0.106889639007484      -0.107647618533317      -0.0556748030887384     -0.0591584817818189     
0.784997425155651       96.4003186409739        -0.85386872425516       5.25352206410053        759.661801450017        29.0528598984299        5.25352206410054        -0.107647618533317      -0.109367194002469      -0.0260829723423996     -0.0415286159285465     
0.794690060735092       96.4185058130364        -0.84651803074713       5.25140226756359        759.498540092509        29.0497378089623        5.25140226756358        -0.109367194002469      -0.110574863045514      -0.0591584817818189     -0.0782657693298879     
0.804384643649717       96.4394416217019        -0.8389959778875        5.24925804009239        759.353271472109        29.0469595171548        5.2492580400923         -0.110574863045514      -0.112851794298965      -0.0415286159285465     -0.0511112270022745     
0.814086113813264       96.4618755409084        -0.831358312915677      5.24706886301596        759.213155428231        29.0442795176268        5.24706886301594        -0.112851794298965      -0.11433910300422       -0.0782657693298879     -0.107496468060594      
0.823785972393721       96.4849336080093        -0.823536077821416      5.24485052141276        759.073581513664        29.0416096415254        5.24485052141285        -0.11433910300422       -0.117467807424833      -0.0511112270022745     -0.0589075720733228     
0.833487636321357       96.5087625733237        -0.815604443823705      5.24257111510534        758.931076532198        29.038883444486         5.24257111510537        -0.117467807424833      -0.119182689283241      -0.107496468060594      -0.0994250169368537     
0.843193487994796       96.5331050073764        -0.807432370612778      5.2402577030502         758.787520671387        29.0361368847584        5.24025770305024        -0.119182689283241      -0.122077880553304      -0.0589075720733228     -0.0771718247319994     
0.852901397015468       96.5582317674731        -0.799112901405107      5.23788748943779        758.641731265624        29.0333473261662        5.23788748943771        -0.122077880553304      -0.124325740430169      -0.0994250169368537     -0.0933095438125608     
0.862610899693042       96.5839954963068        -0.790591349218407      5.23547294602254        758.494343159515        29.030526905302         5.23547294602256        -0.124325740430169      -0.12704448069836       -0.0771718247319994     -0.0680364435788789     
0.872326197827599       96.6102039981415        -0.781897828827105      5.23300471558939        758.342479644491        29.0276205563003        5.23300471558936        -0.12704448069836       -0.129027390833531      -0.0933095438125608     -0.0780876657551415     
0.882042260433711       96.6367928726175        -0.772977396612253      5.23049740074854        758.187740905351        29.0246588822017        5.23049740074851        -0.129027390833531      -0.131303751211643      -0.0680364435788789     -0.0839530253222066     
0.891759683142424       96.6639144951369        -0.763875919119071      5.22794542525452        758.030504358068        29.0216490908668        5.22794542525453        -0.131303751211643      -0.133751620804822      -0.0780876657551415     -0.0732767485549232     
0.901480101648944       96.691731610306         -0.7545771447899        5.22534517770177        757.871510240319        29.0186053390334        5.22534517770174        -0.133751620804822      -0.135888890785673      -0.0839530253222066     -0.0712315335036975     
0.91120357714872        96.7201765175355        -0.745104594367541      5.22270238668055        757.711045107445        29.0155331026417        5.22270238668058        -0.135888890785673      -0.137967369319865      -0.0732767485549232     -0.0650799274907191     
0.920932559005543       96.7491709906277        -0.735436187427748      5.22001792188714        757.548609748199        29.0124228133053        5.2200179218872         -0.137967369319865      -0.139867092283392      -0.0712315335036975     -0.0689712381676483     
0.930665608147028       96.7786230604372        -0.72556929878645       5.217295495079          757.384011169751        29.0092707627857        5.21729549507896        -0.139867092283392      -0.141881011191967      -0.0650799274907191     -0.0408620826243148     
0.940399296222773       96.8083107894257        -0.715547547554813      5.21453330071818        757.215240596603        29.0060384632159        5.21453330071825        -0.141881011191967      -0.143074439846601      -0.0689712381676483     -0.0557212961822454     
0.950135643899013       96.8383028949353        -0.705344239004107      5.21174722753147        757.045134947297        29.0027802297047        5.21174722753139        -0.143074439846601      -0.144702221104153      -0.0408620826243148     -0.0424479230454876     
0.959875045474077       96.8687906317858        -0.694975906205852      5.20892873315625        756.873940302009        28.999500767772         5.20892873315631        -0.144702221104153      -0.145942573479224      -0.0557212961822454     -0.0494406524900782     
0.969615680586155       96.8996730709113        -0.68442915556541       5.20608537890766        756.701956793105        28.99620582063          5.20608537890764        -0.145942573479224      -0.147387688698689      -0.0424479230454876     -0.00907377710089315    
0.979360393333484       96.9309668709178        -0.673754789193272      5.20321290005464        756.528685856292        28.9928858296171        5.2032129000546         -0.147387688698689      -0.147652983993194      -0.0494406524900782     -0.0422577423613537     
0.989108878063972       96.9625080090942        -0.66290049327072       5.20033441882791        756.356201603354        28.9895805343796        5.20033441882792        -0.147652983993194      -0.148888801829708      -0.00907377710089315    -0.0187979630733491     
0.998857010335994       96.9958603910795        -0.651950477189321      5.19743135989216        756.193989864478        28.9864717462106        5.19743135989225        -0.148888801829708      -0.149438702647791      -0.0422577423613537     -0.0422516771480546     
1.00860859792491        97.0329212819514        -0.64084214972685       5.194516572266          756.058676481718        28.9838782099773        5.19451657226604        -0.149438702647791      -0.15067531820979       -0.0187979630733491     0.00439379916162345     
1.01836709950795        97.0706973452547        -0.629638982058417      5.19157569356837        755.924809343034        28.9813121653522        5.19157569356843        -0.15067531820979       -0.150546629200241      -0.0422516771480546     -0.0228879955997069     
1.02813448003938        97.1040689290261        -0.618273905469526      5.18863495580174        755.75634959359         28.9780827061801        5.18863495580178        -0.150546629200241      -0.151217435482186      0.00439379916162345     0.0155735489363756      
1.03790868482571        97.1352470573635        -0.606827627757313      5.18567936969291        755.56837010309         28.9744786187026        5.18567936969292        -0.151217435482186      -0.150760820366538      -0.0228879955997069     -0.00287205988236232    
1.04768344138292        97.1674988902753        -0.595226334641948      5.18273212812053        755.389677461619        28.9710521701619        5.18273212812055        -0.150760820366538      -0.150845041983665      0.0155735489363756      0.00807032798927919     
1.05745796618477        97.2012266632989        -0.58355153529174       5.17978311003833        755.221908218345        28.9678348099394        5.17978311003834        -0.150845041983665      -0.150608361511844      -0.00287205988236232    0.0177920035268526      
1.06723412702879        97.2312789625703        -0.571752803633195      5.17683832460624        755.025916925872        28.9640757745382        5.17683832460617        -0.150608361511844      -0.150086462484253      0.00807032798927919     0.0284307465793465      
1.0770124856233         97.2577139626027        -0.559874400221872      5.17390293282521        754.802957266478        28.9597989032781        5.17390293282525        -0.150086462484253      -0.149252183599529      0.0177920035268526      0.0172011919026743      
1.08679561755325        97.2874161492118        -0.547912208022228      5.17098251706489        754.607292056985        28.9560450809496        5.17098251706494        -0.149252183599529      -0.148747182598233      0.0284307465793465      0.0273158627093549      
1.0965849721017         97.3191558103134        -0.535860226615701      5.16807038285926        754.428370242219        28.9526120533809        5.16807038285932        -0.148747182598233      -0.1479448788257        0.0172011919026743      0.0285840149490955      
1.10637861832181        97.3511695923484        -0.523693368429317      5.16517286656767        754.253429560538        28.9492550194021        5.16517286656761        -0.1479448788257        -0.147105063488579      0.0273158627093549      0.0310145867914886      
1.11617218546573        97.3832586755618        -0.511446184305036      5.16229121171269        754.081110643193        28.9459479152896        5.16229121171267        -0.147105063488579      -0.146193598803117      0.0285840149490955      0.0545642202438893      
1.12596959212008        97.4152693736551        -0.499142880159203      5.15942659908596        753.91039794534         28.942671264748         5.15942659908587        -0.146193598803117      -0.144589554223885      0.0310145867914886      0.0427034546706293      
1.13577051475938        97.4472392603627        -0.486752139531431      5.15659237152536        753.743535894288        28.9394681647801        5.15659237152527        -0.144589554223885      -0.1433337010116        0.0545642202438893      0.0628086479234923      
1.14557502931996        97.4790626303403        -0.47430122375328       5.15378166382875        753.578708387192        28.9363037720053        5.15378166382872        -0.1433337010116        -0.141485952014774      0.0427034546706293      0.0479343821184106      
1.15538415411607        97.5107012385144        -0.461778784143144      5.15100627751616        753.417351306886        28.9332056699735        5.15100627751617        -0.141485952014774      -0.140075339328197      0.0628086479234923      0.0775731997757579      
1.16519335996493        97.5420007137707        -0.449221587597283      5.14825783493163        753.257054114365        28.9301275895786        5.14825783493166        -0.140075339328197      -0.137791759178939      0.0479343821184106      0.0682773571949458      
1.17500817116324        97.5729944148916        -0.43655929758743       5.14555317827374        753.100547287847        28.9271219770544        5.14555317827374        -0.137791759178939      -0.135781081443725      0.0775731997757579      0.0934725916100712      
1.1848265042174         97.6036824173837        -0.423832905677539      5.14288689039741        752.947048138313        28.924173821646         5.14288689039735        -0.135781081443725      -0.13302737709373       0.0682773571949458      0.0863968665495004      
1.19464836083967        97.634089314134         -0.410976734612942      5.14027377414685        752.798923146231        28.9213285991542        5.14027377414682        -0.13302737709373       -0.130481308090776      0.0934725916100712      0.111502440060141       
1.20447320882734        97.6640818751581        -0.398062811516313      5.13770989927725        752.654580380735        28.9185557573283        5.13770989927728        -0.130481308090776      -0.127194341355393      0.0863968665495004      0.11134469378932        
1.2143003865544         97.6935059243458        -0.385081278105547      5.13520982773723        752.514977593209        28.9158737181041        5.13520982773729        -0.127194341355393      -0.123911043347925      0.111502440060141       0.0973439937762423      
1.22413223285512        97.7224572987794        -0.372043360004223      5.13277352859287        752.380862958333        28.9132968825828        5.13277352859283        -0.123911043347925      -0.121039778261721      0.11134469378932        0.100506059815671       
1.23396472029412        97.750753765465         -0.35892599722483       5.13039309298422        752.249687928515        28.91077630551          5.13039309298429        -0.121039778261721      -0.118074443716574      0.0973439937762423      0.129614317983178       
1.24380101162979        97.7784601942045        -0.345775921527659      5.12807034781759        752.122233565744        28.9083270119287        5.12807034781761        -0.118074443716574      -0.114249150536163      0.100506059815671       0.150539247523678       
1.25363968252837        97.8052579985285        -0.332587283536875      5.12582209577583        751.99852879787         28.9059495759354        5.1258220957759         -0.114249150536163      -0.109804827536007      0.129614317983178       0.130040397795326       
1.2634830517218         97.8312018614161        -0.319301550398587      5.1236605652015         751.880806535409        28.9036869338961        5.12366056520143        -0.109804827536007      -0.105964512508973      0.150539247523678       0.126658133711924       
1.27332805306351        97.8564807241417        -0.305956019648281      5.12157405107488        751.768818609409        28.9015343423803        5.12157405107494        -0.105964512508973      -0.102223221133984      0.130040397795326       0.144257721089879       
1.28317605665077        97.8816515887278        -0.292611541775375      5.11956083471044        751.666604865636        28.8995694867134        5.11956083471043        -0.102223221133984      -0.0979611825427436     0.126658133711924       0.154504075188022       
1.29302367905748        97.9069649094331        -0.279288886162031      5.1176311844749         751.577605196707        28.8978585365134        5.11763118447499        -0.0979611825427436     -0.0933954484722798     0.144257721089879       0.117441312133194       
1.30287665241242        97.9331822955272        -0.265927275612545      5.1157910060728         751.508539775319        28.896530737084         5.11579100607287        -0.0933954484722798     -0.0899240372280106     0.154504075188022       0.172561749662682       
1.31272925205916        97.9619868448723        -0.252605745743256      5.11401874795846        751.469155967905        28.8957735465453        5.11401874795843        -0.0899240372280106     -0.0848213223897443     0.117441312133194       0.172165289390818       
1.32258786204372        97.9930012394071        -0.239253747732684      5.11234627642578        751.461232503105        28.8956212081251        5.1123462764257         -0.0848213223897443     -0.0797277655454942     0.172561749662682       0.157463863762737       
1.33245321003922        98.0188007656287        -0.225891975755543      5.11077327417926        751.427800980115        28.8949784368633        5.11077327417917        -0.0797277655454942     -0.0750667958844989     0.172165289390818       0.167343822194145       
1.34232323760366        98.0386681086426        -0.212574921655944      5.10929158545258        751.362213024699        28.8937173683273        5.10929158545264        -0.0750667958844989     -0.0701118510706545     0.157463863762737       0.171691003933046       
1.3521943755803         98.0562189487511        -0.199320431476217      5.10790745970921        751.293138358808        28.892389200826         5.10790745970918        -0.0701118510706545     -0.065027655206463      0.167343822194145       0.166824104446542       
1.3620654325023         98.0721521534242        -0.186088127658387      5.10662369063354        751.22636336714         28.8911051934124        5.10662369063359        -0.065027655206463      -0.060087475739143      0.171691003933046       0.157581433566328       
1.37193596866435        98.0843602924653        -0.172902482230474      5.10543744332532        751.145348462646        28.8895472919925        5.1054374433254         -0.060087475739143      -0.0554206628801353     0.166824104446542       0.172452304340571       
1.38180785147225        98.0938900410365        -0.159752004655461      5.10434319286971        751.057319839612        28.8878544228388        5.10434319286972        -0.0554206628801353     -0.0503130722754587     0.157581433566328       0.164789076854049       
1.39168244783498        98.1039915189647        -0.146673025971466      5.10334970085559        750.988463656571        28.886530187703         5.10334970085558        -0.0503130722754587     -0.0454320283346427     0.172452304340571       0.160261157475007       
1.40155377334996        98.1131302967251        -0.133675656156197      5.10245256782455        750.926390429744        28.885336349661         5.10245256782464        -0.0454320283346427     -0.0406848361905314     0.164789076854049       0.152062053668759       
1.41142994343512        98.1203521190291        -0.120721000973989      5.10164909761811        750.863408769025        28.8841249895168        5.10164909761805        -0.0406848361905314     -0.0361806909315221     0.160261157475007       0.163386243288494       
1.4213035588903         98.1263405721165        -0.107806134411864      5.10093464857403        750.804075843126        28.8829837609761        5.10093464857403        -0.0361806909315221     -0.0313418347422752     0.152062053668759       0.159385668373446       
1.43117354653024        98.1316581095915        -0.0949584212870759     5.10031592428722        750.753687799587        28.8820145457647        5.10031592428726        -0.0313418347422752     -0.0266226008692263     0.163386243288494       0.139028507146398       
1.44104228296954        98.1333293840313        -0.082173632603198      5.09979047146685        750.689127189001        28.8807726733549        5.09979047146688        -0.0266226008692263     -0.022507027147704      0.159385668373446       0.122486346681644       
1.45090901379386        98.1329963265886        -0.0694391376249539     5.09934634005419        750.621203484812        28.8794660516355        5.09934634005424        -0.022507027147704      -0.0188824312418742     0.139028507146398       0.144723684625846       
1.46077283755966        98.1221427482565        -0.0567465601481791     5.09897390104397        750.483367481806        28.876814372661         5.09897390104398        -0.0188824312418742     -0.0146025311390191     0.122486346681644       0.130662669968354       
1.47062666430893        98.0638153550472        -0.0440586325710582     5.09868611976381        749.994921302791        28.8674157197425        5.09868611976384        -0.0146025311390191     -0.0107422833755122     0.144723684625846       0.120942831746766       
1.48047044696189        97.9239556476755        -0.0314153382960581     5.09847466016216        748.894209738774        28.8462246661071        5.09847466016214        -0.0107422833755122     -0.00717484113941166    0.130662669968354       0.114727491327145       
1.49029863664308        97.6773166993095        -0.0188161068501494     5.09833368798473        746.987331420065        28.809476284724         5.09833368798479        -0.00717484113941166    -0.00379678036359992    0.120942831746766       0.114727491327145       
1.50009472512735        97.4060789566234        -0.00626547639654938    5.09825923985137        744.902163087447        28.7692382606346        5.0982592398514         -0.00379678036359992    -0.00379678036359992    0.114727491327145       0.114727491327145       
