# xp[i]                    V[i]                   up[i]                    p[i]                    e[i]                   cs[i]                  dd1[i]             dd2_left[i]            dd2_right[i]             dd3_left[i]            dd3_right[i]
-1.50022483629427       96.7737229080045        0.00393705917434806     5.12557086298375        744.030861659597        28.7524078539442        5.12557962474963        0.00106854157230195     0.00106854157230195     0.0151017329989968      0.0151017329989968      
-1.49049224578718       97.089117438012         0.0118813159887119      5.12557962474963        746.457003187797        28.7992477368535        5.12557962474963        0.00106854157230195     0.00106854157230195     0.0151017329989968      0.0151017329989968      
-1.48071883349588       97.3899542622069        0.0198544672206247      5.12560050403273        748.772997981138        28.8438901287053        5.12560050403273        0.00106854157230195     0.00151174649179841     0.0151017329989968      0.0239908522590838      
-1.47091828455711       97.5702026250824        0.0278449925895064      5.12563012662899        750.163155054626        28.8706532092255        5.12563012662899        0.00151174649179841     0.00221750138685191     0.0151017329989968      0.0113110103583195      
-1.46110289560025       97.6505416228709        0.0358236193129602      5.12567365770256        750.787213285104        28.8826594128939        5.12567365770256        0.00221750138685191     0.00255072204724556     0.0239908522590838      0.0265006915518836      
-1.45127285032892       97.6701116029057        0.043802628798321       5.125723784187          750.945021070818        28.8856946730619        5.125723784187          0.00255072204724556     0.00333199445205398     0.0113110103583195      0.0131834715737139      
-1.44144456915822       97.6749205074821        0.0517886942359481      5.12578928617019        750.991591597166        28.8865903452559        5.1257892861702         0.00333199445205398     0.00372084258742619     0.0265006915518836      0.0332081687443812      
-1.43161419462001       97.6790097608639        0.0597746393259228      5.12586246011643        751.033753911838        28.8874012121363        5.12586246011643        0.00372084258742619     0.00470089771313598     0.0131834715737139      0.00898173321869789     
-1.42177130231472       97.6809088603131        0.0677705713621611      5.12595498856026        751.061913089434        28.8879427575942        5.12595498856026        0.00470089771313598     0.00496614291022402     0.0332081687443812      0.0244854963918952      
-1.41192117464977       97.681704382375         0.075766942435857       5.12605279671401        751.082360905597        28.8883359950305        5.12605279671402        0.00496614291022402     0.00568945897132128     0.00898173321869789     0.00757869705664645     
-1.4020743347143        97.6818176881947        0.0837530442834367      5.12616484538614        751.099649799963        28.8886684782183        5.12616484538615        0.00568945897132128     0.00591334517608667     0.0244854963918952      0.0320656415740696      
-1.39222997803528       97.6820237171818        0.0917211191925618      5.12628129708655        751.11829686443         28.8890270761222        5.12628129708655        0.00591334517608667     0.00686069694391124     0.00757869705664645     0.018460317928528       
-1.38237946576614       97.6821981344722        0.099668848261276       5.12641644280362        751.139440028639        28.8894336706277        5.12641644280363        0.00686069694391124     0.00740613834632593     0.0320656415740696      0.0269715125540646      
-1.37252776584517       97.6832499275897        0.107622998156305       5.12656233826002        751.168905236433        28.8900002929971        5.12656233826002        0.00740613834632593     0.00820304365474384     0.018460317928528       0.0311674566327161      
-1.36268315484838       97.6825235128715        0.115585795284348       5.12672389785473        751.186991544291        28.8903480911357        5.12672389785472        0.00820304365474384     0.00912398116903797     0.0269715125540646      0.0250961769639663      
-1.35283391830304       97.6797505192301        0.123535889680658       5.12690363930614        751.192002635334        28.8904444532431        5.12690363930613        0.00912398116903797     0.0098656942750712      0.0311674566327161      0.00833148877064272     
-1.34297721668758       97.6766318097091        0.13147001419044        5.12709807142962        751.196505862951        28.8905310489816        5.12709807142962        0.0098656942750712      0.0101119674411346      0.0250961769639663      0.0265553753921383      
-1.33312405498667       97.6717211237319        0.139383601476775       5.12729734143693        751.187934076919        28.890366215842         5.12729734143692        0.0101119674411346      0.0108967404476365      0.00833148877064272     0.0364319119242653      
-1.32327437254377       97.6616461141474        0.14730297933968        5.12751197878783        751.141890477643        28.88948079372          5.12751197878783        0.0108967404476365      0.0119728672283594      0.0265553753921383      0.0314442328797269      
-1.31343211829          97.6477529062232        0.155210502774698       5.12774768388911        751.069558202794        28.888089783446         5.12774768388911        0.0119728672283594      0.0129014082498384      0.0364319119242653      0.0293871715051459      
-1.30359310033713       97.6371277481049        0.163105732689413       5.1280016326734         751.025025752735        28.8872333537909        5.12800163267339        0.0129014082498384      0.0137691367515609      0.0314442328797269      0.0237921828939848      
-1.29374578358602       97.6293917298409        0.170971285169232       5.12827270323005        751.005216961644        28.886852391157         5.12827270323005        0.0137691367515609      0.0144716786194362      0.0293871715051459      0.0203997075052007      
-1.28390578924922       97.6229285464319        0.178817454640634       5.12855757962856        750.997215213511        28.8866985001269        5.12855757962857        0.0144716786194362      0.015074059352142       0.0237921828939848      0.0252914725920899      
-1.27406290051666       97.6176963740399        0.186658618665173       5.12885431603129        751.000415053539        28.8867600401126        5.12885431603128        0.015074059352142       0.0158208946659525      0.0203997075052007      0.037024056741236       
-1.26421820205818       97.6131782127482        0.194468440196036       5.12916579295913        751.011261946276        28.886968648823         5.12916579295912        0.0158208946659525      0.0169142181599315      0.0252914725920899      0.0259004081233197      
-1.25437510035876       97.608350776065         0.202228862332913       5.12949877116446        751.022873041823        28.887191953102         5.12949877116448        0.0169142181599315      0.017679029557017       0.037024056741236       0.0333203602680858      
-1.24453342203431       97.6035337092807        0.209982348995081       5.12984678343031        751.036760174979        28.8874590278084        5.12984678343031        0.017679029557017       0.0186629218616726      0.0259004081233197      0.0322233093248232      
-1.23468981601237       97.5983940435405        0.217680434495876       5.13021417930795        751.050997499785        28.8877328347708        5.13021417930796        0.0186629218616726      0.0196144552305383      0.0333203602680858      0.0357197700042317      
-1.2248469638016        97.5931947544557        0.225338024138101       5.13060032335098        751.067514846098        28.8880504870112        5.13060032335097        0.0196144552305383      0.0206692254953555      0.0322233093248232      0.0222122096448708      
-1.21500285923356       97.5877839711412        0.23296623985815        5.13100721366912        751.085435282863        28.8883951187413        5.13100721366912        0.0206692254953555      0.0213250349176182      0.0357197700042317      0.037304483306358       
-1.20516231294695       97.5820872745857        0.240575882848027       5.13142691697954        751.103023883783        28.8887333648678        5.13142691697953        0.0213250349176182      0.0224262868919539      0.0222122096448708      0.0319239727521588      
-1.19532501318837       97.57629964026          0.248136093035617       5.13186822835877        751.123067946998        28.8891188271255        5.13186822835876        0.0224262868919539      0.0233686030145478      0.037304483306358       0.0289248829237742      
-1.1854835431287        97.5705670695381        0.25565534534094        5.13232808940008        751.146243104527        28.8895644962469        5.13232808940007        0.0233686030145478      0.0242223363578257      0.0319239727521588      0.0379464438927717      
-1.17564661295845       97.5648340052307        0.263128576174789       5.13280469168306        751.171856587991        28.8900570475186        5.13280469168307        0.0242223363578257      0.025342173254323       0.0289248829237742      0.0273411628145819      
-1.16580964670529       97.5588872900454        0.270551522081349       5.13330321743713        751.199025023364        28.8905794915798        5.13330321743712        0.025342173254323       0.0261489088678147      0.0379464438927717      0.0276027904788322      
-1.15597694172136       97.5529685308027        0.277934378935998       5.13381754862659        751.228712646078        28.8911503683525        5.13381754862659        0.0261489088678147      0.0269633216329237      0.0273411628145819      0.0271408088044384      
-1.1461406830435        97.5469399992122        0.285282685898287       5.13434791420274        751.259891882723        28.891749915902         5.13434791420274        0.0269633216329237      0.0277640963363297      0.0276027904788322      0.0349860202667997      
-1.13630612496835       97.5409241232148        0.292588957602455       5.13489403316254        751.293463904184        28.8923954605549        5.13489403316254        0.0277640963363297      0.0287962839285975      0.0271408088044384      0.026572503201137       
-1.12647155851551       97.5347928837202        0.299845282599806       5.13546038262964        751.329097173498        28.8930806244428        5.13546038262963        0.0287962839285975      0.0295801521958574      0.0349860202667997      0.0393119107054781      
-1.11664035000061       97.5284551373271        0.30707484331829        5.13604206636464        751.365372379303        28.8937781149295        5.13604206636462        0.0295801521958574      0.0307397823505893      0.026572503201137       0.0205446455928008      
-1.10680800676812       97.5219389201103        0.314256812057413       5.13664657343963        751.40360008376         28.8945131293461        5.13664657343963        0.0307397823505893      0.03134582174566        0.0393119107054781      0.0315672352273434      
-1.09697329959127       97.5155701823894        0.321412986692708       5.13726304790052        751.444702939408        28.8953034042137        5.13726304790052        0.03134582174566        0.0322769845257324      0.0205446455928008      0.0359484245354436      
-1.08714130061567       97.5093328594525        0.328520345438015       5.13789775015534        751.489472876593        28.8961641605978        5.13789775015535        0.0322769845257324      0.033337186822521       0.0315672352273434      0.0386918473976831      
-1.07731153289191       97.5050325928731        0.335568943673747       5.1385531246757         751.552184852571        28.8973698313449        5.13855312467571        0.033337186822521       0.034477996502313       0.0359484245354436      0.0177609217954822      
-1.06748514142925       97.5038903154489        0.342546448766863       5.13923074191738        751.642485848543        28.8991058271617        5.13923074191736        0.034477996502313       0.0350015839427445      0.0386918473976831      0.0377953039387545      
-1.0576604636782        97.4992254509714        0.34949373927323        5.13991858132373        751.70712084018         28.9003483416181        5.13991858132373        0.0350015839427445      0.0361157436774292      0.0177609217954822      0.0210838973576625      
-1.04783288039965       97.4905985778241        0.356369007418691       5.14062837316894        751.744405749579        28.9010650659102        5.14062837316896        0.0361157436774292      0.0367373509641561      0.0377953039387545      0.0417567739081247      
-1.03800621884868       97.4833437731953        0.363193698735491       5.14135049834878        751.794057133534        28.902019482181         5.14135049834876        0.0367373509641561      0.0379685762754081      0.0210838973576625      0.0150929241998379      
-1.02817426456593       97.4768929419983        0.369942696965792       5.14209690437156        751.853444167212        28.9031609991251        5.14209690437157        0.0379685762754081      0.038413586119173       0.0417567739081247      0.0254694394876873      
-1.01834779432782       97.4681172029791        0.376648626541453       5.1428519371996         751.896143058807        28.903981714536         5.14285193719959        0.038413586119173       0.0391642922781579      0.0150929241998379      0.0190934969142094      
-1.00852197096338       97.4544634786683        0.383298547399888       5.14362134200783        751.903287334201        28.9041190323802        5.14362134200781        0.0391642922781579      0.0397267743195467      0.0254694394876873      0.0175641611014472      
-0.998708949831464      97.4409324842529        0.389890522267846       5.14440130590925        751.912890481509        28.9043036103913        5.14440130590926        0.0397267743195467      0.0402440126877976      0.0190934969142094      0.0201248137399255      
-0.988894405598365      97.4307515983852        0.396420873895047       5.14519125915299        751.949777245077        28.9050125842306        5.145191259153          0.0402440126877976      0.0408366055025417      0.0175641611014472      0.0179872713203875      
-0.979078340328975      97.4220699903993        0.402883684782988       5.14599296729397        751.999930544723        28.9059765166829        5.14599296729397        0.0408366055025417      0.0413662889468262      0.0201248137399255      0.0192531443846127      
-0.969260824010164      97.4134946317935        0.409282656310337       5.14680508588025        752.052404406425        28.9069850152832        5.14680508588026        0.0413662889468262      0.0419332244638557      0.0179872713203875      0.0120347747830824      
-0.959447167598237      97.4049578112033        0.415608687110896       5.14762821809295        752.106764116656        28.908029721028         5.14762821809295        0.0419332244638557      0.0422875828379452      0.0192531443846127      0.0228262988545232      
-0.949632806768877      97.3964505098835        0.421868310185695       5.14845827897844        752.162342956085        28.9090978174324        5.14845827897843        0.0422875828379452      0.0429596565934709      0.0120347747830824      0.00983931821803901     
-0.939817283121168      97.3876682672967        0.428044775006239       5.14930153189753        752.217704095079        28.9101616909095        5.14930153189751        0.0429596565934709      0.0432493416974089      0.0228262988545232      0.0228456249874706      
-0.930004792745137      97.3791702480372        0.434163897987019       5.15015037119           752.276054698653        28.9112829704685        5.15015037119           0.0432493416974089      0.0439219299418402      0.00983931821803901     0.000232244560386383    
-0.920192015630471      97.3699072829633        0.440201739099356       5.15101240775837        752.33040083524         28.9123272600929        5.15101240775838        0.0439219299418402      0.0439287666622074      0.0228456249874706      0.0193701630097214      
-0.910376932264103      97.3606983756842        0.446194824971196       5.15187450792383        752.385150053023        28.9133792569965        5.15187450792384        0.0439287666622074      0.0444989033955129      0.000232244560386383    -0.00087714511923895    
-0.900569961717852      97.3513664049251        0.452083434782027       5.15274756884241        752.440524849696        28.9144432353586        5.1527475688424         0.0444989033955129      0.044473090763394       0.0193701630097214      0.0198772909270273      
-0.890759326232726      97.3424869778831        0.45790037252838        5.15361999654644        752.49928110417         28.9155721426702        5.15361999654646        0.044473090763394       0.0450579918072635      -0.00087714511923895    -0.00581832134697731    
-0.880953609007448      97.3334390727711        0.463585755914009       5.15450388964336        752.558385439445        28.916707693332         5.15450388964337        0.0450579918072635      0.0448867869026241      0.0198772909270273      0.00297092105207105     
-0.871142101881525      97.3246830790349        0.469189827945022       5.15538443199013        752.619233991045        28.9178767084201        5.15538443199012        0.0448867869026241      0.0449741959613505      -0.00581832134697731    -0.00929431880513532    
-0.861336911417806      97.315684034093         0.474676975268242       5.15626650743991        752.678403350398        28.9190134177499        5.1562665074399         0.0449741959613505      0.0447007938792649      0.00297092105207105     -0.00163541081532272    
-0.851532953141968      97.3065924913561        0.480072406680335       5.15714298693921        752.736016574622        28.9201201890584        5.15714298693922        0.0447007938792649      0.0446526942349167      -0.00929431880513532    -0.0228723715150269     
-0.841730671648429      97.2975998108213        0.485361342608721       5.15801848241826        752.794227178727        28.9212383932394        5.15801848241828        0.0446526942349167      0.043980054490041       -0.00163541081532272    -0.0165308831466061     
-0.8319256361906        97.2889111429408        0.490566366375792       5.15888072350301        752.852832458871        28.9223641353283        5.15888072350301        0.043980054490041       0.043493965792442       -0.0228723715150269     -0.0162975446614791     
-0.822127437601867      97.2803993142024        0.495659763883937       5.1597332585256         752.911367616212        28.9234884866994        5.15973325852561        0.043493965792442       0.0430147740679999      -0.0165308831466061     -0.0270363466561923     
-0.812326419641558      97.2722095754599        0.500638484236182       5.16057639443857        752.971002854999        28.9246339236414        5.16057639443858        0.0430147740679999      0.0422198272213715      -0.0162975446614791     -0.0278827250624101     
-0.802524499484569      97.2645646632759        0.50549505539954        5.16140404179325        753.03257576444         28.9258165305751        5.16140404179323        0.0422198272213715      0.0414000329878781      -0.0270363466561923     -0.0389827681770493     
-0.792722785438764      97.2581287609374        0.510216266329709       5.16221548415517        753.101127374502        28.9271331178206        5.16221548415517        0.0414000329878781      0.0402542725276183      -0.0278827250624101     -0.0437118982051124     
-0.782928050818835      97.254379900169         0.514795278567082       5.16300405096745        753.187136098349        28.9287848978285        5.16300405096746        0.0402542725276183      0.0389700232785236      -0.0389827681770493     -0.0499228643137809     
-0.773139948887304      97.2539061703184        0.51922305662061        5.1637671475865         753.294788485125        28.9308522070802        5.16376714758648        0.0389700232785236      0.0375035253803086      -0.0437118982051124     -0.0393329610899158     
-0.763347625209998      97.2492109353271        0.523508583676761       5.16450161127687        753.365559856351        28.9322111889989        5.16450161127688        0.0375035253803086      0.0363478559888934      -0.0499228643137809     -0.0547798691549376     
-0.753552659837333      97.2387637534973        0.527624396318761       5.16521371995089        753.388494975941        28.9326515852081        5.16521371995088        0.0363478559888934      0.0347377055091595      -0.0393329610899158     -0.0424843797763042     
-0.743751933331814      97.229395273654         0.531581035478294       5.16589456025843        753.41520621208         28.9331644813061        5.16589456025842        0.0347377055091595      0.0334885678474223      -0.0547798691549376     -0.0690740680537668     
-0.733949429532317      97.2221860177084        0.535323669714151       5.16655108470372        753.455085940587        28.9339302154367        5.16655108470374        0.0334885678474223      0.0314578852258518      -0.0424843797763042     -0.0615219024623432     
-0.724146294011966      97.2166070252174        0.538876106910388       5.16716756518922        753.501747927675        28.9348261505765        5.16716756518922        0.0314578852258518      0.0296498330814865      -0.0690740680537668     -0.0958493724275609     
-0.714361049225705      97.2113398992534        0.542193681703801       5.16774828491523        753.545602558017        28.9356681576758        5.16774828491521        0.0296498330814865      0.0268339449930086      -0.0615219024623432     -0.0787567873756295     
-0.704562802800819      97.2051006208816        0.54534026260145        5.16827380285344        753.573862563953        28.9362107356462        5.16827380285345        0.0268339449930086      0.0245207902360657      -0.0958493724275609     -0.0836176808954796     
-0.694776394390492      97.1976542957422        0.548267816352673       5.16875389826685        753.586131815267        28.9364462959636        5.16875389826685        0.0245207902360657      0.0220654657566448      -0.0787567873756295     -0.0755761906407926     
-0.684989224253707      97.1913873141779        0.550986331728257       5.16918574971391        753.60050144906         28.9367221795931        5.16918574971386        0.0220654657566448      0.0198466414151427      -0.0836176808954796     -0.0913896802451935     
-0.675207228181575      97.1869235137181        0.55345429569673        5.16957418788723        753.622516795031        28.9371448486971        5.1695741878872         0.0198466414151427      0.0171634107638901      -0.0755761906407926     -0.0913701593555372     
-0.665414419932727      97.1841534941124        0.555670906598085       5.16991017437461        753.650015905793        28.937672791052         5.16991017437464        0.0171634107638901      0.014480569674213       -0.0913896802451935     -0.10408976831627       
-0.655630550076887      97.1821933632934        0.557621333138098       5.1701936305316         753.676135691985        28.9381742434911        5.17019363053157        0.014480569674213       0.0114239981765919      -0.0913701593555372     -0.123459994439331      
-0.645841235386157      97.1812059694104        0.559342613131362       5.17041727157627        753.701078725275        28.9386530963016        5.17041727157626        0.0114239981765919      0.00779839048643773     -0.10408976831627       -0.117929183830921      
-0.636050884416892      97.1808523508032        0.560866905156176       5.17056996459078        753.720594447591        28.9390277508418        5.17056996459076        0.00779839048643773     0.00433509222118346     -0.123459994439331      -0.113496064840544      
-0.626260765433116      97.1814896070494        0.562180057018271       5.17065483605983        753.737908818281        28.9393601407088        5.1706548360598         0.00433509222118346     0.00100210571397245     -0.117929183830921      -0.0874579388841895     
-0.616475800252274      97.182438005439         0.563280573184815       5.17067445358501        753.748124297748        28.9395562489542        5.17067445358497        0.00100210571397245     -0.00156629293295331    -0.113496064840544      -0.0825852711112158     
-0.606683243441155      97.1839354432336        0.564134356799789       5.17064378603598        753.755267853116        28.9396933841762        5.17064378603594        -0.00156629293295331    -0.00399179882749312    -0.0874579388841895     -0.07399637274016       
-0.596893918043496      97.1860158201301        0.564729649650251       5.1705656228058         753.760008625538        28.9397843926841        5.1705656228058         -0.00399179882749312    -0.00616501307220903    -0.0825852711112158     -0.101684426450463      
-0.587103217186469      97.1887735283729        0.565058115741398       5.17044492258592        753.763800933193        28.9398571933279        5.17044492258591        -0.00616501307220903    -0.00915106138095943    -0.07399637274016       -0.0898808389835917     
-0.577317427197924      97.1921976584016        0.565196530014907       5.17026578301865        753.764240894429        28.9398656392187        5.17026578301861        -0.00915106138095943    -0.0117906395770118     -0.101684426450463      -0.125141829664922      
-0.567528059968731      97.1962869987646        0.565142734116116       5.17003493073612        753.762298382199        28.9398283489918        5.17003493073613        -0.0117906395770118     -0.0154660135068185     -0.0898808389835917     -0.0960646631389601     
-0.557734016134021      97.2013526837086        0.564968826762291       5.16973207388453        753.757425890896        28.9397348120173        5.16973207388457        -0.0154660135068185     -0.0182876205351594     -0.125141829664922      -0.14636571904697       
-0.547947293215112      97.2068626281471        0.564583918714331       5.16937399769985        753.747942101888        28.9395527513219        5.16937399769984        -0.0182876205351594     -0.0225871177581635     -0.0960646631389601     -0.193081159573611      
-0.538154282587188      97.2131771301223        0.563934673104172       5.16893163700576        753.732400202601        28.9392543903528        5.16893163700577        -0.0225871177581635     -0.028259854832895      -0.14636571904697       -0.439070331519081      
-0.52835773576981       97.2208064591253        0.562735630577189       5.16837802083952        753.710818907454        28.9388400847844        5.16837802083952        -0.028259854832895      -0.0411614053313895     -0.193081159573611      -1.04887258142414       
-0.518563442997356      97.2315727600079        0.560504243123705       5.16757170959864        753.676687011598        28.9381848277323        5.16757170959861        -0.0411614053313895     -0.07198132321615       -0.439070331519081      -2.49946957015073       
-0.508770552431849      97.2491727216269        0.556075131926026       5.16616170824739        753.607428409808        28.9368551698696        5.16616170824741        -0.07198132321615       -0.145430276902679      -1.04887258142414       -5.53788739791555       
-0.49897375966494       97.2841540006336        0.546815831383082       5.16331240559123        753.462718828379        28.9340767728677        5.16331240559124        -0.145430276902679      -0.308213778705467      -2.49946957015073       -10.808382195579        
-0.489175786461705      97.356924568514         0.526923663986299       5.15727151690081        753.144141075388        28.927959198967         5.15727151690085        -0.308213778705467      -0.626109033793124      -5.53788739791555       -7.87299140174485       
-0.479369183439801      97.5036594030445        0.486149282728724       5.14499067908881        752.483128208571        28.9152617950485        5.14499067908882        -0.626109033793124      -0.857969520796017      -10.808382195579        -10.5636296478964       
-0.469551291872666      97.7035765014335        0.429916125454244       5.12813344412298        751.555467401144        28.8974329386836        5.12813344412297        -0.857969520796017      -1.16978104891671       -7.87299140174485       -9.60073848027026       
-0.459698028108297      97.9691022466561        0.35235794436114        5.10508265834721        750.210547399873        28.8715651617426        5.10508265834724        -1.16978104891671       -1.45407692031704       -10.5636296478964       -5.02833407117192       
-0.449812019420143      98.2986050250968        0.254807797648518       5.07632640027669        748.493705698905        28.8385102423614        5.07632640027669        -1.45407692031704       -1.60351153647921       -9.60073848027026       8.42121832643146        
-0.439884705139282      98.6694382759756        0.14610977492878        5.0444984958851         746.606749459479        28.8021362915145        5.04449849588514        -1.60351153647921       -1.35238057130714       -5.02833407117192       9.918800059761          
-0.429927586972393      98.9877282272553        0.0536169495156322      5.01756644015922        745.016254711017        28.7714413710505        5.01756644015919        -1.35238057130714       -1.05567576624684       8.42121832643146        10.385991811181         
-0.419940029867878      99.2396161564107        -0.0189547939449348     4.9964833697588         743.773637620129        28.7474373277211        4.99648336975883        -1.05567576624684       -0.74424644719994       9.918800059761          8.94484293349396        
-0.409929940795379      99.4192917447454        -0.0699962692118185     4.98158863319246        742.899020513503        28.730530035593         4.98158863319244        -0.74424644719994       -0.475587385218603      10.385991811181         10.8597765559818        
-0.399911320198858      99.5351012282061        -0.102294062092514      4.97205964274926        742.341689780588        28.7197510392449        4.97205964274923        -0.475587385218603      -0.149143253679889      8.94484293349396        9.71245926930437        
-0.389886139126328      99.5719155402781        -0.11195341207259       4.96906998033112        742.169724592892        28.7164243478438        4.96906998033112        -0.149143253679889      0.142871622663989       10.8597765559818        6.86036600066502        
-0.379863969980679      99.5386065292703        -0.101629707631749      4.971933714421          742.349030534048        28.7198930386055        4.971933714421          0.142871622663989       0.349108152190588       9.71245926930437        0.825485242984271       
-0.369845275373241      99.4557751384203        -0.0774552133824314     4.97892926752096        742.774904490996        28.7281299327757        4.97892926752098        0.349108152190588       0.373912819552423       6.86036600066502        -4.47428196009313       
-0.359828123659359      99.367558545767         -0.0519182063754543     4.98641805247957        743.232281645149        28.7369735057885        4.98641805247956        0.373912819552423       0.239552224183668       0.825485242984271       -6.45721462120366       
-0.349824806067041      99.3119009873057        -0.0356776027906842     4.99121187799742        743.530109751516        28.7427306703899        4.99121187799741        0.239552224183668       0.0457506236051343      -4.47428196009313       -5.15493814378067       
-0.339825374361092      99.3028785143668        -0.0324413904107805     4.99212702561674        743.598875329659        28.7440597791702        4.9921270256167         0.0457506236051343      -0.108940832693413      -6.45721462120366       -1.604333586322         
-0.329821647371876      99.3312024934626        -0.0393574380502259     4.98994744339326        743.486219897147        28.7418823302462        4.98994744339326        -0.108940832693413      -0.157093508641439      -5.15493814378067       2.32897446889218        
-0.319814478278929      99.3716277928574        -0.0492537415301925     4.98680360168009        743.320187073352        28.7386728811612        4.98680360168011        -0.157093508641439      -0.0871752365755786     -1.604333586322         4.51219661343562        
-0.309807443240259      99.3964218079144        -0.0543924271179887     4.98505873635428        743.245501343848        28.7372290735641        4.9850587363543         -0.0871752365755786     0.0482977609252085      2.32897446889218        4.086971416843          
-0.299797467254694      99.3907504947422        -0.0506810082480749     4.98602549492886        743.347223890347        28.7391955328983        4.98602549492888        0.0482977609252085      0.170998068721513       4.51219661343562        1.67873197978666        
-0.289791187460381      99.3585036893573        -0.0391890308267128     4.98944781621479        743.616103882849        28.7443927649444        4.98944781621475        0.170998068721513       0.221382888384372       4.086971416843          -1.12418268881926       
-0.279786121419414      99.3189487694608        -0.0246875430377291     4.99387668930616        743.979874599305        28.7514226623717        4.99387668930618        0.221382888384372       0.18765303883908        1.67873197978666        -3.33006103477125       
-0.269791553912887      99.2949287732552        -0.0124318800406528     4.99762941481367        744.358885168572        28.7587452432313        4.99762941481364        0.18765303883908        0.087753266861864       -1.12418268881926       -3.87068513753228       
-0.259789328256397      99.3057623488145        -0.00643425730038362    4.99938444196936        744.701524926855        28.7653635264291        4.99938444196939        0.087753266861864       -0.0283761209327813     -3.33006103477125       -2.16158077789664       
-0.249789217276962      99.3600270720345        -0.0076096633129097     4.99881680929202        745.023860249094        28.7715882280708        4.99881680929202        -0.0283761209327813     -0.0932555348454999     -3.87068513753228       0.227262025543359       
-0.239783893659961      99.4532700898342        -0.0127188354822876     4.99695042740068        745.444590722689        28.7797110386754        4.99695042740067        -0.0932555348454999     -0.0864290576780136     -2.16158077789664       1.84116885115567        
-0.229767389267743      99.5778546948171        -0.017495530443512      4.99521880423365        746.119758385195        28.7927413380756        4.99521880423362        -0.0864290576780136     -0.0310520541024345     0.227262025543359       2.37167079667158        
-0.219735328364629      99.7345483094397        -0.0192895335828335     4.99459570821162        747.200620420129        28.8135890089715        4.99459570821162        -0.0310520541024345     0.0404005403391856      1.84116885115567        2.18491025349278        
-0.20968360003676       99.9348537525275        -0.0172511540505909     4.99540789046081        748.823035451134        28.8448538728437        4.99540789046082        0.0404005403391856      0.106354468274603       2.37167079667158        0.827398122237388       
-0.199612613307174      100.199679352319        -0.0113247536852403     4.99755031712862        751.129408985048        28.889240768937         4.99755031712863        0.106354468274603       0.131392016929379       2.18491025349278        -1.23837260800324       
-0.189517896514845      100.561485626022        -0.00340739127328615    5.00020433396122        754.241964385221        28.9490349941875        5.00020433396123        0.131392016929379       0.0937898200476595      0.827398122237388       -2.56058996220293       
-0.179379868055349      101.059633330175        0.00304212795038002     5.00210651821571        758.266575914039        29.026167809104         5.00210651821569        0.0937898200476595      0.0156587488748199      -1.23837260800324       -2.31442214949232       
-0.169187939897983      101.729199565267        0.00546040916638843     5.00242590259535        763.339174433376        29.1230945859005        5.00242590259532        0.0156587488748199      -0.0554369311820649     -2.56058996220293       -0.848279454038255      
-0.158916734217314      102.587421580665        0.0036864241856108      5.00128647595445        769.603626231627        29.2423518250048        5.00128647595444        -0.0554369311820649     -0.0817240721927028     -2.31442214949232       0.840494114331273       
-0.148543941123087      103.634534125797        -0.000441205869126165   4.99959011239504        777.195288177003        29.3862267090668        4.99959011239501        -0.0817240721927028     -0.0553974462476212     -0.848279454038255      1.71830013935968        
-0.138046317131269      104.869930503655        -0.00436289931014548    4.99842672187622        786.276994426159        29.5574204713124        4.9984267218762         -0.0553974462476212     -0.000929232702855987   0.840494114331273       1.52964584375668        
-0.127412764358961      106.286357198346        -0.00621673063352759    4.99840696296452        796.89370183252         29.7563009542614        4.99840696296452        -0.000929232702855987   0.0481876731803506      1.71830013935968        0.62940990623728        
-0.116650123485406      107.866664607332        -0.0052901618050786     4.99944513733232        808.910207777073        29.9798118698617        4.99944513733234        0.0481876731803506      0.0686845963221838      1.52964584375668        -0.533561278801948      
-0.105720163742742      109.58538221301         -0.00196089978166619    5.00094707743405        822.046045361469        30.2222516508297        5.00094707743407        0.0686845963221838      0.0510383011922573      0.62940990623728        -1.30405699671309       
-0.0946083154524994     111.403485753654        0.00222477630495866     5.00208147349212        835.873968256192        30.475381107018         5.00208147349215        0.0510383011922573      0.00721163339439359     -0.533561278801948      -1.28366718008738       
-0.0833092360228224     113.266347583056        0.00526678284805217     5.00224436290684        849.878923056586        30.7296260066295        5.00224436290681        0.00721163339439359     -0.0366207940728874     -1.30405699671309       -0.527998093676837      
-0.0718451735123569     115.105356318009        0.00572888531364044     5.0014042529015         863.532627930948        30.9754854312415        5.00140425290146        -0.0366207940728874     -0.0549330627094912     -1.28366718008738       0.543802875920588       
-0.0601907947466815     116.834446273432        0.00347343932840047     5.00012426413265        876.280124547437        31.2032783987594        5.00012426413261        -0.0549330627094912     -0.0357938070603995     -0.527998093676837      1.18662501841225        
-0.0483618523628609     118.349510290314        -0.000215813945276214   4.9992782421402         887.493197643469        31.4022857915978        4.99927824214023        -0.0357938070603995     0.0064971259025394      0.543802875920588       0.962783722971578       
-0.0364021399951698     119.521483994055        -0.00344450195818943    4.99943351056496        896.309568468495        31.5578757288977        4.99943351056498        0.0064971259025394      0.0411462568538062      1.18662501841225        0.149073484776482       
-0.0243544732751697     120.254398052853        -0.00468315258123275    5.00042489510765        901.984628654507        31.6576237729469        5.00042489510766        0.0411462568538062      0.0465473533619408      0.962783722971578       -0.714963852069351      
-0.012221196815434      120.549763973761        -0.00325938387662155    5.00155261699753        904.403981222102        31.7000522471021        5.0015526169975         0.0465473533619408      0.0205455658476314      0.149073484776482       -1.09475372540106       
-8.05932101975152e-05   120.593996808635        8.97917111260376e-05    5.00205141204291        904.826058030795        31.707448441981         5.00205141204289        0.0205455658476314      -0.019317377225108      -0.714963852069351      -0.73830097741136       
0.0120599299855877      120.551468977432        0.00337059018202195     5.0015824679579         904.42217058614         31.7003710210699        5.0015824679579         -0.019317377225108      -0.0461658844402847     -1.09475372540106       0.124704970209659       
0.0241898074064565      120.255745060503        0.00466397568070454     5.00046411340072        902.001806407966        31.6579252216911        5.00046411340075        -0.0461658844402847     -0.041648140052521      -0.73830097741136       0.951840819100678       
0.0362389231458834      119.522675351482        0.00335778518046266     4.99946071557231        896.323380059755        31.5581188719014        4.99946071557232        -0.041648140052521      -0.0073984826685436     0.124704970209659       1.1888042105785         
0.0481953347151418      118.350113543093        0.000172055216591288    4.99928394324997        887.498733476691        31.402383728994         4.99928394324998        -0.0073984826685436     0.0349588785630291      0.951840819100678       0.564781868668903       
0.0600194974631027      116.834847580383        -0.00339793813219995    5.00010993279386        876.280622824695        31.2032872702843        5.00010993279391        0.0349588785630291      0.0548310804869528      1.1888042105785         -0.508305513666174      
0.0716696826311521      115.105748426913        -0.00557752115647356    5.00138724122994        863.53263236188         30.9754855107117        5.00138724122993        0.0548310804869528      0.0372057569082159      0.564781868668903       -1.28657300872352       
0.0831358212854842      113.266555629355        -0.00518059943827123    5.00224064795852        849.879852935118        30.7296428177369        5.00224064795851        0.0372057569082159      -0.00671790650936702    -0.508305513666174      -1.31877897516878       
0.0944283415801791      111.403439883663        -0.00228889074869398    5.00208894496344        835.874872609451        30.4753975930577        5.00208894496342        -0.00671790650936702    -0.0510306199055551     -1.28657300872352       -0.544071375463543      
0.105540933183809       109.585213066041        0.00181740029179446     5.00095494304839        822.046069451446        30.2222520936597        5.00095494304843        -0.0510306199055551     -0.0690215945460388     -1.31877897516878       0.622567593835602       
0.116467209280378       107.866704531076        0.00518192041661238     4.99944580313787        808.910614899302        29.9798194142382        4.99944580313783        -0.0690215945460388     -0.0487493251921932     -0.544071375463543      1.57060711066609        
0.127231565519816       106.286618839723        0.00619019744886746     4.99839560008487        796.893851934553        29.7563037566935        4.99839560008495        -0.0487493251921932     0.00167826841642697     0.622567593835602       1.73473220356697        
0.137862426799577       104.870000312179        0.00431178765400647     4.99843128301616        786.278235315461        29.5574437948184        4.99843128301612        0.00167826841642697     0.0566646985988077      1.57060711066609        0.779928007445435       
0.148359857146797       103.634294720367        0.000307174316982986    4.99962122755894        777.198329680571        29.3862842095607        4.99962122755888        0.0566646985988077      0.081094527687035       1.73473220356697        -0.873372773803212      
0.15873363652622        102.587331745597        -0.00379111429509442    5.00130467201868        769.605752323776        29.2423922171558        5.00130467201868        0.081094527687035       0.0540263653724725      0.779928007445435       -2.26490329260474       
0.169006725342701       101.72939509841         -0.00546543372247679    5.00241529603477        763.339023144974        29.1230916999051        5.00241529603484        0.0540263653724725      -0.0155588199497343     -0.873372773803212      -2.53579967229609       
0.179200917264879       101.059833016638        -0.00300790045298081    5.00209789900492        758.266767609466        29.0261714781193        5.00209789900492        -0.0155588199497343     -0.0929406818462231     -2.26490329260474       -1.23667905208931       
0.189339072202827       100.561459222985        0.00345089265799305     5.00021286469528        754.243053148946        28.9490558884424        5.00021286469536        -0.0929406818462231     -0.130492244641097      -2.53579967229609       0.835664805935919       
0.199432815730156       100.199464826951        0.0113685142895596      4.9975770952243         751.131825559357        28.8892872409164        4.99757709522433        -0.130492244641097      -0.105205946349024      -1.23667905208931       2.15419279863895        
0.20950450889384        99.9342791432791        0.0172584267233961      4.99545793696422        748.826231881637        28.8449154364361        4.99545793696418        -0.105205946349024      -0.0401857128181694     0.835664805935919       2.38414313190777        
0.219553281760318       99.7339880601116        0.0192842375767889      4.99465018848475        747.204573394157        28.8136652262652        4.99465018848477        -0.0401857128181694     0.0316326722813871      2.15419279863895        1.86470927623135        
0.229584821835381       99.5772234405509        0.0173916854911842      4.99528483858338        746.124891781221        28.7928403867123        4.99528483858332        0.0316326722813871      0.0877138015538666      2.38414313190777        0.110077534196231       
0.23959920873373        99.4523062821267        0.0124197757091624      4.99704217076891        745.451052708019        28.7798357787767        4.99704217076884        0.0877138015538666      0.0910204546288744      1.86470927623135        -2.21706627463794       
0.249608579549894       99.359606331052         0.00736431895337424     4.99886406764681        745.027748795742        28.7716633125902        4.99886406764684        0.0910204546288744      0.0244734703774802      0.110077534196231       -3.8458381324456        
0.259608142251643       99.3062664979864        0.00641721578822636     4.99935363264714        744.700716241999        28.7653479080106        4.99935363264708        0.0244734703774802      -0.0909119746957176     -2.21706627463794       -3.13295013507789       
0.269607457975675       99.2960832786681        0.012667857712898       4.9975355557267         744.353560094315        28.7586423743525        4.99753555572679        -0.0909119746957176     -0.184890893971621      -3.8458381324456        -0.994229603374863      
0.279605687319594       99.3194660908867        0.0248171108291415      4.99383819980805        743.978015623815        28.751386741895         4.99383819980802        -0.184890893971621      -0.214719743791787      -3.13295013507789       1.44283279050079        
0.28960491579124        99.3573997818305        0.0389363048392715      4.98954311770656        743.622045411978        28.7445075992688        4.9895431177065         -0.214719743791787      -0.171415556356368      -0.994229603374863      4.02284572795135        
0.299614630645108       99.3897276835821        0.0504885865918283      4.98611230719899        743.352516618397        28.7392978461045        4.98611230719896        -0.171415556356368      -0.0506377699702411     1.44283279050079        4.46432380753426        
0.309625134117811       99.3959694638657        0.0543478072980496      4.98509861496184        743.24806456066         28.7372786262927        4.98509861496189        -0.0506377699702411     0.0834062541326595      4.02284572795135        2.5767268654398         
0.319631413855857       99.3721373524832        0.0494378930621026      4.9867680325105         743.318696807409        28.738644072387         4.98676803251041        0.0834062541326595      0.160755805182102       4.46432380753426        -1.71577662199543       
0.329639342968358       99.3308392454647        0.039257855515021       4.98998477831615        743.489063778356        28.7419372999408        4.98998477831612        0.160755805182102       0.109263902178235       2.5767268654398         -5.19615927060464       
0.339637480504112       99.3023799680334        0.0322939817537784      4.99217046486235        743.601612550432        28.7441126832074        4.99217046486229        0.109263902178235       -0.0466567066366874     -1.71577662199543       -6.44612459225162       
0.349640753677149       99.3116083344451        0.0355734541989536      4.99123715052795        743.531683496345        28.7427610885931        4.99123715052794        -0.0466567066366874     -0.240141365336528      -5.19615927060464       -4.36999731986215       
0.359643794370512       99.3673697758586        0.0518510292123754      4.9864307329377         743.232759752289        28.7369827487602        4.98643073293765        -0.240141365336528      -0.371381217713796      -6.44612459225162       0.99073141940374        
0.369664341227824       99.4549785200374        0.0772321079366346      4.97899238891794        742.778371636895        28.7281969816898        4.97899238891785        -0.371381217713796      -0.341610439522294      -4.36999731986215       7.0878865463198         
0.379677935455599       99.5360163875616        0.100931156668123       4.97214737017816        742.361613179137        28.7201364353603        4.97214737017818        -0.341610439522294      -0.128541026687837      0.99073141940374        9.24287224776382        
0.389705197553502       99.5659618703528        0.110304318991452       4.9695708946487         742.200159312912        28.7170131399666        4.96957089464866        -0.128541026687837      0.149321764105026       7.0878865463198         10.7309659411834        
0.399725066536038       99.5289835052904        0.100647567300033       4.97256359510922        742.37130005495         28.7203238153934        4.97256359510915        0.149321764105026       0.471847364334421       9.24287224776382        9.08609037879908        
0.40974198161333        99.4141368822983        0.0685906588631677      4.98201565690446        742.92417969788         28.731016528752         4.98201565690449        0.471847364334421       0.744707833757642       10.7309659411834        10.504963171836         
0.419752347721836       99.2344241169505        0.017478843101576       4.99691888230421        743.799551466861        28.7479381186598        4.99691888230417        0.744707833757642       1.05971105938215        9.08609037879908        9.91037996391386        
0.42973905554807        98.981532139326         -0.0553979385693188     5.01808395367316        745.046457207504        28.7720245533266        5.01808395367322        1.05971105938215        1.3561893306174         10.504963171836         8.13452928177856        
0.439700259133186       98.6623413580272        -0.148164593111557      5.04509571479264        746.641433395188        28.8028052915219        5.04509571479263        1.3561893306174         1.59878975889956        9.91037996391386        -5.02429712346584       
0.449625937862918       98.2927111422253        -0.256535518391155      5.07683102076151        748.5232275624          28.839078956675         5.0768310207616         1.59878975889956        1.44948028590625        8.13452928177856        -9.5600339059281        
0.459512537752181       97.9643291409694        -0.353732154073873      5.10549310707759        750.234310753049        28.8720224198877        5.10549310707762        1.44948028590625        1.16642148806448        -5.02429712346584       -10.582200111641        
0.46936174636827        97.6997356842268        -0.43102433667472       5.12847442909847        751.575894279354        28.8978256444505        5.1284744290985         1.16642148806448        0.854089366726068       -9.5600339059281        -7.92923415632624       
0.479181562329967       97.5006287052575        -0.487024876282601      5.14525468239124        752.498349572724        28.9155542451295        5.14525468239119        0.854089366726068       0.620571991479716       -10.582200111641        -10.7760494636903       
0.48898662696345        97.3552732912995        -0.527428324088823      5.15742761652974        753.154162631022        28.9281516602584        5.15742761652969        0.620571991479716       0.30360223040516        -7.92923415632624       -5.4677767105094        
0.498788017681742       97.2833072683214        -0.547022203116754      5.16337877948365        753.465846520857        28.9341368268014        5.16337877948367        0.30360223040516        0.142864954554934       -10.7760494636903       -2.44276276765877       
0.508583855629637       97.2490227263224        -0.556121195595886      5.16617807015169        753.608652828615        28.9368786773444        5.16617807015166        0.142864954554934       0.0710801555533408      -5.4677767105094        -1.01561603264966       
0.518378715497727       97.2315668480464        -0.560498040721159      5.16757039614291        753.676449621832        28.9381802703209        5.16757039614292        0.0710801555533408      0.0412394913034332      -2.44276276765877       -0.441868540225921      
0.52816938021852        97.2208011039106        -0.562706514192233      5.16837813292891        753.710793736924        28.9388396015713        5.16837813292893        0.0412394913034332      0.0282566911406559      -1.01561603264966       -0.196668258803594      
0.537966166155514       97.213198908212         -0.563895368745816      5.16893164837546        753.732570714713        28.9392576637249        5.16893164837554        0.0282566911406559      0.0224786121730115      -0.441868540225921      -0.138661263319882      
0.547759584428525       97.2068731737872        -0.564538316644325      5.16937191670721        753.747720443242        28.9395484961179        5.16937191670728        0.0224786121730115      0.018405457474056       -0.196668258803594      -0.100925911099636      
0.557548160687118       97.2014400425983        -0.564927955186088      5.16973229104243        753.758134986067        28.939748424501         5.1697322910424         0.018405457474056       0.015441179372673       -0.138661263319882      -0.128703992715045      
0.567337098496888       97.1963088467611        -0.565118876368173      5.17003462680126        753.762423502537        28.9398307509168        5.17003462680129        0.015441179372673       0.011661179827075       -0.100925911099636      -0.0936555481218096     
0.577130318505332       97.1923447858868        -0.565178400147258      5.17026296386973        753.764970927192        28.9398796535775        5.17026296386971        0.011661179827075       0.00891054594758207     -0.128703992715045      -0.0901606462253476     
0.586916855991761       97.1889583837538        -0.565049535700488      5.17043741993246        753.764140847429        28.9398637186269        5.17043741993246        0.00891054594758207     0.00626278108772632     -0.0936555481218096     -0.0704497896867918     
0.596707771754061       97.1862639187611        -0.56471853770373       5.17056002834933        753.761117284432        28.9398056755442        5.17056002834932        0.00626278108772632     0.0041940084553162      -0.0901606462253476     -0.0780439006116432     
0.606494025949865       97.1841410438995        -0.564125544132181      5.17064213227205        753.756621405384        28.9397193683196        5.17064213227206        0.0041940084553162      0.0019024352672344      -0.0704497896867918     -0.0965859221111262     
0.616283561841789       97.1826388554969        -0.563269820370152      5.17067937060146        753.750398866095        28.9395999140373        5.17067937060151        0.0019024352672344      -0.000933404745374188   -0.0780439006116432     -0.115876636759264      
0.626066300550747       97.181588961607         -0.56217813841679       5.17066110115846        753.739592688828        28.9393924663411        5.17066110115846        -0.000933404745374188   -0.00433568563793791    -0.0965859221111262     -0.119936548602055      
0.635857098616917       97.1809795968291        -0.560867847957854      5.17057622969857        753.722494623279        28.9390642293477        5.17057622969862        -0.00433568563793791    -0.00785720824733827    -0.115876636759264      -0.118529429884103      
0.645642954508833       97.181394651901         -0.559347093079203      5.17042242658662        753.703293532731        28.9386956154775        5.17042242658663        -0.00785720824733827    -0.0113375825971252     -0.119936548602055      -0.105910920809329      
0.655430001893764       97.182305330815         -0.557619411776259      5.17020049762144        753.678005072067        28.9382101318591        5.17020049762139        -0.0113375825971252     -0.0144472286203342     -0.118529429884103      -0.0862001007552681     
0.665219307846321       97.1842124405283        -0.555668495563163      5.16991770026294        753.651570123602        28.9377026294533        5.169917700263          -0.0144472286203342     -0.0169779253204667     -0.105910920809329      -0.0852664728035841     
0.675002659874192       97.187015042133         -0.553460616572754      5.16958543853936        753.624866665375        28.9371899631171        5.16958543853933        -0.0169779253204667     -0.019481011976672      -0.0862001007552681     -0.0862407518943801     
0.684787088688948       97.1914035887896        -0.550994019025273      5.16920420061179        753.60331754179         28.9367762456511        5.16920420061171        -0.019481011976672      -0.0220128433448934     -0.0852664728035841     -0.092629307962976      
0.6945743167648         97.1976090781131        -0.548284413082584      5.16877332508963        753.588613598161        28.9364939440792        5.16877332508967        -0.0220128433448934     -0.0247327400840818     -0.0862407518943801     -0.0707992960200899     
0.70436307985926        97.2050567851431        -0.545365269281795      5.16828912202124        753.575756382168        28.9362470956444        5.1682891220212         -0.0247327400840818     -0.0268120159541391     -0.092629307962976      -0.0971819566820481     
0.714153151692947       97.2114104190029        -0.542218301669177      5.16776412667016        753.5484591995          28.9357230042248        5.16776412667012        -0.0268120159541391     -0.0296670278696123     -0.0707992960200899     -0.050698980283347      
0.723945444296349       97.2166079329681        -0.538907176840648      5.16718299152632        753.504004507674        28.9348694774176        5.16718299152641        -0.0296670278696123     -0.0311571239300439     -0.0971819566820481     -0.0833576666575385     
0.73374796039645        97.222123427817         -0.535349081101537      5.16657231614241        753.457697128108        28.9339803523682        5.16657231614232        -0.0311571239300439     -0.0336079310796282     -0.050698980283347      -0.0363618485069161     
0.743550363107262       97.2294566141445        -0.531626789729453      5.16591347646728        753.418440348899        28.9332265810031        5.16591347646732        -0.0336079310796282     -0.0346770431238647     -0.0833576666575385     -0.058064254275406      
0.753350434235703       97.2388007350086        -0.52768092386149       5.16523382142361        753.391713466706        28.9327133855761        5.16523382142362        -0.0346770431238647     -0.0363837691787325     -0.0363618485069161     -0.0371332079023699     
0.763147024053722       97.2492221910592        -0.523577958807936      5.16452097202477        753.368471278233        28.932267093991         5.16452097202479        -0.0363837691787325     -0.0374748622970897     -0.058064254275406      -0.0531953155124921     
0.77293879534282        97.2538484244334        -0.519292826504856      5.16378703108638        753.297241825994        28.9308993182413        5.16378703108633        -0.0374748622970897     -0.039037618970711      -0.0371332079023699     -0.0389545538297582     
0.782728436681785       97.2544838183039        -0.51486678591316       5.1630225366368         753.190637614323        28.928852141731         5.1630225366368         -0.039037618970711      -0.0401821663427801     -0.0531953155124921     -0.0452332585496818     
0.792524446162054       97.2581212218317        -0.510285448133486      5.16223533182673        753.10396451764         28.9271876060805        5.16223533182666        -0.0401821663427801     -0.0415116231913164     -0.0389545538297582     -0.0258379633644715     
0.802324586237574       97.2645544636282        -0.505574124093267      5.16142177414703        753.035083891921        28.9258647021796        5.16142177414704        -0.0415116231913164     -0.042271260323136      -0.0452332585496818     -0.0249104128574179     
0.812124917556203       97.27227183931          -0.50071971433546       5.16059317441262        752.973933170329        28.9246902061645        5.16059317441256        -0.042271260323136      -0.0430037515841796     -0.0258379633644715     -0.0106598226049641     
0.821928043382349       97.2805359788099        -0.495741730817424      5.15975009501292        752.914882139358        28.9235559927536        5.15975009501292        -0.0430037515841796     -0.0433172227314969     -0.0249104128574179     -0.0156990679020317     
0.831731034859245       97.2890644369994        -0.490642019373435      5.1589008582713         752.856957036672        28.9224433622187        5.15890085827136        -0.0433172227314969     -0.0437789110143112     -0.0106598226049641     -0.0261846584420974     
0.841532045657913       97.2977363189501        -0.485438002131831      5.15804254714032        752.798795510376        28.9213261473716        5.15804254714032        -0.0437789110143112     -0.0445489997426877     -0.0156990679020317     -0.00236343309638627    
0.851338201210651       97.3066838046344        -0.480149715332569      5.1571690339368         752.74052476851         28.9202067913406        5.15716903393672        -0.0445489997426877     -0.0446185148139781     -0.0261846584420974     -0.0125299271106824     
0.86114071843384        97.3157766942871        -0.474755576568348      5.1562941019517         752.683148093403        28.9191045676153        5.15629410195162        -0.0446185148139781     -0.0449870959927902     -0.00236343309638627    -0.001257589386417      
0.87094786587834        97.3247634604864        -0.469269294829204      5.15541182713173        752.623854925485        28.9179654833286        5.15541182713171        -0.0449870959927902     -0.045024092483943      -0.0125299271106824     -0.0020362946636437     
0.88075451553598        97.3336036204933        -0.463676592872608      5.15452873604379        752.563285266792        28.9168018299779        5.15452873604375        -0.045024092483943      -0.045084000842641      -0.001257589386417      0.0144009227885385      
0.890561559625888       97.3425388657825        -0.457987765049228      5.15364448634834        752.503258069184        28.91564855209          5.15364448634836        -0.045084000842641      -0.0446603208622682     -0.0020362946636437     0.00410262211438621     
0.900367584225705       97.3515991543106        -0.452187868394769      5.15276854165169        752.445386402725        28.9145366439852        5.15276854165177        -0.0446603208622682     -0.0445396038321475     0.0144009227885385      0.0235057440282581      
0.910175468247554       97.3608333810483        -0.44630651777265       5.1518947714681         752.3891526624          28.9134561649531        5.15189477146814        -0.0445396038321475     -0.0438477155251351     0.00410262211438621     0.00121186142995797     
0.919989326954784       97.370070859144         -0.440319110595499      5.1510341326014         752.334837733901        28.912412515771         5.15103413260144        -0.0438477155251351     -0.0438120330521197     0.0235057440282581      0.0193864704013362      
0.929809538798034       97.3792579068389        -0.434274658878124      5.15017394995327        752.280176006373        28.9113621648878        5.15017394995327        -0.0438120330521197     -0.0432411814777624     0.00121186142995797     0.0164890654891736      
0.939622215193793       97.3878416058428        -0.428154147050644      5.14932517575426        752.222496890002        28.9102537920756        5.14932517575433        -0.0432411814777624     -0.0427557195976292     0.0193864704013362      0.0255745810665333      
0.949434329000462       97.3965151464851        -0.421966818838894      5.1484860948093         752.166905871843        28.9091855043387        5.14848609480922        -0.0427557195976292     -0.042002819105625      0.0164890654891736      0.00961277060711032     
0.959247422559548       97.4050429001371        -0.415696908036767      5.14766170499337        752.112313815408        28.9081363751416        5.14766170499341        -0.042002819105625      -0.0417197874685824     0.0255745810665333      0.0116964257637144      
0.969063144738782       97.4136159376995        -0.409360034217537      5.14684271673988        752.058839550367        28.907108690316         5.1468427167399         -0.0417197874685824     -0.0413753386009751     0.00961277060711032     0.00570578114976569     
0.978879988683614       97.4221479784246        -0.402951137687721      5.14603032592286        752.005991870276        28.9060930114949        5.14603032592278        -0.0413753386009751     -0.041207297252692      0.0116964257637144      0.0250364659725539      
0.988699903995007       97.4309215860331        -0.396486395683472      5.14522122950588        751.955469232169        28.9051219842545        5.14522122950589        -0.041207297252692      -0.0404699682428402     0.00570578114976569     0.0165895517573095      
0.998512799180007       97.4411780584334        -0.389955538227541      5.14442673023008        751.91850154337         28.9044114576799        5.14442673023011        -0.0404699682428402     -0.0399813871163342     0.0250364659725539      0.0183883724146409      
1.00833074060646        97.4548762772509        -0.383368576093527      5.14364170650358        751.909449182721        28.904237466786         5.14364170650353        -0.0399813871163342     -0.0394396908415847     0.0165895517573095      0.0363080838372759      
1.01815142184455        97.4685131998767        -0.376730947133474      5.14286698427392        751.901397812869        28.9040827145553        5.14286698427396        -0.0394396908415847     -0.0383695505395961     0.0183883724146409      0.0325420819123545      
1.02797854301462        97.477358632287         -0.370019760966858      5.14211284710111        751.859367186848        28.9032748468798        5.14211284710107        -0.0383695505395961     -0.0374100549831499     0.0363080838372759      0.0265098026829139      
1.03781276756496        97.4836934675901        -0.36324226113002       5.14137733319897        751.800677926176        28.9021467469917        5.14137733319897        -0.0374100549831499     -0.0366283761762279     0.0325420819123545      0.0140637353303628      
1.04763891988634        97.4909607322213        -0.356413265037806      5.14065737560874        751.751439514914        28.9012002733242        5.14065737560869        -0.0366283761762279     -0.036213802482814      0.0265098026829139      0.0448108256117413      
1.05746385712626        97.4995939756249        -0.349540133567296      5.13994584616537        751.713949586735        28.9004796112978        5.13994584616544        -0.036213802482814      -0.0348931567578851     0.0140637353303628      0.0168652656845809      
1.0672838663373         97.5042882636736        -0.342586598512354      5.13926033406209        751.64988161168         28.8992480027438        5.13926033406214        -0.0348931567578851     -0.0343960764727776     0.0448108256117413      0.0333864691127187      
1.07711097634044        97.5055527894254        -0.335615840997926      5.13858441201447        751.560770472892        28.8975348904999        5.13858441201446        -0.0343960764727776     -0.0334118083243821     0.0168652656845809      0.0211819741356475      
1.08693902325424        97.5098515885394        -0.32858752217168       5.13792761973008        751.497839508807        28.8963250164139        5.13792761973017        -0.0334118083243821     -0.0327871600201054     0.0333864691127187      0.0409551228728478      
1.09677079920053        97.5161804140438        -0.321503602418042      5.13728295732671        751.452317556995        28.8954498062891        5.13728295732663        -0.0327871600201054     -0.0315792059185254     0.0211819741356475      0.0339060163280605      
1.10660327745007        97.5225777473113        -0.314350063453745      5.13666196274426        751.410773435075        28.8946510512293        5.13666196274432        -0.0315792059185254     -0.0305790983180783     0.0409551228728478      0.0294189988297502      
1.11643587987857        97.5290636000074        -0.307155669860401      5.1360606450435         751.372777955913        28.8939205054149        5.13606064504341        -0.0305790983180783     -0.0297113120574848     0.0339060163280605      0.023755690353467       
1.1262668711922         97.5354050312814        -0.299930557680007      5.1354763739542         751.3361522433          28.8932162788603        5.13547637395425        -0.0297113120574848     -0.0290104836163885     0.0294189988297502      0.0356802004435036      
1.13610216076707        97.5416429112166        -0.292670009483555      5.13490574642447        751.300714050734        28.8925348691921        5.13490574642455        -0.0290104836163885     -0.0279577027049899     0.023755690353467       0.028623466970666       
1.14593999168977        97.5476754223649        -0.285356324650114      5.13435573774707        751.266700513062        28.8918808378383        5.13435573774712        -0.0279577027049899     -0.0271130937567768     0.0356802004435036      0.0393569428495412      
1.15577481078836        97.5539064649379        -0.2780194209532        5.13382239582207        751.236644714445        28.891302895786         5.13382239582214        -0.0271130937567768     -0.0259518064492129     0.028623466970666       0.0322195098506984      
1.16560936067715        97.5598327789182        -0.270629626919023      5.13331191814452        751.207578504311        28.8907439715043        5.13331191814458        -0.0259518064492129     -0.0250011260215462     0.0393569428495412      0.0299932790082953      
1.17544587681545        97.5656223424986        -0.263188234148426      5.13282010412878        751.18018174712         28.8902171398155        5.1328201041287         -0.0250011260215462     -0.0241160629781533     0.0322195098506984      0.0251517294054826      
1.18528164386181        97.5714517719385        -0.255712887120414      5.13234566449635        751.155626220485        28.8897449360012        5.13234566449628        -0.0241160629781533     -0.0233738165837229     0.0299932790082953      0.0254162582426205      
1.19511995235064        97.5771949624642        -0.248202330420145      5.13188579381185        751.132530941819        28.8893008057735        5.13188579381183        -0.0233738165837229     -0.0226236914869501     0.0251517294054826      0.0359283032663529      
1.20495678481417        97.5830486371807        -0.240653652377755      5.13144063750084        751.112431962075        28.8889142898578        5.13144063750081        -0.0226236914869501     -0.0215631256348029     0.0254162582426205      0.0345245561763875      
1.21479792150247        97.5888481818237        -0.233048125134035      5.13101624540278        751.094948086624        28.8885780598227        5.13101624540279        -0.0215631256348029     -0.0205438661692728     0.0359283032663529      0.0364075650504158      
1.22464157829729        97.594367167254         -0.225405516276129      5.13061186498348        751.078227215802        28.8882564993652        5.13061186498355        -0.0205438661692728     -0.0194689204538422     0.0345245561763875      0.0225936096547423      
1.23448063712495        97.5994345774752        -0.217738850605584      5.13022865933839        751.061124606878        28.8879275939675        5.13022865933832        -0.0194689204538422     -0.0188018435349141     0.0364075650504158      0.0348843044803418      
1.24432474802407        97.6047477061922        -0.210052322710265      5.12985857008348        751.047827252169        28.8876718659663        5.12985857008348        -0.0188018435349141     -0.0177717963579122     0.0225936096547423      0.0280130405234344      
1.25416480434557        97.6095279553253        -0.202310895565912      5.12950871556203        751.033386553105        28.8873941471806        5.12950871556205        -0.0177717963579122     -0.0169445323424163     0.0348843044803418      0.0294507740453051      
1.26401246132611        97.6144065108063        -0.194546885820668      5.12917508947879        751.022073374226        28.8871765739715        5.12917508947874        -0.0169445323424163     -0.0160748237349614     0.0280130405234344      0.024209853462963       
1.27385570315983        97.618934826286         -0.186748632789462      5.12885862332084        751.010573524787        28.8869554090652        5.12885862332085        -0.0160748237349614     -0.0153599715265363     0.0294507740453051      0.0318272395747015      
1.28369569974842        97.6242818687442        -0.178920708963844      5.12855631027408        751.007440220886        28.886895149125         5.12855631027404        -0.0153599715265363     -0.0144202713010088     0.024209853462963       0.0292344453952632      
1.29353621567723        97.6307510526832        -0.171056411180334      5.12827247014016        751.015639293874        28.8870528340577        5.12827247014025        -0.0144202713010088     -0.0135570317395489     0.0318272395747015      0.0216433484391726      
1.30338201020797        97.638450777303         -0.163180537582023      5.12800556052065        751.035777759948        28.8874401342703        5.12800556052072        -0.0135570317395489     -0.0129178577876976     0.0292344453952632      0.0239473942376913      
1.31322572503623        97.6490992231403        -0.155282452010223      5.12775122128061        751.080431697613        28.8882988941431        5.12775122128067        -0.0129178577876976     -0.0122105638089103     0.0216433484391726      0.0447450272983305      
1.32307042933079        97.6631928097191        -0.147373268880489      5.12751078836278        751.153612136684        28.8897062047421        5.12751078836272        -0.0122105638089103     -0.0108887119503614     0.0239473942376913      0.0230652445084444      
1.33291843879356        97.6732090157663        -0.139454703564017      5.12729630619287        751.199225700814        28.8905833505355        5.1272963061929         -0.0108887119503614     -0.0102070770408068     0.0447450272983305      0.00394781492018337     
1.34277303997975        97.6781667819768        -0.131526297408438      5.12709516439439        751.207884862173        28.8907498626227        5.12709516439439        -0.0102070770408068     -0.0100903878079144     0.0230652445084444      0.0350403926699415      
1.35262805119425        97.6813182795584        -0.123586030280343      5.12689631691977        751.202986379003        28.8906556669377        5.12689631691969        -0.0100903878079144     -0.00905483611069585    0.00394781492018337     0.0301567664249578      
1.36247667481688        97.6841043872273        -0.11563929086609       5.12671795223507        751.198277415004        28.8905651153337        5.12671795223499        -0.00905483611069585    -0.00816382710861167    0.0350403926699415      0.0263744154880131      
1.37232097362597        97.6848405795754        -0.107687618265585      5.12655717309636        751.180380263995        28.8902209572719        5.12655717309641        -0.00816382710861167    -0.00738456094437019    0.0301567664249578      0.0232572677037917      
1.38217193061103        97.6837562608453        -0.09974463198054       5.12641169850014        751.15072627355         28.8896507088909        5.12641169850018        -0.00738456094437019    -0.00669736434842633    0.0263744154880131      0.0272886644080547      
1.39202537810364        97.6835483838417        -0.0918022020966597     5.12627976056544        751.129795530453        28.8892482024109        5.12627976056537        -0.00669736434842633    -0.00589112679538214    0.0232572677037917      0.00767243909599928     
1.40186748347397        97.6833750762236        -0.0838504966980396     5.12616374910001        751.111464308215        28.8888956811401        5.12616374910005        -0.00589112679538214    -0.005664468881438      0.0272886644080547      0.0279517585264909      
1.41171497831619        97.683291664157         -0.075868801870969      5.12605219272994        751.094477142195        28.8885690031002        5.12605219272987        -0.005664468881438      -0.00483874284181024    0.00767243909599928     0.0060952597262759      
1.42156599625967        97.682424278582         -0.0678686715980918     5.12595688733989        751.073843254282        28.8881721904443        5.12595688733988        -0.00483874284181024    -0.00465872780161297    0.0279517585264909      0.0266136255438619      
1.43140909006206        97.6804281660727        -0.0598653772846141     5.12586518328182        751.045058736799        28.8876186229941        5.12586518328179        -0.00465872780161297    -0.00387325934906332    0.0060952597262759      0.0177800982614316      
1.44124059717257        97.6762278642997        -0.0518854676677479     5.12578900899307        751.001602840095        28.8867828838361        5.12578900899316        -0.00387325934906332    -0.00334882532259826    0.0266136255438619      0.024064305451888       
1.45106791961133        97.6712589478347        -0.0439018118210997     5.12572317690229        750.953753559211        28.8858626236129        5.12572317690235        -0.00334882532259826    -0.00263937321987493    0.0177800982614316      0.0210116629312991      
1.46089829474063        97.6514371006955        -0.0359150276610697     5.12567130768403        750.79375395172         28.8827852217991        5.12567130768402        -0.00263937321987493    -0.00202034862147156    0.024064305451888       0.0191540960546018      
1.47071441589326        97.5703839228999        -0.0279414522533008     5.12563164389476        750.164771013264        28.8706843049651        5.12563164389468        -0.00202034862147156    -0.00145673111678019    0.0210116629312991      0.016602829398111       
1.48051610058456        97.3889885554031        -0.019959342948217      5.12560308878708        748.765950830136        28.8437543948259        5.12560308878701        -0.00145673111678019    -0.000969108166258244   0.0191540960546018      0.0144479517541207      
1.49030097293452        97.0889644721978        -0.0119806735428825     5.12558413209349        746.456483550128        28.7992377127152        5.12558413209353        -0.000969108166258244   -0.000545617410514424   0.016602829398111       0.0144479517541207      
1.50005147883981        96.7769784008672        -0.00401487473872834    5.12557348262645        744.056271330297        28.7528988167628        5.1255734826265         -0.000545617410514424   -0.000545617410514424   0.0144479517541207      0.0144479517541207      
