# xp[i]                    V[i]                   up[i]                    p[i]                    e[i]                   cs[i]                  dd1[i]             dd2_left[i]            dd2_right[i]             dd3_left[i]            dd3_right[i]
-1.50016169063914       98.1967148679189        -0.000147368346189377   4.99984629777579        736.452721929163        28.6056078792868        5.00032991144603        0.0367451107404983      0.0367451107404983      -0.264156761314129      -0.264156761314129      
-1.49028505750717       98.515809341193         -0.000372115066878298   5.00032991144603        738.917322298621        28.6534334242594        5.00032991144603        0.0367451107404983      0.0367451107404983      -0.264156761314129      -0.264156761314129      
-1.48036723660447       98.8182111848622        -0.000571581922408397   5.0010585124017         741.293484339546        28.699467365161         5.00105851240171        0.0367451107404983      0.0288783111382198      -0.264156761314129      -0.801206144776868      
-1.47042248283803       98.9980168847046        -0.000593025738225555   5.00163271640063        742.727580163981        28.7272147422765        5.00163271640063        0.0288783111382198      0.00496100971754108     -0.264156761314129      -0.896005397962475      
-1.46046266587662       99.0797767984845        -0.000228565516467658   5.00173154136484        743.355667086553        28.7393587473221        5.00173154136484        0.00496100971754108     -0.0218258242204953     -0.801206144776868      -0.501012528895174      
-1.45048638812235       99.1053834294135        0.000528334001154062    5.00129625684894        743.483074768657        28.7418215375871        5.00129625684894        -0.0218258242204953     -0.0368156349644107     -0.896005397962475      0.185800215979892       
-1.44051165149556       99.1200025266163        0.00143381770306241     5.00056174861801        743.483539736278        28.7418305250239        5.00056174861801        -0.0368156349644107     -0.0312536628960478     -0.501012528895174      0.810030721276684       
-1.43053542978804       99.1327880759611        0.00212305323635412     4.99993793419187        743.486681434802        28.7418912513658        4.99993793419187        -0.0312536628960478     -0.00698872459848625    0.185800215979892       1.00087427414659        
-1.42054316562153       99.1374761017414        0.00222168780251743     4.99979829878502        743.501076538992        28.7421694947606        4.99979829878502        -0.00698872459848625    0.0230149446891626      0.810030721276684       0.653557317389593       
-1.41054371838165       99.1337513928433        0.00150520396606773     5.00025844158758        743.541565872464        28.7429520998427        5.00025844158758        0.0230149446891626      0.0426129973909278      1.00087427414659        -0.0399189176358128     
-1.40054844136452       99.1250188939457        0.000148596027558724    5.00111031304558        743.602731407025        28.7441343080448        5.00111031304559        0.0426129973909278      0.0414160317704961      0.653557317389593       -0.776226632209984      
-1.39055667603384       99.1168717970041        -0.00123087647652929    5.00193811844862        743.66468883423         28.7453317723887        5.00193811844862        0.0414160317704961      0.0181400233729742      -0.0399189176358128     -1.14278166567619       
-1.3805603645306        99.1143242948965        -0.00176622979429884    5.002300784272          743.699493229426        28.7460044224396        5.002300784272          0.0181400233729742      -0.0161311901260311     -0.776226632209984      -0.82019977367377       
-1.37055959784003       99.1207178807556        -0.000884111401165822   5.0019782370287         743.699510517302        28.7460047565513        5.0019782370287         -0.0161311901260311     -0.0407296880194835     -1.14278166567619       -0.0401532103133254     
-1.36056693479739       99.1313911356232        0.00111387364347956     5.00116395597052        743.658510379041        28.7452123623133        5.00116395597052        -0.0407296880194835     -0.0419340926088147     -0.82019977367377       0.721695412786667       
-1.35056838257473       99.1407459712278        0.00329251615749166     5.00032533658252        743.603975951433        28.7441583621096        5.00032533658253        -0.0419340926088147     -0.0202801423430758     -0.0401532103133254     1.12433587211327        
-1.34056112922256       99.1448336411084        0.00460659147089592     4.99991955788619        743.574289178327        28.7435845823479        4.9999195578862         -0.0202801423430758     0.0134624529961567      0.721695412786667       0.99881788645597        
-1.33055684611469       99.1390974326467        0.00433627235914817     5.00018891776826        743.571324450401        28.7435272800755        5.00018891776825        0.0134624529961567      0.0434312618996844      1.12433587211327        0.399196707211584       
-1.32055620179838       99.1211185471034        0.0024489500804921      5.00105747825614        743.565616744658        28.7434169611961        5.00105747825615        0.0434312618996844      0.0554022416433384      0.99881788645597        -0.421295516055281      
-1.31056475526655       99.0966408758359        -0.000328724356470854   5.00216470357063        743.546578847281        28.7430489925107        5.00216470357063        0.0554022416433384      0.042773192879682       0.399196707211584       -1.21317639076244       
-1.3005778769509        99.0785881933217        -0.00270290533042543    5.0030193399086         743.538139353043        28.742885870595         5.0030193399086         0.042773192879682       0.00641119922284821     -0.421295516055281      -1.50792973179076       
-1.29058177348998       99.0722850946188        -0.0031238477969242     5.00314745740665        743.509876905914        28.7423395959865        5.00314745740666        0.00641119922284821     -0.038786377251034      -1.21317639076244       -0.902075851585444      
-1.28059407759744       99.0781124294384        -0.000758638289412602   5.00237243680299        743.438428061235        28.7409585408319        5.00237243680299        -0.038786377251034      -0.0658265408419566     -1.50792973179076       0.154028661147672       
-1.27060202591777       99.091818967172         0.00353797876194797     5.00105698633002        743.345750300887        28.7391670470204        5.00105698633001        -0.0658265408419566     -0.0612089707497758     -0.902075851585444      1.15632436604585        
-1.2606066491292        99.1053819079299        0.00791798986493051     4.99983349440033        743.265611907906        28.7376178535674        4.99983349440033        -0.0612089707497758     -0.0265374411589836     0.154028661147672       1.68967799830111        
-1.25061191793361       99.110724114567         0.0103812930669353      4.99930299648772        743.226810075033        28.7368677268424        4.99930299648772        -0.0265374411589836     0.0241310411604407      1.15632436604585        1.26156393448609        
-1.24061566704323       99.1041245145197        0.00964000514890215     4.99978542450474        743.249035883998        28.7372974041285        4.99978542450475        0.0241310411604407      0.0619617693308281      1.68967799830111        0.228388604992404       
-1.2306188799505        99.0884079113724        0.00626320696300711     5.00102414410841        743.315280549054        28.7385780315715        5.00102414410841        0.0619617693308281      0.068810161645747       1.26156393448609        -0.760902813984645      
-1.22062535345193       99.0712426326017        0.00212707682426597     5.00239960292158        743.390917209411        28.7400401532506        5.00239960292158        0.068810161645747       0.0459962236225444      0.228388604992404       -1.79043686326055       
-1.21063083045482       99.0595863912007        -0.00076856547536874    5.00331895546956        743.440059468102        28.7409900755022        5.00331895546956        0.0459962236225444      -0.00767971342377235    -0.760902813984645      -2.24457589040839       
-1.20063827127072       99.0604843707854        -0.000120201619904121   5.00316547474106        743.42399297256         28.740679512816         5.00316547474106        -0.00767971342377235    -0.0749700684193688     -1.79043686326055       -1.46107680550332       
-1.19064748144162       99.0775479762894        0.00526239198074625     5.00166715635893        743.329376468374        28.7388505234518        5.00166715635892        -0.0749700684193688     -0.118774311799515      -2.24457589040839       0.0775548231505537      
-1.18065051144727       99.1052707344634        0.0139538916463296      4.99929296239427        743.184423778472        28.7360482819919        4.99929296239427        -0.118774311799515      -0.116448771531359      -1.46107680550332       1.55852556443073        
-1.17065700138006       99.1326864742015        0.0228141434321591      4.99696493258598        743.043836976939        28.7333301813018        4.99696493258597        -0.116448771531359      -0.0697103870297538     0.0775548231505537      2.58639320189356        
-1.16065723251025       99.1490239367868        0.0286569307650724      4.99557117051478        742.959008344939        28.731689982877         4.99557117051478        -0.0697103870297538     0.0078571492347155      1.55852556443073        2.18885517097203        
-1.15066306662977       99.1471186237516        0.0291547454658567      4.99572826620537        742.96809453224         28.7318656727304        4.99572826620536        0.0078571492347155      0.0735030264879544      2.58639320189356        0.521046297357198       
-1.14066320575224       99.1296700231513        0.0249764909470439      4.99719788548968        743.055866143472        28.7335627628789        4.99719788548968        0.0735030264879544      0.0891279980989875      2.18885517097203        -1.09225224168217       
-1.13066909957212       99.1087587700685        0.0195538532197296      4.99897961392507        743.163996979485        28.7356533668829        4.99897961392508        0.0891279980989875      0.0563790500915403      0.521046297357198       -2.97848015815042       
-1.12067583196512       99.0957897970367        0.0163391640721114      5.00010640391869        743.234239748315        28.7370113606577        5.00010640391869        0.0563790500915403      -0.0329148054422112     -1.09225224168217       -3.9738933503102        
-1.11068453371934       99.1040209865702        0.0193745246311953      4.99944856913679        743.198183875517        28.7363143054513        4.9994485691368         -0.0329148054422112     -0.152075476616286      -2.97848015815042       -2.44349058602046       
-1.10068842939526       99.140520081271         0.0308167168826785      4.9964080340199         743.019736546461        28.7328641985379        4.99640803401991        -0.152075476616286      -0.225376569669187      -3.9738933503102        0.80717667523603        
-1.09068475118154       99.1948162783637        0.0475236900887013      4.99189941735386        742.75581837673         28.7277608358328        4.99189941735385        -0.225376569669187      -0.201151065762338      -2.44349058602046       3.20052848890288        
-1.08067858118324       99.2437036426808        0.0626735229915303      4.98787383138434        742.522608493486        28.7232505219781        4.98787383138435        -0.201151065762338      -0.105066515643204      0.80717667523603        4.15629854679651        
-1.07066909961069       99.2719846267391        0.0711573649218819      4.98577076330516        742.421037850913        28.7212859092136        4.98577076330515        -0.105066515643204      0.01971687214706        3.20052848890288        2.99465624525435        
-1.06066115339818       99.2739221981076        0.070904126810489       4.98616539441675        742.494293148337        28.7227028507713        4.98616539441676        0.01971687214706        0.109616807716092       4.15629854679651        0.868367525396073       
-1.05065673883023       99.2510032105556        0.0643579470185288      4.98835898071581        742.649449815643        28.7257037398688        4.98835898071579        0.109616807716092       0.135681261103063       2.99465624525435        -2.62636717030132       
-1.04065070481695       99.218095845457         0.0560335707107883      4.99107386542311        742.807267726959        28.7287557785838        4.99107386542312        0.135681261103063       0.0568507832010171      0.868367525396073       -5.52346157849404       
-1.03064862205824       99.2056323988759        0.0532655596216643      4.99221143830034        742.883239208231        28.7302248745547        4.99221143830035        0.0568507832010171      -0.108961168032063      -2.62636717030132       -5.85793818351499       
-1.02063921893176       99.2337956886962        0.0620955895205763      4.99003052458408        742.769504335401        28.7280255023132        4.99003052458408        -0.108961168032063      -0.284869169526977      -5.52346157849404       -3.07991570299318       
-1.0106290811904        99.3015846839991        0.0832177307147139      4.98432651715262        742.4272826036          28.7214067011504        4.98432651715262        -0.284869169526977      -0.377387412423504      -5.85793818351499       2.50604994305893        
-1.00061225395318       99.3868536321552        0.110833360640976       4.97676765776399        741.937918145151        28.7119394086454        4.976767657764          -0.377387412423504      -0.302088859883867      -3.07991570299318       7.29074792692288        
-0.990597161639259      99.4545247729115        0.133265798014971       4.97071584330869        741.540272966172        28.7042442267529        4.97071584330871        -0.302088859883867      -0.0829669222333378     2.50604994305893        9.37251985868022        
-0.98057772115242       99.4731967470616        0.140495773277614       4.96905328278731        741.431422268001        28.7021374014008        4.96905328278733        -0.0829669222333378     0.198757133860576       7.29074792692288        9.78265862080802        
-0.970554023083108      99.425787549953         0.128196797662109       4.97303662449762        741.672124358154        28.7067960276957        4.97303662449763        0.198757133860576       0.492703406811988       9.37251985868022        10.9860269178712        
-0.960538356676536      99.3081159981646        0.095634759036992       4.98290356136191        742.264147319093        28.71825101683          4.98290356136189        0.492703406811988       0.822434373292392       9.78265862080802        9.39332547017258        
-0.950541150339446      99.1124632393559        0.0405550672068177      4.99934730265606        743.246438632908        28.7372471934733        4.99934730265608        0.822434373292392       1.10383277633838        10.9860269178712        10.640311076777         
-0.940563257545026      98.8515948675715        -0.0334320748467909     5.02136968857957        744.555603203658        28.7625451509358        5.02136968857956        1.10383277633838        1.42178071274622        9.39332547017258        4.31086520501018        
-0.930614578863695      98.5186238581035        -0.128478013976992      5.04965445425306        746.227511687931        28.7948203615382        5.04965445425304        1.42178071274622        1.55019890192674        10.640311076777         -6.76030375623731       
-0.920702025712004      98.1602249961816        -0.231345264414253      5.08038891121868        748.038177889997        28.8297334533097        5.08038891121869        1.55019890192674        1.34946555781804        4.31086520501018        -9.87699132137231       
-0.910823535201672      97.8517234406787        -0.319954646044852      5.10705749695108        749.601566680952        28.8598445880345        5.10705749695109        1.34946555781804        1.05706997868525        -6.76030375623731       -10.2543842595568       
-0.90096840632814       97.6128870436403        -0.38838408114505       5.12789043018353        750.822284000503        28.8833339873149        5.12789043018354        1.05706997868525        0.754243704893131       -9.87699132137231       -8.79539191101309       
-0.89114077979006       97.4440935691478        -0.436350098055475      5.14272231998957        751.691872423812        28.9000552176292        5.14272231998957        0.754243704893131       0.494987287168028       -10.2543842595568       -8.34193201451239       
-0.881321990783983      97.3346453771373        -0.46680963028225       5.1524414023339         752.266585083975        28.9111010029784        5.15244140233389        0.494987287168028       0.249393495476743       -8.79539191101309       -3.7058363545063        
-0.87151716720915       97.2801849570456        -0.480987766318099      5.15733392135531        752.559596632034        28.91673096308          5.15733392135531        0.249393495476743       0.140362921118287       -8.34193201451239       -1.75321261107932       
-0.861710265554065      97.2502849914132        -0.4878462416719        5.16008636911411        752.729804964981        28.9200008637809        5.16008636911411        0.140362921118287       0.0888033249585691      -3.7058363545063        -0.771879096808384      
-0.851909877376221      97.2316299781007        -0.491250072648541      5.16182716080463        752.839302765398        28.922104248892         5.16182716080464        0.0888033249585691      0.0661097014523028      -1.75321261107932       -0.377126062636971      
-0.842112003312506      97.2178720298259        -0.493027209947342      5.16312270236877        752.921703229763        28.9236870100493        5.16312270236876        0.0661097014523028      0.0550243014799271      -0.771879096808384      -0.155671982967366      
-0.832314449866986      97.2066746621338        -0.494095999309522      5.16420091917359        752.992197959999        28.9250410152403        5.16420091917358        0.0550243014799271      0.0504490297227694      -0.377126062636971      -0.0979892990357269     
-0.822516863169851      97.1966800148741        -0.49474732227527       5.16518935439553        753.058885343125        28.9263218336811        5.16518935439555        0.0504490297227694      0.0475694771315557      -0.155671982967366      -0.0507114157850797     
-0.812724090213327      97.1873363620577        -0.495171063421969      5.16612118472199        753.122335900093        28.9275404319923        5.16612118472201        0.0475694771315557      0.0460793094405054      -0.0979892990357269     -0.0451403544526915     
-0.802929565945464      97.1784570904716        -0.495364152266629      5.16702388168233        753.185112857262        28.9287460429791        5.16702388168232        0.0460793094405054      0.0447528258132205      -0.0507114157850797     -0.0604625519974225     
-0.793131244711167      97.1702474982836        -0.495336151312708      5.16790068403554        753.249282771423        28.9299783533241        5.16790068403555        0.0447528258132205      0.0429762016001572      -0.0451403544526915     -0.0694946626666958     
-0.783338188449455      97.1634693270225        -0.495104105798282      5.16874247843387        753.319426893882        28.9313253315096        5.16874247843387        0.0429762016001572      0.0409349045203518      -0.0604625519974225     -0.0498032494770903     
-0.773547712979464      97.1596048399037        -0.494681632335019      5.16954389167994        753.406262577241        28.9329927510147        5.16954389167994        0.0409349045203518      0.0394725848056552      -0.0694946626666958     -0.0748452421834498     
-0.763766224133922      97.1590577913736        -0.494015116656704      5.17031637679381        753.514601478893        28.9350729407696        5.1703163767938         0.0394725848056552      0.0372753118101333      -0.0498032494770903     -0.0890376012939999     
-0.753979341405603      97.1544832435772        -0.493122109130779      5.17104591311553        753.585440276326        28.9364330189916        5.17104591311555        0.0372753118101333      0.0346609291269379      -0.0748452421834498     -0.0716320567921652     
-0.744191458530657      97.1444774485595        -0.491986792867497      5.17172452195029        753.606714289143        28.9368414595409        5.17172452195031        0.0346609291269379      0.0325568311860928      -0.0890376012939999     -0.0985745988359676     
-0.734397116596331      97.1356460298794        -0.490573389933559      5.17236219009756        753.631114253472        28.9373099082496        5.17236219009758        0.0325568311860928      0.0296604355290618      -0.0716320567921652     -0.0846154383686334     
-0.72460106585604       97.1293032222199        -0.488908101623135      5.17294328746285        753.666565678989        28.9379905176375        5.17294328746287        0.0296604355290618      0.0271744905100577      -0.0985745988359676     -0.116501029807125      
-0.714804175990538      97.1246859272963        -0.486950165626599      5.17347547635968        753.708271191006        28.9387911747653        5.17347547635965        0.0271744905100577      0.0237527646170929      -0.0846154383686334     -0.0795111645757119     
-0.705025736014624      97.1207616923105        -0.484749696195753      5.17394042028491        753.745551853056        28.9395068654341        5.1739404202849         0.0237527646170929      0.0214181904183454      -0.116501029807125      -0.104994697806222      
-0.695230890270738      97.115719954695         -0.482254155901693      5.17435965833521        753.76749528563         28.9399281133567        5.17435965833519        0.0214181904183454      0.0183361092907255      -0.0795111645757119     -0.0842848368858706     
-0.685451171976968      97.1096621560591        -0.479523104685407      5.17471845919456        753.77274198766         28.9400288333508        5.17471845919454        0.0183361092907255      0.0158625932754572      -0.104994697806222      -0.100818230257177      
-0.675669468188426      97.1047973584476        -0.476509966716628      5.17502872872177        753.780174040008        28.9401715045215        5.17502872872181        0.0158625932754572      0.0129042915479709      -0.0842848368858706     -0.0784909946912709     
-0.665892946737954      97.1019230778445        -0.473244741082099      5.17528116522876        753.79463041839         28.9404490178326        5.17528116522873        0.0129042915479709      0.0106009225115853      -0.100818230257177      -0.0883537367615624     
-0.656103266334657      97.1006506439216        -0.469703587151419      5.17548858854538        753.814964021921        28.9408393493793        5.17548858854534        0.0106009225115853      0.00800797129645534     -0.0784909946912709     -0.0695369546616814     
-0.646326079486835      97.1001537837573        -0.465932244832814      5.17564525877842        753.833925836338        28.9412033427994        5.17564525877845        0.00800797129645534     0.00596714923114127     -0.0883537367615624     -0.0651925064870848     
-0.636541563488304      97.1003691540643        -0.46190795447753       5.17576200788673        753.852602429073        28.9415618565925        5.17576200788671        0.00596714923114127     0.00405379963482676     -0.0695369546616814     -0.0651703715929804     
-0.626757167785074      97.1007974403524        -0.457651295984989      5.17584133415576        753.867481456893        28.9418474695743        5.17584133415579        0.00405379963482676     0.00214105494322417     -0.0651925064870848     -0.0709311069962082     
-0.616973726345699      97.1019192445679        -0.453176993638321      5.17588322487309        753.882292381411        28.942131772468         5.17588322487307        0.00214105494322417     5.92367916161609e-05    -0.0651703715929804     -0.0533140635551416     
-0.60719409200519       97.1030330406971        -0.448505012027019      5.17588438389676        753.891108516532        28.94230100114          5.17588438389674        5.92367916161609e-05    -0.00150564694950105    -0.0709311069962082     -0.0514651168709918     
-0.597404916684716      97.1045068629334        -0.443602101181009      5.1758549174262         753.89825902614         28.9424382568447        5.17585491742617        -0.00150564694950105    -0.00301643680830029    -0.0533140635551416     -0.061135094331853      
-0.587621626782608      97.1063655387406        -0.438493878762479      5.1757958821249         753.904090325293        28.9425501895142        5.1757958821249         -0.00301643680830029    -0.00481100451522161    -0.0514651168709918     -0.0369611637539606     
-0.577834973148769      97.108844752078         -0.433209648376138      5.17570174086648        753.909625255294        28.9426564329325        5.17570174086645        -0.00481100451522161    -0.0058958156669949     -0.061135094331853      -0.0373151872942893     
-0.568055768987067      97.1115687942691        -0.427738467523226      5.17558638890766        753.913970485634        28.9427398396987        5.17558638890766        -0.0058958156669949     -0.00699110103113898    -0.0369611637539606     -0.0395523589220311     
-0.55827072060779       97.1146327225513        -0.422093348969371      5.17544957768348        753.917827366221        28.9428138723822        5.17544957768347        -0.00699110103113898    -0.00815211379932216    -0.0373151872942893     -0.0377875357860135     
-0.548481344062594      97.1181246444675        -0.416307450298226      5.17529002702049        753.921692873169        28.9428880704583        5.17529002702052        -0.00815211379932216    -0.00926139344239752    -0.0395523589220311     -0.0114018132731521     
-0.538701760914514      97.1216733987884        -0.41039768603021       5.17510879553904        753.92283936531         28.9429100772406        5.17510879553905        -0.00926139344239752    -0.00959612683313055    -0.0377875357860135     -0.0305295337054909     
-0.528913324509555      97.1251293483904        -0.404321419395123      5.17492096643518        753.922302349072        28.9428997692789        5.17492096643519        -0.00959612683313055    -0.0104925495513546     -0.0114018132731521     -0.0112516963872531     
-0.519122923173854      97.1287521609668        -0.398140118406035      5.1747155384022         753.920494549456        28.9428650687572        5.17471553840219        -0.0104925495513546     -0.010822954749783      -0.0305295337054909     -0.0194612020573056     
-0.509335228656474      97.1327546055476        -0.39183609486719       5.17450367360644        753.920693300879        28.9428688837717        5.1745036736064         -0.010822954749783      -0.0113943724764357     -0.0112516963872531     -0.00462629495855093    
-0.499550010696963      97.1368997510544        -0.385437116244183      5.17428065332258        753.920371658423        28.9428627098753        5.17428065332261        -0.0113943724764357     -0.0115301932501651     -0.0194612020573056     -0.0157072667007901     
-0.489762451583047      97.1422096449348        -0.378914778413116      5.17405498464043        753.92870104854         28.9430225913017        5.17405498464041        -0.0115301932501651     -0.0119912742415931     -0.00462629495855093    -0.000877445914887338   
-0.479978832885261      97.1492218851838        -0.372311897065188      5.17382033649887        753.948929796908        28.9434108754942        5.17382033649891        -0.0119912742415931     -0.0120170257148949     -0.0157072667007901     -0.0141062970646583     
-0.470197147854165      97.1589941249508        -0.36559057323218       5.1735852518915         753.990508640187        28.9442089514022        5.1735852518915         -0.0120170257148949     -0.0124309794821096     -0.000877445914887338   -0.00738371785078434    
-0.460418880001913      97.1689857662511        -0.358789805274634      5.17334206879538        754.03260277009         28.9450168954499        5.1733420687954         -0.0124309794821096     -0.0126477152325939     -0.0141062970646583     0.00901856863649914     
-0.450631769310022      97.1720179412988        -0.351907882569086      5.17309451223141        754.020049131877        28.9447759464635        5.17309451223137        -0.0126477152325939     -0.0123828508115538     -0.00738371785078434    0.00102453259130452     
-0.440837810436229      97.1703175310205        -0.344943053669796      5.17285198050559        753.971504230045        28.9438441781868        5.17285198050562        -0.0123828508115538     -0.0123527481354164     0.00901856863649914     0.000595355505770891    
-0.431040643484194      97.170574249866         -0.337903766596403      5.17260997376372        753.938222281808        28.9432053489014        5.17260997376372        -0.0123527481354164     -0.0123352532487999     0.00102453259130452     -0.00103108009909614    
-0.421246280021732      97.1729303289228        -0.330805167721453      5.17236832553208        753.921280398684        28.9428801530548        5.17236832553211        -0.0123352532487999     -0.012365551338153      0.000595355505770891    0.00972307100965362     
-0.411452073299593      97.1763365992955        -0.323643329200922      5.17212609623445        753.912399692518        28.9427096883274        5.17212609623448        -0.012365551338153      -0.0120798634981617     -0.00103108009909614    0.00353902276225485     
-0.401656767319992      97.1803053994356        -0.31641853685385       5.1718894736374         753.908697810312        28.9426386305801        5.17188947363743        -0.0120798634981617     -0.0119758868513478     0.00972307100965362     0.011273242599927       
-0.391865216650354      97.1842757758344        -0.309150665929336      5.17165492244069        753.905307299891        28.9425735494711        5.17165492244067        -0.0119758868513478     -0.011644724015354      0.00353902276225485     -0.00797392372472103    
-0.382073047347516      97.1877048597628        -0.30182781348013       5.1714268887346         753.898665249269        28.9424460543731        5.17142688873459        -0.011644724015354      -0.0118789416560616     0.011273242599927       0.0185532705928974      
-0.37228378238286       97.1914059916195        -0.294469756246591      5.17119428614174        753.893464988917        28.9423462342506        5.17119428614177        -0.0118789416560616     -0.0113339301343945     -0.00797392372472103    0.00214685369549048     
-0.362492307146216      97.1949017657033        -0.287026507314198      5.17097231362906        753.888219084522        28.942245537632         5.17097231362911        -0.0113339301343945     -0.0112708558607441     0.0185532705928974      0.016092320696034       
-0.352694965328282      97.198751604211         -0.279568891545537      5.17075152324573        753.885889372586        28.9422008180401        5.17075152324573        -0.0112708558607441     -0.0107980178325229     0.00214685369549048     -0.0132496314080826     
-0.342902132630061      97.2026807558395        -0.272077744450001      5.17054000705095        753.885524461004        28.9421938134352        5.17054000705096        -0.0107980178325229     -0.011187325316066      0.016092320696034       0.0168506628812765      
-0.333108283861226      97.2069265140333        -0.264571623741144      5.17032087613315        753.886502190371        28.9422125812871        5.17032087613319        -0.011187325316066      -0.0106922059767708     -0.0132496314080826     0.0139157370521554      
-0.323313960130208      97.2114963530698        -0.257001695770607      5.17011142180155        753.891401438138        28.9423066238516        5.17011142180153        -0.0106922059767708     -0.0102833024645104     0.0168506628812765      0.00237432223684811     
-0.313517575572978      97.216533193606         -0.249396861445801      5.16990997021073        753.90108634042         28.9424925276241        5.16990997021069        -0.0102833024645104     -0.0102135326711835     0.0139157370521554      0.00904304174722995     
-0.303724338649562      97.222626648011         -0.241787005934382      5.1697098892843         753.919161666626        28.9428394841861        5.16970988928426        -0.0102135326711835     -0.00994780092091118    0.00237432223684811     0.0205224413027296      
-0.29392762366389       97.2305010243576        -0.234170791719239      5.16951500781604        753.951801394335        28.9434659944431        5.16951500781602        -0.00994780092091118    -0.0093447345977855     0.00904304174722995     0.0032106133159047      
-0.284133476670317      97.2410027432981        -0.226520374888281      5.16933193769026        754.006531700935        28.9445164966227        5.16933193769025        -0.0093447345977855     -0.00925038420480174    0.0205224413027296      0.00906144676959423     
-0.27433703562886       97.2561054995185        -0.218865449538027      5.16915070786318        754.097199880278        28.9462567121338        5.16915070786314        -0.00925038420480174    -0.00898405473810393    0.0032106133159047      0.00192034916316177     
-0.264540864721807      97.2784992211154        -0.211171731692183      5.16897465452155        754.24514535576         28.9490960395381        5.16897465452158        -0.00898405473810393    -0.00892759819084368    0.00906144676959423     0.00984240861785401     
-0.254737245772084      97.3116165824139        -0.203463823462193      5.1687996486058         754.476374394664        28.9535331636873        5.16879964860578        -0.00892759819084368    -0.00863816015782458    0.00192034916316177     0.00818105798781873     
-0.244935055927414      97.3600747719429        -0.195733170998882      5.16863027725334        754.82734539287         28.9602667535457        5.16863027725335        -0.00863816015782458    -0.00839747033007308    0.00984240861785401     0.0146309212529797      
-0.235128372426213      97.4313188766866        -0.187986194839206      5.16846554009128        755.355621209699        28.9703990922861        5.16846554009126        -0.00839747033007308    -0.00796669328346869    0.00818105798781873     0.0156261487122827      
-0.225308979791702      97.534821079922         -0.180197411410829      5.1683090863166         756.135153029437        28.9853440557932        5.16830908631661        -0.00796669328346869    -0.00750605708291732    0.0146309212529797      0.00748476011890076     
-0.215477481548746      97.6825560140258        -0.172395746892305      5.1681614758642         757.258834283453        29.0068734054429        5.16816147586416        -0.00750605708291732    -0.00728506977362744    0.0156261487122827      0.0201532021914495      
-0.205628847517928      97.8897207937413        -0.164577853383896      5.16801796346171        758.84375325046         29.0372127766052        5.16801796346167        -0.00728506977362744    -0.00668886355872269    0.00748476011890076     0.000235752666612211    
-0.195758567018795      98.1758297705149        -0.156718168906745      5.16788590101276        761.042229736909        29.0792447887743        5.16788590101276        -0.00668886355872269    -0.00668187003210985    0.0201532021914495      0.00927113952137266     
-0.18586050154298       98.5634479458918        -0.14884144471696       5.16775356511124        764.027414268058        29.136220571425         5.1677535651112         -0.00668187003210985    -0.00640582386911697    0.000235752666612211    0.00719117922466551     
-0.175916474322007      99.0760943796136        -0.140908884933626      5.1676261493699         767.982324140297        29.2115335696231        5.16762614936986        -0.00640582386911697    -0.006190629349928      0.00927113952137266     0.0229472248170937      
-0.165921375167937      99.7379427377617        -0.13292964199326       5.16750231361506        773.094074778885        29.3085894648818        5.16750231361502        -0.006190629349928      -0.0054993187927526     0.00719117922466551     0.00912728266878363     
-0.155848115886199      100.566991921355        -0.124862236094632      5.16739146635314        779.503523776823        29.4298322526428        5.16739146635316        -0.0054993187927526     -0.0052219491455716     0.0229472248170937      0.0116413365391411      
-0.14567664537021       101.57423154987         -0.116718362964848      5.16728517413993        787.294531143448        29.5765397109009        5.16728517413991        -0.0052219491455716     -0.00486441066795163    0.00912728266878363     0.00932147538520916     
-0.135383060778202      102.77213177267         -0.108472944766759      5.16718501362528        796.563928671093        29.7501433922052        5.16718501362524        -0.00486441066795163    -0.00457472219039111    0.0116413365391411      0.0115277417587261      
-0.124960755239767      104.161158496957        -0.100123210879649      5.16708965350712        807.31506655041         29.9502377388155        5.16708965350711        -0.00457472219039111    -0.00421183663061695    0.00932147538520916     0.00621632213595124     
-0.11440893601127       105.723723118133        -0.0916474968921409     5.16700069369428        819.411826037006        30.1737896937982        5.16700069369429        -0.00421183663061695    -0.00401335707700621    0.0115277417587261      0.011180646498171       
-0.103692114856811      107.42880947088         -0.0830458588940865     5.16691464044342        832.613232690746        30.4158809522399        5.1669146404434         -0.00401335707700621    -0.00365075684307602    0.00621632213595124     0.00987897935035039     
-0.0927941502588767     109.227955180305        -0.0742828873668795     5.16683506584104        846.544243493566        30.6692796621122        5.166835065841          -0.00365075684307602    -0.00332516848815551    0.011180646498171       0.0105635395193403      
-0.0817134180389822     111.0581916551          -0.0653727586939786     5.1667614123656         860.716768756012        30.9249408291181        5.16676141236562        -0.00332516848815551    -0.00297145790316912    0.00987897935035039     0.0148454754293602      
-0.0704722495949076     112.850565820141        -0.0563475650013101     5.16669457016626        874.596608494669        31.1732900002313        5.16669457016628        -0.00297145790316912    -0.00246659110765579    0.0105635395193403      0.0130491017431076      
-0.0590458209419065     114.528741927004        -0.0471963421965093     5.16663821552655        887.592862224358        31.4040489644313        5.16663821552651        -0.00246659110765579    -0.00201625476483634    0.0148454754293602      0.0135575238411776      
-0.0474454958164647     116.002902398573        -0.0379067316506341     5.16659148457023        899.00941157685         31.6053689457424        5.16659148457022        -0.00201625476483634    -0.00154245327747505    0.0130491017431076      0.0155331068970094      
-0.035718356877969      117.151447808967        -0.0285357026089734     5.16655533853899        907.904157142488        31.7613349345551        5.16655533853899        -0.00154245327747505    -0.000994263967398142   0.0135575238411776      0.0155259224344023      
-0.0239047250293968     117.874662572299        -0.0190801794910354     5.16653184612987        913.50479704739         31.8591482945269        5.16653184612989        -0.000994263967398142   -0.000442590147982914   0.0155331068970094      0.0063858669072691      
-0.0120032482019367     118.166895462864        -0.00954809461432397    5.1665213292811         915.767678735729        31.8985837152639        5.16652132928113        -0.000442590147982914   -0.000214809377390614   0.0155259224344023      0.0111415725498197      
-9.57358193380225e-05   118.210696527081        -1.97639837517467e-05   5.16651621424887        916.106220457223        31.9044793173           5.16651621424885        -0.000214809377390614   0.000183111014874856    0.0063858669072691      0.0127655521512231      
0.0118116823947032      118.169124822096        0.00951690081873171     5.16652057420035        915.784821942915        31.8988822852413        5.16652057420034        0.000183111014874856    0.000638426387833878    0.0111415725498197      0.0175079552975166      
0.0237101879595368      117.876648831813        0.0190454757349504      5.16653574323554        913.52087922358         31.8594287321244        5.16653574323555        0.000638426387833878    0.0012604868336785      0.0127655521512231      0.00374919529387984     
0.0355258345375547      117.15300307565         0.0284925210057939      5.16656552500717        907.918000262568        31.7615770715108        5.16656552500717        0.0012604868336785      0.00139278631822922     0.0175079552975166      0.0158885604327104      
0.0472504312211539      116.003549324789        0.0378592609918042      5.16659815849028        899.015586479688        31.6054774872909        5.16659815849026        0.00139278631822922     0.0019479233269561      0.00374919529387984     0.0178004498937156      
0.0588463087680094      114.528886667692        0.0471452088134743      5.16664329049753        887.594855804675        31.4040842319855        5.16664329049753        0.0019479233269561      0.00256207790617969     0.0158885604327104      0.010704536491587       
0.0702685439828287      112.850605252314        0.0562954416376608      5.16670181337111        874.598140195737        31.1733172974677        5.16670181337113        0.00256207790617969     0.00292604619855045     0.0178004498937156      0.00927932317335212     
0.0815121101919748      111.058247585428        0.0653160456993267      5.16676762675213        860.718237462318        30.9249672138929        5.16676762675218        0.00292604619855045     0.00323671101254766     0.010704536491587       0.0112323302650791      
0.0925872551620175      109.227926500777        0.0741966275790967      5.16683930809653        846.544716279143        30.6692882263374        5.16683930809654        0.00323671101254766     0.00360684009479077     0.00927932317335212     0.00853847508976452     
0.10348610484059        107.428699287479        0.0829523147451625      5.16691791110894        832.61290577342         30.4158749809923        5.16691791110897        0.00360684009479077     0.00388370970385362     0.0112323302650791      0.00754975193161575     
0.114198787102903       105.723740691572        0.0915576963669366      5.16700117443373        819.412038478321        30.1737936052374        5.16700117443374        0.00388370970385362     0.00412474873185007     0.00853847508976452     0.010497068816666       
0.124752816186348       104.161268911285        0.100032596746681       5.16708829317786        807.315709791074        29.9502496704688        5.16708829317792        0.00412474873185007     0.00445518336729365     0.00754975193161575     0.0121291482845573      
0.135174039978713       102.772295471016        0.108386145585168       5.16718116324498        796.564603891923        29.7501560013076        5.16718116324492        0.00445518336729365     0.00483214341086403     0.010497068816666       0.0206814494613336      
0.145468357762771       101.574392347799        0.116640945213133       5.16728066301552        787.295090154496        29.5765502111704        5.16728066301544        0.00483214341086403     0.00546737481588123     0.0121291482845573      0.00907754545339878     
0.155640955981768       100.567087749331        0.124778875183961       5.16739196379877        779.504341587805        29.4298476906959        5.16739196379879        0.00546737481588123     0.00574327812216159     0.0206814494613336      0.0112357238775705      
0.165715966408085       99.7379070817875        0.132840468438321       5.16750775164513        773.094611966999        29.3085996474868        5.16750775164519        0.00574327812216159     0.00608184078483362     0.00907754545339878     0.00126715835106547     
0.175714517208985       99.0761466434691        0.140817820915822       5.16762944254437        767.983218672952        29.2115505821651        5.16762944254446        0.00608184078483362     0.00611976704175343     0.0112357238775705      0.017508369900097       
0.185660190445401       98.5635439566255        0.148757790983589       5.16775118541479        764.027806680801        29.1362280537631        5.16775118541481        0.00611976704175343     0.00664111074549659     0.00126715835106547     0.00848778548001088     
0.195557059405376       98.1759655585537        0.156644246749971       5.16788271072102        761.042812527588        29.0792559229196        5.1678827107211         0.00664111074549659     0.00689288524552172     0.017508369900097       0.00929951353154361     
0.205427078460256       97.8897155830163        0.164490246145173       5.16801878926434        758.843834113155        29.0372143237137        5.1680187892644         0.00689288524552172     0.00716797271082909     0.00848778548001088     0.0123793974667466      
0.215273940071818       97.6826131616405        0.172295203091765       5.16815997969491        757.259058081014        29.0068776917363        5.16815997969484        0.00716797271082909     0.00753342686929057     0.00929951353154361     0.0209163474062898      
0.225104999124166       97.5349709443237        0.180085093266929       5.16830810734649        756.136171622028        28.9853635789212        5.16830810734646        0.00753342686929057     0.00814994829757554     0.0123793974667466      0.00501627283236543     
0.234921456341037       97.4314121956583        0.187871645529697       5.16846814476476        755.356725349057        28.9704202659858        5.16846814476474        0.00814994829757554     0.00829763950627856     0.0209163474062898      0.00446738899063458     
0.244730718079716       97.3601735351427        0.19563656912237        5.16863093334379        754.828206914187        28.9602832804244        5.16863093334376        0.00829763950627856     0.00842907138763459     0.00501627283236543     0.0158677133895514      
0.254533059975152       97.3117724996322        0.203381742653115       5.1687962057785         754.477080710519        28.9535467163547        5.16879620577858        0.00842907138763459     0.00889568781515973     0.00446738899063458     -0.00276321279665633    
0.264333976255042       97.2785313918905        0.21108865138821        5.16897056887981        754.244798622799        28.9490893854635        5.16897056887982        0.00889568781515973     0.00881446101010719     0.0158677133895514      0.00847813466232932     
0.274131515002199       97.2562107132579        0.218783460400809       5.16914328078957        754.096932185238        28.9462515743545        5.16914328078965        0.00881446101010719     0.00906362634397484     -0.00276321279665633    0.010781902684621       
0.283923829993026       97.2411228059875        0.226433071437398       5.16932083670096        754.005843457783        28.9445032866112        5.16932083670095        0.00906362634397484     0.00938048291414759     0.00847813466232932     0.0171213532713637      
0.293721544584342       97.2305852493331        0.234079335317375       5.16950462746098        753.95094056575         28.9434494712582        5.1695046274609         0.00938048291414759     0.00988364810783684     0.010781902684621       0.0111798866360151      
0.303519578292114       97.2227208259984        0.241699909821994       5.16969827928516        753.918198842377        28.9428210028436        5.16969827928524        0.00988364810783684     0.0102121897251439      0.0171213532713637      0.0071746514127729      
0.313312101226949       97.2166810531361        0.249309957779954       5.16989832559192        753.900534894318        28.9424819425302        5.16989832559184        0.0102121897251439      0.0104229892582207      0.0111798866360151      0.000332044800039125    
0.323106967217525       97.2116354210593        0.25689537237241        5.17010246895646        753.891174452571        28.9423022668007        5.17010246895642        0.0104229892582207      0.0104327442628918      0.0071746514127729      0.0243579388016201      
0.332896462271221       97.207085573969         0.264457278183432       5.17030679305704        753.885682314554        28.9421968434893        5.17030679305706        0.0104327442628918      0.0111483534869153      0.000332044800039125    -0.00847955727321662    
0.342692376943935       97.2028411670295        0.271958360272543       5.17052515262678        753.884602741367        28.9421761206983        5.17052515262682        0.0111483534869153      0.0108991965853387      0.0243579388016201      0.0191606221618524      
0.352484473088846       97.1988667467313        0.279457484933222       5.17073867376559        753.884909000268        28.9421819994483        5.17073867376563        0.0108991965853387      0.011462231435121       -0.00847955727321662    -0.00407264828176227    
0.362285444684259       97.1949817015004        0.286916526576548       5.17096323026032        753.887514816426        28.94223201898          5.17096323026027        0.011462231435121       0.0113425708617517      0.0191606221618524      0.012168094444819       
0.372073391144389       97.1914577020452        0.294356304046671       5.17118537428754        753.892566861753        28.9423289944705        5.17118537428762        0.0113425708617517      0.0117000186726982      -0.00407264828176227    -0.00530244359981119    
0.381866487311492       97.1879201319361        0.301738526864974       5.1714144766332         753.898525686248        28.9424433754352        5.17141447663316        0.0117000186726982      0.0115442813375966      0.012168094444819       0.0197338355756657      
0.391655080124986       97.1843679738805        0.309066463860043       5.17164051758579        753.903922634531        28.9425469706707        5.17164051758574        0.0115442813375966      0.0121239699122889      -0.00530244359981119    -0.00220746233374835    
0.401445478145414       97.1804001673689        0.316322390200436       5.17187795969348        753.907754609712        28.9426205257865        5.17187795969353        0.0121239699122889      0.0120591112035762      0.0197338355756657      0.00102499680256828     
0.41124512542618        97.176449079496         0.323550083881298       5.17211422269755        753.911541592959        28.9426932170944        5.17211422269763        0.0120591112035762      0.0120892340138982      -0.00220746233374835    0.00267940562258585     
0.421039581676259       97.173067150458         0.33071491791805        5.17235108919534        753.919829574185        28.942852304617         5.17235108919529        0.0120892340138982      0.0121679834545765      0.00102499680256828     0.00557589163504621     
0.430837375206332       97.1707139536683        0.337814173002188       5.1725895036282         753.936322585205        28.9431688848107        5.17258950362827        0.0121679834545765      0.0123318524438885      0.00267940562258585     0.00100989882850827     
0.440634504342682       97.1705306649624        0.344846621195687       5.17283111810475        753.970117179704        28.9438175547752        5.17283111810483        0.0123318524438885      0.0123615256447721      0.00557589163504621     -0.000228594880757866   
0.450427883546114       97.1721872307138        0.351808551109854       5.17307321720873        754.018258831196        28.9447415840597        5.17307321720882        0.0123615256447721      0.0123548124070895      0.00100989882850827     -0.000318720531176944   
0.460213773415166       97.1693509092032        0.358697042081296       5.17331502741956        754.031494894778        28.9449956314612        5.17331502741957        0.0123548124070895      0.0123454573128184      -0.000228594880757866   -0.00812003009500359    
0.469992909471406       97.1592669728117        0.365489208785412       5.17355653412527        753.988440747017        28.9441692602042        5.17355653412525        0.0123454573128184      0.0121071656375562      -0.000318720531176944   0.000836570311721058    
0.479773536398752       97.1495880379321        0.372198976892815       5.1737933943999         753.947845288987        28.9433900588524        5.17379339439998        0.0121071656375562      0.0121317197510487      -0.00812003009500359    -0.0179298319348998     
0.489560433885064       97.1423358910162        0.37880100908486        5.17403082482978        753.926160444129        28.9429738248648        5.17403082482979        0.0121317197510487      0.0116053293515857      0.000836570311721058    -0.00366185940295244    
0.49934810143037        97.1371655713647        0.385320589370116       5.17425799444453        753.919133272974        28.9428389391722        5.17425799444448        0.0116053293515857      0.0114978148575692      -0.0179298319348998     -0.0172185344840502     
0.509135057610805       97.1329201272061        0.391723095159558       5.17448304515419        753.918972486816        28.9428358528941        5.17448304515422        0.0114978148575692      0.0109922672945552      -0.00366185940295244    -0.0130272591725435     
0.518920169928182       97.1289364665068        0.398021930352136       5.17469820064554        753.919399145771        28.9428440425795        5.1746982006456         0.0109922672945552      0.0106097518067571      -0.0172185344840502     -0.035996818169307      
0.528709688445527       97.1252776607447        0.404204558131767       5.17490590419817        753.921259220211        28.9428797465362        5.17490590419812        0.0106097518067571      0.00955280686679656     -0.0130272591725435     -0.0123288051212333     
0.538498868276278       97.121823592805         0.410290650943747       5.17509289906858        753.921689429575        28.9428880043589        5.17509289906852        0.00955280686679656     0.0091908514591457      -0.035996818169307      -0.0501355706820118     
0.548280712898039       97.1183653044208        0.41620782383801        5.17527275636303        753.921045153722        28.942875637552         5.17527275636299        0.0091908514591457      0.00771910768280877     -0.0123288051212333     -0.0276644720754026     
0.558066175080993       97.1149144946455        0.422018136837237       5.17542381751717        753.916262267597        28.9427838303935        5.17542381751716        0.00771910768280877     0.00690704947034398     -0.0501355706820118     -0.0335825805572973     
0.567852944074481       97.1119797401978        0.427673082174429       5.1755589896956         753.913169627275        28.9427244672277        5.17555898969559        0.00690704947034398     0.00592129786758765     -0.0276644720754026     -0.0421081806564159     
0.577634297253367       97.1092455511133        0.433147174341897       5.17567485141958        753.908820058839        28.9426409771473        5.17567485141957        0.00592129786758765     0.00468538007354344     -0.0335825805572973     -0.0497403589635659     
0.587418716723009       97.1068861955074        0.438445359794875       5.17576653003023        753.903857109242        28.9425457129051        5.17576653003019        0.00468538007354344     0.00322548825435594     -0.0421081806564159     -0.0514727295324792     
0.597202430151436       97.1049851088042        0.44354598917045        5.1758296443221         753.898290806407        28.9424388668729        5.17582964432207        0.00322548825435594     0.00171485186288704     -0.0497403589635659     -0.0567406363535037     
0.606985305085467       97.1035322586875        0.448442417730101       5.17586319406064        753.89189794653         28.9423161544655        5.17586319406055        0.00171485186288704     4.9770106881203e-05     -0.0514727295324792     -0.073085713585065      
0.616764281044352       97.1023067367474        0.453121239980701       5.17586416767316        753.882525055708        28.9421362387419        5.1758641676731         4.9770106881203e-05     -0.00209490307499554    -0.0567406363535037     -0.0592291472756417     
0.626547845100474       97.1012212409114        0.457609284380964       5.17582318360952        753.86812808326         28.9418598819399        5.17582318360947        -0.00209490307499554    -0.00383297771109936    -0.073085713585065      -0.0739254543264371     
0.636329148999054       97.1008075362467        0.461860812910648       5.17574819657204        753.853994237127        28.941588573407         5.17574819657202        -0.00383297771109936    -0.00600244558121145    -0.0592291472756417     -0.0753785190624984     
0.646110278739159       97.1005401800259        0.465894725938371       5.17563076315104        753.834814311489        28.94122039797          5.17563076315102        -0.00600244558121145    -0.00821445006258178    -0.0739254543264371     -0.0831622559915459     
0.655895240361555       97.1010185816467        0.46968659458054        5.17547005505111        753.81512097641         28.9408423623165        5.17547005505107        -0.00821445006258178    -0.0106546716920501     -0.0753785190624984     -0.0747318129436019     
0.665672333199643       97.1023641275759        0.473226293115778       5.17526165124193        753.795211971561        28.9404601816204        5.17526165124185        -0.0106546716920501     -0.0128473444445586     -0.0831622559915459     -0.0912809102429963     
0.675452891367275       97.105249208284         0.476494775309394       5.17501036327126        753.781006471362        28.9401874844453        5.17501036327126        -0.0128473444445586     -0.0155256640662472     -0.0747318129436019     -0.0920954844989476     
0.685233734644716       97.1099782808954        0.479513109513773       5.17470663962384        753.773474075815        28.9400428870875        5.17470663962377        -0.0155256640662472     -0.0182282952165009     -0.0912809102429963     -0.112897048059384      
0.69501685630881        97.1159874977221        0.48225629101407        5.17434999815404        753.768164594349        28.9399409619752        5.17434999815402        -0.0182282952165009     -0.021541910569459      -0.0920954844989476     -0.0749160561741852     
0.704800304457968       97.1211648329197        0.484750005797353       5.17392844907138        753.746936603991        28.9395334486694        5.17392844907135        -0.021541910569459      -0.0237414728879369     -0.112897048059384      -0.10316577181926       
0.714587862646845       97.1250154574748        0.486943874073914       5.17346366049297        753.709106991095        28.9388072201229        5.17346366049299        -0.0237414728879369     -0.0267718218836806     -0.0749160561741852     -0.0895566031738554     
0.724383446689498       97.1295491324364        0.488897295445478       5.172939251744          753.667885817066        28.9380158618203        5.17293925174407        -0.0267718218836806     -0.0294032370573388     -0.10316577181926       -0.0988891650500202     
0.734180892376934       97.135930517266         0.490579771013645       5.17236320901588        753.633469921543        28.9373551337203        5.17236320901592        -0.0294032370573388     -0.0323089057546891     -0.0895566031738554     -0.0792504287855403     
0.743972682981468       97.1446836657483        0.491989769221084       5.17173038838201        753.609168875861        28.93688858487          5.17173038838204        -0.0323089057546891     -0.0346368640538105     -0.0988891650500202     -0.084951690153513      
0.75376479544692        97.1546524342339        0.493116785259803       5.17105219543018        753.587668149452        28.9364757922794        5.17105219543023        -0.0346368640538105     -0.0371314414517997     -0.0792504287855403     -0.0713134149411069     
0.763548962008682       97.1591348487645        0.494011163118368       5.17032543259548        753.516518876311        28.9351097549194        5.17032543259543        -0.0371314414517997     -0.0392251749034302     -0.084951690153513      -0.0703935749105085     
0.773333931000289       97.1597801329658        0.494674642090894       5.16955773857189        753.409639896475        28.933057600385         5.16955773857185        -0.0392251749034302     -0.0412921574460133     -0.0713134149411069     -0.0602746927735224     
0.783122750634386       97.1636668482497        0.495118585219285       5.16874929347908        753.321951560592        28.9313738115368        5.16874929347904        -0.0412921574460133     -0.0430625957878567     -0.0703935749105085     -0.0335248403065909     
0.792917461478785       97.1704322680698        0.495376360007317       5.16790587222041        753.251471286531        28.9300203803464        5.16790587222048        -0.0430625957878567     -0.0440476158325021     -0.0602746927735224     -0.0607804065094671     
0.802711092781275       97.1785275929953        0.495402792750868       5.1670429780374         753.1884429231          28.9288099944041        5.16704297803746        -0.0440476158325021     -0.0458337987278869     -0.0335248403065909     -0.0627279931354426     
0.812509182394022       97.187404110903         0.495223182829568       5.16614494232398        753.126324307707        28.9276170295544        5.16614494232403        -0.0458337987278869     -0.0476773246155659     -0.0607804065094671     -0.0928168935418062     
0.822305986912191       97.1968296396876        0.494824345398975       5.16521078404687        753.063168945121        28.9264041039233        5.16521078404696        -0.0476773246155659     -0.0504052552433247     -0.0627279931354426     -0.168891070935109      
0.832100978565281       97.2068269323693        0.494165067324211       5.16422319353817        752.996625321588        28.9251260502696        5.16422319353812        -0.0504052552433247     -0.0553691942263869     -0.0928168935418062     -0.384564224402569      
0.841900204344879       97.2180942537558        0.493068305000568       5.16313820836659        752.925685479227        28.923763499533         5.16313820836655        -0.0553691942263869     -0.0666736245599455     -0.168891070935109      -0.782226338023479      
0.85169769344518        97.2320164811015        0.491251511708492       5.16183151732151        752.842930747312        28.9221739375655        5.16183151732156        -0.0666736245599455     -0.0896720311344271     -0.384564224402569      -1.76095250998435       
0.86150012992408        97.2508579380222        0.487796520838063       5.16007368905824        752.732389926492        28.920050521058         5.16007368905815        -0.0896720311344271     -0.14145643775383       -0.782226338023479      -3.78675691671711       
0.8713034876691         97.2810468476542        0.480883758867916       5.15730014130166        752.561334980071        28.9167643606433        5.1573001413017         -0.14145643775383       -0.252851525929048      -1.76095250998435       -7.57505493537695       
0.881108496617662       97.3361286993412        0.466464302100644       5.15234068145339        752.263343509198        28.9110387128284        5.1523406814533         -0.252851525929048      -0.475823718185462      -3.78675691671711       -10.0202988021088       
0.890923358417824       97.4414179375801        0.437261963834798       5.14299984500111        751.711796024494        28.9004382132193        5.14299984500113        -0.475823718185462      -0.771141953844874      -7.57505493537695       -9.80701425694784       
0.90075037804805        97.6138601772575        0.388178694617005       5.12783760288762        750.822034169933        28.8833291819565        5.12783760288764        -0.771141953844874      -1.06077424800659       -10.0202988021088       -9.83642639348326       
0.910605604115754       97.8536421813396        0.319505775172734       5.10692736958798        749.597165204627        28.8597598589498        5.10692736958793        -1.06077424800659       -1.35205553675989       -9.80701425694784       -6.66580690396206       
0.920492606198358       98.162841051709         0.230703758092902       5.08019535422251        748.029613602262        28.8295684170545        5.08019535422244        -1.35205553675989       -1.55003607250264       -9.83642639348326       4.22836085936712        
0.930406153075855       98.5213612054272        0.127829393611892       5.04945845410986        746.219280373733        28.7946615494712        5.04945845410988        -1.55003607250264       -1.42406880169894       -6.66580690396206       10.5469463764741        
0.940351650531375       98.8548367115757        0.0326268480794428      5.02113263437702        744.544870017756        28.7623378360923        5.02113263437696        -1.42406880169894       -1.10894483288061       4.22836085936712        10.4403003589538        
0.950328641347344       99.1169762476256        -0.041679785859512      4.9990106306053         743.230226903           28.7369337826003        4.99901063060536        -1.10894483288061       -0.796199734305209      10.5469463764741        9.34839878611204        
0.960326555016802       99.3064529474401        -0.0949383141863651     4.98309115745093        742.279661340309        28.7185511345369        4.98309115745091        -0.796199734305209      -0.515607593150405      10.4403003589538        10.5816485377071        
0.970342379079539       99.4295823905841        -0.129091432448303      4.97276480442512        741.659891745877        28.706559291986         4.97276480442513        -0.515607593150405      -0.19762092555168       9.34839878611204        9.19825860962061        
0.980367902442252       99.4767450099241        -0.141322405280248      4.968803710483          741.420629568124        28.7019284982758        4.96880371048302        -0.19762092555168       0.0789079274257847      10.5816485377071        7.71090366759671        
0.990388830363139       99.4590558337708        -0.134382739406035      4.97038522267466        741.524732066022        28.7039434392253        4.97038522267458        0.0789079274257847      0.31068098692535        9.19825860962061        2.66763957026272        
1.00040645258107        99.3894237769709        -0.111349472849274      4.97660959445393        741.933539933581        28.7118546932483        4.97660959445387        0.31068098692535        0.390829964085528       7.71090366759671        -3.38795438352116       
1.01041949618049        99.3008874508083        -0.0828031129124768     4.98443621063604        742.438408737154        28.7216219121328        4.9844362106361         0.390829964085528       0.28907149230064        2.66763957026272        -5.91318991430997       
1.02042704639803        99.2322059705015        -0.0613929603834974     4.99022343334505        742.786319364779        28.7283506771192        4.99022343334498        0.28907149230064        0.111515653730111       -3.38795438352116       -5.7531853151868        
1.0304389814652         99.203436057089         -0.0523923874835331     4.99245561822251        742.903127535287        28.7306094520052        4.99245561822252        0.111515653730111       -0.0611947694257417     -5.91318991430997       -2.76319699756339       
1.040441131341          99.2170245258239        -0.0554717909546064     4.99123109726479        742.822647287063        28.7290531863761        4.99123109726477        -0.0611947694257417     -0.144126465343453      -5.7531853151868        0.952883791597517       
1.05044534170872        99.2518870091255        -0.0643818472320191     4.98834771639158        742.654385864289        28.7257992029675        4.98834771639162        -0.144126465343453      -0.115529949941853      -2.76319699756339       3.32986907596981        
1.06044658802893        99.2763009570673        -0.0713305521757771     4.9860362721672         742.492856307787        28.7226750593361        4.98603627216726        -0.115529949941853      -0.0155849516806689     0.952883791597517       4.04739951661101        
1.07045451716639        99.27345196288          -0.0712931648672682     4.98572438666405        742.42510559948         28.721364591527         4.98572438666405        -0.0155849516806689     0.105913931397236       3.32986907596981        3.18402107029314        
1.08046134201291        99.2449827086463        -0.0627563231137688     4.98784419167353        742.527765834092        28.7233502733711        4.98784419167349        0.105913931397236       0.201494951420958       4.04739951661101        0.846680290249015       
1.09046858623675        99.1959430333825        -0.0475900420997121     4.99187642581402        742.760834347099        28.7278578376673        4.99187642581404        0.201494951420958       0.226903877263698       3.18402107029314        -2.52252644663291       
1.10047045081492        99.1413251497438        -0.0307814954336999     4.99641518972346        743.026834361239        28.7330014358488        4.99641518972348        0.226903877263698       0.151239508890689       0.846680290249015       -4.0114442000592        
1.11046552725782        99.1049881845304        -0.019405143027421      4.99943860610197        743.203955980531        28.736425896616         4.99943860610198        0.151239508890689       0.0309651138828547      -2.52252644663291       -2.87512562804154       
1.12045534259247        99.097198505801         -0.0165199859624909     5.00005742364873        743.237524577583        28.7370748642389        5.00005742364878        0.0309651138828547      -0.0552347918275038     -4.0114442000592        -1.1048812282453        
1.13044932728842        99.109966434379         -0.0196591028638115     4.99895334534125        743.169147395697        28.7357529413504        4.99895334534119        -0.0552347918275038     -0.0883665165393765     -2.87512562804154       0.535304631895191       
1.14044918241747        99.1306786936432        -0.0250111688405672     4.99718647589447        743.06173037117         28.7336761458894        4.99718647589448        -0.0883665165393765     -0.0723121907241867     -1.1048812282453        2.11756222720404        
1.15044505627083        99.1479838374914        -0.0290866866306862     4.99574065954049        742.976421252629        28.7320266766437        4.99574065954044        -0.0723121907241867     -0.00880257459066128    0.535304631895191       2.62742897101763        
1.16044163079662        99.1501879722787        -0.0286398083276638     4.99556466096068        742.966762742886        28.731839921416         4.99556466096066        -0.00880257459066128    0.0699958949908984      2.11756222720404        1.57130818279099        
1.17044058594525        99.1336735722178        -0.0227678955539455     4.99696419313662        743.0511257617          28.7334711087513        4.9969641931367         0.0699958949908984      0.11711583923814        2.62742897101763        0.00859615772726356     
1.18043507979647        99.106246213469         -0.0138632964738592     4.99930533309659        743.193577857269        28.736225257741         4.99930533309662        0.11711583923814        0.117373558284104       1.57130818279099        -1.45689294127649       
1.1904270401788         99.0788673727254        -0.00528275659385558    5.0016509264135         743.336863174188        28.7389952498573        5.00165092641351        0.117373558284104       0.0737038753653476      0.00859615772726356     -2.16738989898785       
1.20041662774631        99.0621533117996        -1.41815883126324e-05   5.00312362595898        743.430299508952        28.7408014175154        5.00312362595906        0.0737038753653476      0.00873841297206035     -1.45689294127649       -1.79841748669851       
1.21040810038909        99.0610424209615        0.000675643069473661    5.00329824811464        743.44791000181         28.7411418237923        5.00329824811456        0.00873841297206035     -0.045170369283757      -2.16738989898785       -0.804031846997365      
1.22040212806783        99.0726648358241        -0.00217871347675043    5.00239551163496        743.400980850662        28.7402346864821        5.00239551163498        -0.045170369283757      -0.0692740467913938     -1.79841748669851       0.230989302708037       
1.23039289448382        99.0898114530079        -0.00633700201457801    5.00101101710881        743.32385813959         28.7387438475115        5.00101101710878        -0.0692740467913938     -0.0623486219528181     -0.804031846997365      1.24474452721616        
1.24038885549755        99.1057742431333        -0.00969887858633745    4.99976471894104        743.25833025623         28.7374770843508        4.99976471894109        -0.0623486219528181     -0.0250232612012442     0.230989302708037       1.70654337275424        
1.25038453798377        99.1125115948756        -0.0104347074545256     4.99926442890754        743.234480513921        28.7370160152357        4.9992644289075         -0.0250232612012442     0.0261553868293734      1.24474452721616        1.22817558435935        
1.26038320979055        99.1073173087298        -0.00794595719273947    4.99978737536636        743.273270829922        28.737765915447         4.99978737536629        0.0261553868293734      0.0629831252081259      1.70654337275424        0.155557987913761       
1.2703778514087         99.0932752021038        -0.00345369961132021    5.00104631673503        743.355088444038        28.7393475616819        5.00104631673511        0.0629831252081259      0.0676464579282613      1.22817558435935        -0.964314037150895      
1.28036699704656        99.0791897806478        0.00090262187338039     5.00239799051195        743.450309790398        28.7411882107735        5.00239799051199        0.0676464579282613      0.038742612360125       0.155557987913761       -1.52541509537079       
1.29035694819054        99.0733617635688        0.0031906946019766      5.0031721292892         743.52162349571         28.7425666428288        5.00317212928927        0.038742612360125       -0.00698094168949994    -0.964314037150895      -1.1951555993889        
1.30035106898901        99.0798303310528        0.00268849028875952     5.00303261551077        743.549434028295        28.7431041783802        5.00303261551075        -0.00698094168949994    -0.0428088061184379     -1.52541509537079       -0.42568383231547       
1.31034277851363        99.0979204646418        0.000318279893324219    5.00217705852374        743.558016443462        28.7432700614608        5.00217705852368        -0.0428088061184379     -0.0555715836316783     -1.1951555993889        0.393179802617579       
1.32033631306133        99.1225922181746        -0.00243579577069223    5.001066243234          743.577974826244        28.7436558184052        5.00106624323407        -0.0555715836316783     -0.0437798463207476     -0.42568383231547       1.0088866935494         
1.33033535105223        99.1405918144155        -0.00429790586011007    5.00019073047592        743.582802306506        28.7437491234859        5.00019073047587        -0.0437798463207476     -0.0135105144368735     0.393179802617579       1.13817236054346        
1.3403398954563         99.146370685247         -0.00451916383382162    4.99992043343941        743.585947035786        28.7438099043523        4.99992043343947        -0.0135105144368735     0.0206431792758674      1.0088866935494         0.708075498775448       
1.35034461016051        99.142182257606         -0.00314694004142538    5.00033341462994        743.615950113059        28.7443897929677        5.00033341462985        0.0206431792758674      0.0418860938724654      1.13817236054346        -0.0509905645505826     
1.36034203041309        99.1329138176992        -0.000973565432365661   5.00117098102234        743.670977773898        28.7454533172716        5.00117098102232        0.0418860938724654      0.040356749590979       0.708075498775448       -0.803343459311628      
1.37033505102219        99.1223252304122        0.000964786769059046    5.00197777799444        743.711502158489        28.7462365103579        5.00197777799441        0.040356749590979       0.0162633354068179      -0.0509905645505826     -1.12369128396433       
1.38033483796763        99.1158506591468        0.00180825008823562     5.00230298295744        743.711273115921        28.7462320838348        5.00230298295745        0.0162633354068179      -0.0174369188314096     -0.803343459311628      -0.782908788459854      
1.39033465030303        99.1182406937665        0.00128105827042263     5.00195434456396        743.677371995582        28.7455768963888        5.00195434456397        -0.0174369188314096     -0.0409139138176797     -1.12369128396433       -0.0733186037747814     
1.40032377070326        99.1263027460509        -7.12811209605683e-05   5.00113659471883        743.616270243679        28.7443959802733        5.00113659471889        -0.0409139138176797     -0.0431123670453499     -0.782908788459854      0.62817009799031        
1.41031988619496        99.1352009574421        -0.00144222709034293    5.00027475849819        743.554864539216        28.7432091407734        5.00027475849821        -0.0431123670453499     -0.0242759898062457     -0.0733186037747814     1.00194914591899        
1.42031946277909        99.1391664865991        -0.00222626537742817    4.99978939670514        743.512430096826        28.7423889461159        4.99978939670507        -0.0242759898062457     0.00576095627552509     0.62817009799031        0.830091171195066       
1.43031117689654        99.1346785040528        -0.00219188698154581    4.9999045044571         743.495888400479        28.7420692133882        4.99990450445716        0.00576095627552509     0.0306273755981727      1.00194914591899        0.21571838681118        
1.44028950717041        99.1218999692498        -0.0015141873090729     5.00051584541783        743.490947136232        28.7419737035158        5.00051584541784        0.0306273755981727      0.0370850130764603      0.830091171195066       -0.476813517684169      
1.45026234343126        99.1070319676488        -0.000563407825451287   5.00125570909815        743.489414159965        28.7419440724984        5.00125570909822        0.0370850130764603      0.0228190566077582      0.21571838681118        -0.89166782878012       
1.46023929355476        99.0809009060194        0.000256514244118059    5.00171080732493        743.361019291692        28.7394622096844        5.00171080732494        0.0228190566077582      -0.00383925950267359    -0.476813517684169      -0.816113336774107      
1.47020011546273        98.9981501636841        0.000676198683688828    5.00163432065727        742.728818310397        28.7272386867779        5.00163432065732        -0.00383925950267359    -0.0282084395484047     -0.89166782878012       -0.282275885807059      
1.48014601110133        98.8170062918304        0.000674617391826008    5.00107322213322        741.286626086165        28.699334604872         5.00107322213321        -0.0282084395484047     -0.0366212414972486     -0.816113336774107      0.394804043092072       
1.49007571364127        98.5154181101808        0.000418198239842458    5.00034628627951        738.916807632774        28.6534234455069        5.00034628627942        -0.0366212414972486     -0.024877777797583      -0.282275885807059      0.394804043092072       
1.49997064284742        98.199947099622         0.000106559948319508    4.99985352603749        736.47802764411         28.6060993427025        4.99985352603756        -0.024877777797583      -0.024877777797583      0.394804043092072       0.394804043092072       
