# xp[i]                    V[i]                   up[i]                    p[i]                    e[i]                   cs[i]                  dd1[i]             dd2_left[i]            dd2_right[i]             dd3_left[i]            dd3_right[i]
-1.50017355250095       96.4430530166699        0.0111184397390457      5.18861017840358        750.608109777915        28.879214166323         5.18873866806162        0.0141728274813958      0.0141728274813958      0.262669822971874       0.262669822971874       
-1.49048629132514       96.7068051869656        0.033494910023005       5.18873866806162        752.679509307465        28.9190346639922        5.18873866806162        0.0141728274813958      0.0141728274813958      0.262669822971874       0.262669822971874       
-1.48076462975          96.9412009203171        0.0559386789449123      5.18901413444528        754.543892678437        28.9548286642494        5.18901413444527        0.0141728274813958      0.0218383111252075      0.262669822971874       0.235348704849825       
-1.47102274716422       97.0683402268778        0.0783227286165837      5.18943951201725        755.59542020894         28.9749972717656        5.18943951201725        0.0218383111252075      0.0287187142368223      0.262669822971874       0.230290091688409       
-1.46127117128008       97.117714366848         0.100640383682901       5.18999961766063        756.061350648023        28.983929467667         5.18999961766063        0.0287187142368223      0.0354583892059885      0.235348704849825       0.224364044161538       
-1.45150988809767       97.1232413159935        0.122842770350018       5.19069174035275        756.205209742822        28.9866867859257        5.19069174035275        0.0354583892059885      0.0420285590347721      0.230290091688409       0.209373680497968       
-1.44174544412672       97.1190519278406        0.14493188546025        5.19151243598724        756.292148782012        28.9883530018142        5.19151243598724        0.0420285590347721      0.0481613901952639      0.224364044161538       0.228747385744047       
-1.43198142670229       97.1125783651847        0.166896630562965       5.1924529535246         756.378741535038        28.9900124858169        5.1924529535246         0.0481613901952639      0.0548624280632224      0.209373680497968       0.204936978696306       
-1.42221699568015       97.1023357306693        0.188665797278467       5.19352443093795        756.455029377555        28.991474405371         5.19352443093795        0.0548624280632224      0.060866748719522       0.228747385744047       0.214238576380876       
-1.41244935773548       97.0913233697551        0.210246024747321       5.19471341124504        756.542399436594        28.993148605156         5.19471341124505        0.060866748719522       0.0671441684248773      0.204936978696306       0.169748579139625       
-1.40268076111158       97.078646361744         0.231642311156434       5.19602507501704        756.6346211165          28.9949156676458        5.19602507501703        0.0671441684248773      0.0721179428764439      0.214238576380876       0.164993867344575       
-1.39291551957072       97.064045928542         0.252850286351889       5.19743373415823        756.725920024331        28.9966649427967        5.19743373415823        0.0721179428764439      0.0769518680824182      0.169748579139625       0.160293402078725       
-1.38314917158916       97.0485695360388        0.273868910201523       5.19893665694928        756.824048498105        28.9985449538824        5.19893665694928        0.0769518680824182      0.0816474164037056      0.164993867344575       0.154000639504743       
-1.37338573661434       97.0337558485961        0.294700079616163       5.20053104034366        756.940588877629        29.0007775542816        5.20053104034366        0.0816474164037056      0.0861580490865868      0.160293402078725       0.137128493651563       
-1.36362362457664       97.0163381459948        0.315325538415829       5.20221325983972        757.049521086282        29.0028642471793        5.20221325983971        0.0861580490865868      0.0901739851725764      0.154000639504743       0.125160085812685       
-1.3538616646095        96.9955209506642        0.335783272917462       5.20397374107154        757.143216043217        29.0046589369366        5.20397374107154        0.0901739851725764      0.0938390654937842      0.137128493651563       0.114484741241294       
-1.34410137455279       96.9734395706015        0.356080675132412       5.20580558323254        757.23730971285         29.0064611521267        5.20580558323254        0.0938390654937842      0.0971909560151497      0.125160085812685       0.100974822523047       
-1.33434170654322       96.9494143499444        0.376218090622567       5.20770245229163        757.325554287665        29.008151235427         5.20770245229164        0.0971909560151497      0.100146303709138       0.114484741241294       0.0853773809582929      
-1.32458747315578       96.9199336423859        0.396179569151019       5.20965612493642        757.379288892731        29.0091803264785        5.20965612493642        0.100146303709138       0.102643854782926       0.100974822523047       0.075305602689247       
-1.31483923744175       96.8859280855612        0.415977297237696       5.21165728246275        757.404379012916        29.0096608240335        5.21165728246275        0.102643854782926       0.10484558786238        0.0853773809582929      0.0685761714158835      
-1.30509769025028       96.8547157640573        0.435594580769885       5.21370031126014        757.457192589118        29.0106722238006        5.21370031126013        0.10484558786238        0.106849739098899       0.075305602689247       0.063923346765699       
-1.29535687399311       96.8264777484285        0.455053080561911       5.21578177545022        757.538667031934        29.0122324207477        5.21578177545021        0.106849739098899       0.108717423301542       0.0685761714158835      0.0636029523252067      
-1.28561946834559       96.7997055593403        0.474334699416071       5.21789919708287        757.636658873911        29.0141088069219        5.21789919708287        0.108717423301542       0.110575335725271       0.063923346765699       0.0587112818623072      
-1.27588233987473       96.773647007446         0.493448547676261       5.22005231919686        757.745250747535        29.0161880249157        5.22005231919685        0.110575335725271       0.112289947051394       0.0636029523252067      0.0679550419242078      
-1.26615001735447       96.747899322032         0.512351599034606       5.2222382510929         757.860870828601        29.0184016488504        5.22223825109289        0.112289947051394       0.114273991277462       0.0587112818623072      0.0472817682981946      
-1.25641808480495       96.7219447404298        0.531060332028049       5.22446221707335        757.980218787348        29.0206864683979        5.22446221707336        0.114273991277462       0.115654061092395       0.0679550419242078      0.0550401588569672      
-1.24669087514721       96.6958007871969        0.549574888456657       5.2267123911249         758.101710216279        29.0230121381921        5.22671239112489        0.115654061092395       0.117260134344218       0.0472817682981946      0.0207487937501588      
-1.23696507761974       96.669254805309         0.567870762611039       5.22899315404784        758.224307375801        29.0253587857201        5.22899315404785        0.117260134344218       0.117865410686302       0.0550401588569672      0.04635958665351        
-1.22724297307264       96.6426676999141        0.585951228699984       5.23128506303845        758.348015986124        29.0277265153723        5.23128506303846        0.117865410686302       0.119217386064582       0.0207487937501588      0.0369549166452644      
-1.21752270684383       96.6158790238875        0.603774269686324       5.23360251186322        758.473660717936        29.0301311038861        5.23360251186322        0.119217386064582       0.120294727584453       0.04635958665351        0.0373654538091691      
-1.20780764486095       96.5891430730185        0.621334995304647       5.23594003989519        758.602442452773        29.0325955216771        5.23594003989518        0.120294727584453       0.121383688029864       0.0369549166452644      0.0249257321922552      
-1.198094685366         96.5623177347721        0.638614618028272       5.23829802061113        758.733296783519        29.0350993872267        5.23829802061113        0.121383688029864       0.122109904090004       0.0373654538091691      0.0299595416564544      
-1.18838397622748       96.535597975129         0.655629713882653       5.24066953952036        758.866751681462        29.0376527916095        5.24066953952036        0.122109904090004       0.122982549494147       0.0249257321922552      0.0229017070444214      
-1.17867598610306       96.5089748727839        0.672350763608          5.24305732288418        759.003131146192        29.0402619200423        5.24305732288417        0.122982549494147       0.123649408595774       0.0299595416564544      0.0165850158345492      
-1.16897142059072       96.4823534988438        0.688777495142603       5.24545722987555        759.141088073879        29.0429009890518        5.24545722987555        0.123649408595774       0.124132205507992       0.0229017070444214      0.0142584823943427      
-1.1592706125861        96.4557923220406        0.704900816903635       5.24786590985523        759.280596502369        29.0455694938979        5.24786590985522        0.124132205507992       0.124547175001095       0.0165850158345492      0.0126574125027679      
-1.14956849339619       96.4291399172246        0.720727425377458       5.25028220668998        759.420296270733        29.0482414130306        5.25028220668999        0.124547175001095       0.12491544620038        0.0142584823943427      0.00798038554405846     
-1.13987222879557       96.4026111253331        0.73621635114533        5.25270479627263        759.561686746863        29.0509454186733        5.25270479627263        0.12491544620038        0.125147562863267       0.0126574125027679      0.00817508792051854     
-1.13017920670513       96.3761127609168        0.751382905252625       5.25513099502625        759.703646025058        29.053660049124         5.25513099502624        0.125147562863267       0.125385259580741       0.00798038554405846     0.00116087103674411     
-1.12048810754956       96.3498915848265        0.766214114049373       5.257561098656          759.848162784161        29.056423324746         5.25756109865601        0.125385259580741       0.12541900444941        0.00817508792051854     0.00228538468395874     
-1.1108011379155        96.3237386832913        0.780711865434342       5.25999128200104        759.993038585788        29.0591932018039        5.25999128200103        0.12541900444941        0.125485424931964       0.00116087103674411     0.000882692805785896    
-1.10111314436148       96.2978171443301        0.794866273258682       5.26242245138725        760.13969243986         29.06199680453          5.26242245138724        0.125485424931964       0.125511072330448       0.00228538468395874     -0.0102387397764951     
-1.09142786580005       96.2723159191634        0.808706723204795       5.26485339731538        760.28944430164         29.0648593532473        5.26485339731538        0.125511072330448       0.125213693817917       0.000882692805785896    0.00253889217376696     
-1.08174965990233       96.249007243188         0.822239054260251       5.26727726005552        760.455310732445        29.0680296074273        5.26727726005554        0.125213693817917       0.125287401672027       -0.0102387397764951     -0.0158323119068546     
-1.07207573272174       96.2290664957967        0.835458831539656       5.26970154122404        760.647690035176        29.0717061769529        5.26970154122405        0.125287401672027       0.124827914171712       0.00253889217376696     0.0156258935713807      
-1.06240227273896       96.2057320716489        0.848392740947781       5.27211647065099        760.811736938965        29.0748409174776        5.27211647065099        0.124827914171712       0.125281351860481       -0.0158323119068546     0.00429987641747039     
-1.05273098210543       96.1786961660854        0.861005611065798       5.27453999567947        760.947569490482        29.0774362596476        5.27453999567948        0.125281351860481       0.125406122519595       0.0156258935713807      0.0146948131269935      
-1.04305770539222       96.1531209814034        0.873337302205672       5.27696596345081        761.095120047651        29.0802552343921        5.2769659634508         0.125406122519595       0.125832481339132       0.00429987641747039     0.00712481140027248     
-1.03338576744498       96.1286039661069        0.88538586543173        5.27939980967844        761.252000224978        29.0832521531814        5.27939980967845        0.125832481339132       0.126039135526733       0.0146948131269935      0.017934963405812       
-1.02371900947973       96.101660867514         0.897187291030203       5.28183643063069        761.389880121226        29.0858858501895        5.2818364306307         0.126039135526733       0.126559027611179       0.00712481140027248     0.0142396661708158      
-1.01405994948147       96.0702872687505        0.908737084498405       5.28428133362958        761.493638596034        29.0878676235382        5.28428133362956        0.126559027611179       0.126971542854809       0.017934963405812       0.0234008030268895      
-1.00440826322471       96.0392448464194        0.920077455918862       5.28673271445259        761.600726401332        29.089912845088         5.28673271445259        0.126971542854809       0.127649161035602       0.0142396661708158      0.0170204567938139      
-0.994757621217434      96.0116258335596        0.931234180697156       5.28919655708012        761.736541197792        29.0925065036379        5.28919655708013        0.127649161035602       0.128141915783929       0.0234008030268895      -1.22871792930126e-05   
-0.985107241375828      95.985368976116         0.942237846596866       5.2916696411712         761.884294511294        29.0953278897583        5.2916696411712         0.128141915783929       0.128141560121916       0.0170204567938139      -0.0666579183459388     
-0.975459499672254      95.9592389963216        0.953058794332657       5.29414216730683        762.03278026965         29.0981629864928        5.29414216730681        0.128141560121916       0.126212554309315       -1.22871792930126e-05   -0.276176980560194      
-0.965814820816492      95.9335569156743        0.96360694738386        5.29657678525543        762.179175729812        29.1009579019472        5.29657678525544        0.126212554309315       0.118222044451816       -0.0666579183459388     -1.03023329886459       
-0.956172272399383      95.9096349946841        0.973475921606333       5.29885685814663        762.317140730883        29.1035916212508        5.29885685814661        0.118222044451816       0.0884190527185161      -0.276176980560194      -3.87582555001675       
-0.946529328394858      95.8920262141895        0.981311199167749       5.30056199989665        762.422445366039        29.105601701506         5.30056199989664        0.0884190527185161      -0.0236968544059539     -1.03023329886459       -8.6502977023378        
-0.936888210011334      95.8979324521946        0.981875749744484       5.30010502434485        762.40367042124         29.1052433310037        5.30010502434487        -0.0236968544059539     -0.273978562017937      -3.87582555001675       -12.2422806709908       
-0.92724493406383       95.9563840988468        0.966395838453949       5.29481962870275        762.107619038872        29.0995918077303        5.29481962870275        -0.273978562017937      -0.628436873328621      -8.6502977023378        -12.4909682239042       
-0.917590055377985      96.0898266930519        0.928290953460177       5.2826836201172         761.418230296929        29.0864273482578        5.2826836201172         -0.628436873328621      -0.990601828454011      -12.2422806709908       -16.3161878203881       
-0.907920248120481      96.3012222839715        0.866642484116374       5.26352035980627        760.325166248871        29.0655421466128        5.26352035980626        -0.990601828454011      -1.46475186230834       -12.4909682239042       -15.8357109236972       
-0.898224604153201      96.6168529902914        0.774173831184635       5.23510746049506        758.699411848543        29.0344510280181        5.23510746049506        -1.46475186230834       -1.92644741560151       -16.3161878203881       -10.1923539796058       
-0.888490187228396      97.0380251122292        0.650573052414708       5.19759449074414        756.546457074022        28.9932263559386        5.19759449074415        -1.92644741560151       -2.22488630044996       -15.8357109236972       -7.1913946026942        
-0.878709434101419      97.5331581091614        0.505817020407113       5.1540631823051         754.038088896557        28.945122193108         5.15406318230512        -2.22488630044996       -2.4365063081682        -10.1923539796058       9.18852231479331        
-0.868874091623832      98.0862033521935        0.34511859568953        5.106138922086          751.262670984416        28.8918033548236        5.10613892208598        -2.4365063081682        -2.16473443796337       -7.1913946026942        16.2414328848166        
-0.858987022714664      98.5867418135297        0.200606441294111       5.06334369648026        748.767836577094        28.8437907159138        5.06334369648027        -2.16473443796337       -1.68208739216646       9.18852231479331        15.7884922950834        
-0.849057957445638      98.9819707656156        0.0873125547263041      5.02994447536707        746.810725520179        28.8060704543751        5.02994447536707        -1.68208739216646       -1.21109536170816       16.2414328848166        12.9290022225588        
-0.839091520899703      99.2702245758689        0.00531491022172783     5.005815480547          745.392640408893        28.7787081867614        5.00581548054698        -1.21109536170816       -0.824282351615117      15.7884922950834        11.1579703255131        
-0.829106894600225      99.4684764043485        -0.0505392188189017     4.98935415764666        744.425184454222        28.7600259707467        4.98935415764664        -0.824282351615117      -0.489766190104453      12.9290022225588        8.83155908592502        
-0.819101602676947      99.5875243125785        -0.0835259715025146     4.97955663601819        743.852576332984        28.7489628089816        4.97955663601821        -0.489766190104453      -0.224657456889352      11.1579703255131        9.89923058596495        
-0.809087837820689      99.6433244743556        -0.0982245936862281     4.97505823444781        743.597012900846        28.7440237827477        4.9750582344478         -0.224657456889352      0.0726658134493422      8.83155908592502        6.46495219741634        
-0.799073899979237      99.6286577887834        -0.0923182650454852     4.97651340074894        743.705025876765        28.7461113481607        4.97651340074892        0.0726658134493422      0.266796391929163       9.89923058596495        0.187157277257047       
-0.789064621605029      99.5699500064947        -0.0729978977224322     4.9818531444128         744.064302793321        28.7530539980504        4.98185314441278        0.266796391929163       0.272412862070047       6.46495219741634        -5.60928130008354       
-0.779068511420635      99.5130646945583        -0.0533800446872138     4.98730078928591        744.452379143146        28.7605512839906        4.9873007892859         0.272412862070047       0.104160913612083       0.187157277257047       -5.76108278758863       
-0.769074506047405      99.4918554220578        -0.0454872775317904     4.98938323500639        744.604493193741        28.7634894574845        4.98938323500639        0.104160913612083       -0.0686568015489944     -5.60928130008354       -1.01223009134339       
-0.759073460791297      99.5059605299019        -0.0496272811658662     4.98800993565921        744.505079670696        28.7615692600521        4.98800993565919        -0.0686568015489944     -0.0990347642735772     -5.76108278758863       3.3560852727736         
-0.749064799210363      99.5279875028581        -0.05594457346189       4.98602791320496        744.373985751547        28.7590369517237        4.98602791320495        -0.0990347642735772     0.00171521875343295     -1.01223009134339       4.24231021759771        
-0.739056365549729      99.5276309240343        -0.0553352912011899     4.98606224371461        744.376444135035        28.7590844417519        4.98606224371465        0.00171521875343295     0.1290562819517         3.3560852727736         1.37930121783678        
-0.729051420639007      99.4980798171893        -0.0459407628878745     4.98864444915552        744.540815372481        28.7622595189615        4.98864444915548        0.1290562819517         0.170441327099645       4.24231021759771        -1.89742004373449       
-0.719053010308834      99.4587173353793        -0.0337088137379755     4.99205287805569        744.754764182712        28.7663917364752        4.99205287805572        0.170441327099645       0.113539971338502       1.37930121783678        -3.11039399837305       
-0.709059441904985      99.4311012373206        -0.0254310514684384     4.99432221569019        744.886436760136        28.7689345718633        4.99432221569015        0.113539971338502       0.020308588465531       -1.89742004373449       -2.08164919050202       
-0.699070738429909      99.424084276185         -0.0236117441181976     4.99472794371469        744.894378018758        28.7690879247299        4.99472794371471        0.020308588465531       -0.0420671682950952     -3.11039399837305       0.615510485954786       
-0.689085413990043      99.4326847193877        -0.0261226166999989     4.99388771721805        744.833494365248        28.7679121855748        4.99388771721806        -0.0420671682950952     -0.023625181221776      -2.08164919050202       2.34138080759803        
-0.679097865676136      99.4381538321708        -0.0273899137151622     4.9934158021773         744.804073027349        28.7673440056864        4.99341580217726        -0.023625181221776      0.0465307010130097      0.615510485954786       1.45058704555629        
-0.669108113547183      99.4278165082139        -0.0238450255855388     4.99434534733031        744.865279159515        28.7685259955219        4.9943453473303         0.0465307010130097      0.0899947887670484      2.34138080759803        -0.479134881434316      
-0.659121108569828      99.407324211533         -0.0173323727363127     4.99614294390805        744.979802148345        28.7707374900329        4.99614294390804        0.0899947887670484      0.0756400829934313      1.45058704555629        -1.54048459234602       
-0.649135966892078      99.39040382352          -0.0118363046287283     4.99765357134158        745.078209938545        28.7726376564523        4.9976535713416         0.0756400829934313      0.0294927217321818      -0.479134881434316      -1.29219620893891       
-0.639150743958854      99.3844344616521        -0.00953534379126557    4.9982425504112         745.121263762175        28.7734689478225        4.99824255041117        0.0294927217321818      -0.00921547993382828    -1.54048459234602       -0.168877856346036      
-0.629165692933903      99.3878398751467        -0.00990474398528595    4.99805851564625        745.119359159495        28.7734321739014        4.99805851564622        -0.00921547993382828    -0.0142744036123916     -1.29219620893891       0.770363373103974       
-0.619180664019093      99.3924082453591        -0.010621192399121      4.9977734419136         745.111107384735        28.7732728487303        4.99777344191363        -0.0142744036123916     0.00880490037673018     -0.168877856346036      0.818164521082823       
-0.609193826390132      99.3914324887185        -0.00975228006779928    4.99794931050114        745.130012215066        28.7736378616698        4.99794931050118        0.00880490037673018     0.0333189142712511      0.770363373103974       0.185002610804448       
-0.599204642450406      99.3846467184315        -0.00721644002416414    4.99861489821856        745.17836361141         28.7745714054655        4.99861489821852        0.0333189142712511      0.0388618019372778      0.818164521082823       -0.514462814076743      
-0.589217302571168      99.3765909224287        -0.00434037939226882    4.99939108970416        745.233664774147        28.7756390946336        4.99939108970419        0.0388618019372778      0.0234504632552785      0.185002610804448       -0.755354771766035      
-0.579234923585411      99.3722228959057        -0.00257510977236365    4.99985934654342        745.270706149335        28.7763542233576        4.99985934654341        0.0234504632552785      0.000826263416855549    -0.514462814076743      -0.410776869741289      
-0.56925119295166       99.373209590808         -0.00241023697084253    4.99987584445746        745.280565328934        28.7765445637962        4.99987584445743        0.000826263416855549    -0.0114763388689252     -0.755354771766035      0.239737987002447       
-0.5592672453097        99.377146928894         -0.00312155537316449    4.99964670163704        745.275937291716        28.7764552154808        4.999646701637          -0.0114763388689252     -0.0042963008455576     -0.410776869741289      0.566557227457564       
-0.549285784022437      99.3794180271546        -0.00335250888792292    4.99956092305847        745.280182387281        28.7765371707824        4.9995609230585         -0.0042963008455576     0.0126726703951157      0.239737987002447       0.235269918506223       
-0.539301289287127      99.3777442176586        -0.00241528319411369    4.99981397503785        745.305351520779        28.7770230782357        4.99981397503782        0.0126726703951157      0.0197199221635017      0.566557227457564       -0.292014412340628      
-0.52931509347731       99.3743833685974        -0.000982419950686884   5.00020780007813        745.338850271422        28.7776697819569        5.00020780007808        0.0197199221635017      0.0109723774073283      0.235269918506223       -0.463402559185324      
-0.51933013452493       99.3732861657658        -0.000135462388557843   5.00042692417416        745.363283530438        28.7781414643985        5.00042692417416        0.0109723774073283      -0.00290883208267811    -0.292014412340628      -0.211280005212519      
-0.50934520575709       99.3756020168409        -0.000226172921221472   5.00036883656592        745.371995159982        28.7783096399582        5.00036883656592        -0.00290883208267811    -0.00923732255645012    -0.463402559185324      0.142289569418828       
-0.49936123816536       99.380440096694         -0.000735742492836479   5.00018438429522        745.380787013814        28.7784793632289        5.00018438429524        -0.00923732255645012    -0.00497592778381485    -0.211280005212519      0.267285802581518       
-0.489377795993251      99.3860306023188        -0.000937017300950035   5.00008504337009        745.407907701864        28.7790029111091        5.00008504337006        -0.00497592778381485    0.0030265868961541      0.142289569418828       0.119281608391688       
-0.479400043860021      99.3922724623169        -0.000578105783737005   5.00014544257944        745.463727270103        28.7800804429055        5.00014544257942        0.0030265868961541      0.00659690210460416     0.267285802581518       -0.107106126242882      
-0.469426566545807      99.3979936375713        2.66862618753632e-05    5.00027705882001        745.526260918027        28.7812875342842        5.00027705882           0.00659690210460416     0.00339079831063508     0.119281608391688       -0.188074600647384      
-0.459448834709295      99.3972017285158        0.000398005066836614    5.00034473333119        745.530411256562        28.7813676467676        5.00034473333119        0.00339079831063508     -0.00224148665142424    -0.107106126242882      -0.0831279488938178     
-0.44946121034205       99.3931680194162        0.000352226076576865    5.00029996753738        745.493482231386        28.7806548113174        5.0002999675374         -0.00224148665142424    -0.0047321611742256     -0.188074600647384      0.0824387784928037      
-0.439471241653529      99.3916161441081        9.01161417727848e-05    5.00020542245533        745.467746985552        28.7801580372765        5.00020542245532        -0.0047321611742256     -0.00226157720404105    -0.0831279488938178     0.146054812862631       
-0.429480281869842      99.3917629975722        -5.58172812812014e-05   5.00016023633509        745.462111739553        28.7800492575355        5.00016023633505        -0.00226157720404105    0.00211550602876724     0.0824387784928037      0.0641997775357209      
-0.4194923401543        99.3920206005618        4.64906675970788e-05    5.00020250056336        745.47034491446         28.7802081861527        5.00020250056335        0.00211550602876724     0.00403930073805148     0.146054812862631       -0.0555005253596218     
-0.409502569941512      99.3922054879092        0.000241052337357507    5.00028319085787        745.483761605226        28.780467172589         5.00028319085785        0.00403930073805148     0.00237649377616757     0.0641997775357209      -0.0950501842529878     
-0.399517446554009      99.3927419799627        0.000299784767214385    5.00033065263792        745.494861558208        28.7806814365742        5.00033065263787        0.00237649377616757     -0.000470789393366632   -0.0555005253596218     -0.0408325678093395     
-0.389534771073614      99.3936391729426        0.000157622996754925    5.00032125185365        745.500189383307        28.78078427978          5.00032125185369        -0.000470789393366632   -0.00169379029256206    -0.0950501842529878     0.0370999959601304      
-0.37954898383799       99.3946592547349        -6.1106324704397e-05    5.00028743074958        745.502798032633        28.7808346345008        5.00028743074962        -0.00169379029256206    -0.000582618708803252   -0.0408325678093395     0.06180430760981        
-0.36956782476201       99.3956050116968        -0.000187792294513776   5.00027579789986        745.508157236403        28.7809380828585        5.0002757978999         -0.000582618708803252   0.00126842230237916     0.0370999959601304      0.0199930352040337      
-0.359582953256136      99.3963828484487        -0.000172080733594035   5.00030112392886        745.517767307341        28.7811235844943        5.00030112392886        0.00126842230237916     0.0018671916497922      0.06180430760981        -0.0318550783061462     
-0.349600736991088      99.3973873240929        -0.000105934677747074   5.00033840405604        745.530859649242        28.781376301916         5.00033840405604        0.0018671916497922      0.000913164149490117    0.0199930352040337      -0.0438193077422843     
-0.339618278072066      99.3990138959664        -9.76540840892246e-05   5.00035663578791        745.545778088206        28.781664265219         5.00035663578791        0.000913164149490117    -0.000399230582494395   -0.0318550783061462     -0.014328294628842      
-0.329634515007332      99.4014803652587        -0.000166590741382043   5.00034866402756        745.563089320175        28.7819984118194        5.00034866402752        -0.000399230582494395   -0.000828409119297564   -0.0438193077422843     0.0179951921657878      
-0.319648880159781      99.404745065337         -0.000246616651413396   5.00033212060847        745.585109536652        28.7824234470478        5.00033212060852        -0.000828409119297564   -0.000289348190671463   -0.014328294628842      0.0189743513979408      
-0.309663698314714      99.4089223900323        -0.000269773334944944   5.00032634199773        745.61557988473         28.7830115767527        5.0003263419977         -0.000289348190671463   0.000279071713705431    0.0179951921657878      -0.00674538692944433    
-0.299677433509856      99.4147974357063        -0.000231346726488533   5.0003319155814         745.660476748233        28.7838781409207        5.00033191558137        0.000279071713705431    7.69903372341654e-05    0.0189743513979408      -0.026133642562168      
-0.289691407272164      99.4236515364742        -0.000181949615996475   5.00033345328879        745.727116238939        28.7851643161878        5.00033345328878        7.69903372341654e-05    -0.000705981834397332   -0.00674538692944433    -0.0217515732385686     
-0.279704259515869      99.4374266842663        -0.000162083554317505   5.00031935188778        745.828333426888        28.7871177482585        5.00031935188774        -0.000705981834397332   -0.00135772251379004    -0.026133642562168      0.00028095755090796     
-0.26971624166803       99.458618052394         -0.000168839961905918   5.00029222956875        745.983232516547        28.7901069527662        5.00029222956877        -0.00135772251379004    -0.00134930276829623    -0.0217515732385686     0.013460562199711       
-0.259726756303036      99.4909276248371        -0.000169925923073353   5.00026526989039        746.221545107477        28.794705244531         5.00026526989039        -0.00134930276829623    -0.000945785902421753   0.00028095755090796     0.00616432917524264     
-0.249732842088908      99.5393702657025        -0.000151828804882075   5.00024636461278        746.582061460386        28.8016600883504        5.00024636461282        -0.000945785902421753   -0.000760895601612596   0.013460562199711       -0.00586223169259379    
-0.239732233773581      99.6111258334644        -0.000136312314097607   5.00023114527012        747.117980711864        28.8119955865582        5.00023114527008        -0.000760895601612596   -0.000936864421805637   0.00616432917524264     -0.00525663111195201    
-0.229723604020601      99.7157175694704        -0.000152890656782471   5.00021238913569        747.899649573631        28.8270638573783        5.0002123891357         -0.000936864421805637   -0.00109483524103007    -0.00586223169259379    0.0064473968894843      
-0.219701239888556      99.8656591920329        -0.000201704386529493   5.00019044086036        749.020971693332        28.8486658981607        5.0001904408604         -0.00109483524103007    -0.000900771683824947   -0.00525663111195201    0.0158699836897221      
-0.209660391064037      100.076628360213        -0.000251313553955245   5.00017234974035        750.600584972967        28.8790694096947        5.00017234974035        -0.000900771683824947   -0.000422072326891447   0.0064473968894843      0.0149820546097904      
-0.199596404998548      100.368271568763        -0.000272544109755102   5.00016385248949        752.786705152462        28.9210939003286        5.00016385248946        -0.000422072326891447   3.11148458524018e-05    0.0158699836897221      0.00757926852160411     
-0.189500795695257      100.762626904448        -0.000264059285233957   5.00016448089268        755.744562073593        28.9778567199469        5.00016448089264        3.11148458524018e-05    0.000261231402010414    0.0149820546097904      0.00214186899302788     
-0.179363502341768      101.284357889005        -0.000243238289694877   5.00016977906178        759.658478112421        29.0527963487246        5.00016977906174        0.000261231402010414    0.000326586829575739    0.00757926852160411     0.00137563104899435     
-0.169170664485006      101.959005694169        -0.000223855644510174   5.00017644039421        764.719527237003        29.1494144640449        5.00017644039419        0.000326586829575739    0.00036884597511198     0.00214186899302788     0.00229077331261024     
-0.158899995577167      102.804812590677        -0.00020757262999408    5.00018402193462        771.064471940826        29.2700922813112        5.00018402193458        0.00036884597511198     0.000439833227359409    0.00137563104899435     0.000622239653359734    
-0.148524651810602      103.83173033968         -0.000190065213124629   5.00019315136915        778.768060408916        29.4159454190885        5.00019315136914        0.000439833227359409    0.000459319447702496    0.00229077331261024     -0.00429708772708903    
-0.138032843770126      105.053078015839        -0.000172409864687316   5.00020279398001        787.930041316495        29.5884745075679        5.00020279397998        0.000459319447702496    0.000323131146529675    0.000622239653359734    -0.0108306891444333     
-0.127405291225947      106.470737782828        -0.000159978201614959   5.00020966361466        798.564017930815        29.7874697357204        5.00020966361469        0.000323131146529675    -2.46878077032978e-05   -0.00429708772708903    -0.0145887848330264     
-0.116633030435082      108.066360678423        -0.000156028584353332   5.00020913148079        810.531605205218        30.0098429261175        5.00020913148076        -2.46878077032978e-05   -0.000500011368750121   -0.0108306891444333     -0.0104006317247249     
-0.105696058329678      109.806161378031        -0.000153918356814664   5.0001981904673         823.578854136889        30.2504151328152        5.00019819046727        -0.000500011368750121   -0.000844146592468989   -0.0145887848330264     0.000462001717425921    
-0.0945792044344634     111.640671657146        -0.000143595077310336   5.00017942230363        837.335083668326        30.5020051010918        5.00017942230363        -0.000844146592468989   -0.000828613203474536   -0.0104006317247249     0.00846582967656579     
-0.0832832862141528     113.508397921606        -0.000121409053224899   5.00016069977499        851.340345573052        30.7560354614081        5.00016069977495        -0.000828613203474536   -0.000539370194581561   0.000462001717425921    0.0107287948094023      
-0.0718019443199578     115.338565769924        -9.71259150249378e-05   5.00014831607713        865.064903119857        31.0029551121942        5.00014831607714        -0.000539370194581561   -0.000167092195145935   0.00846582967656579     0.00951593207655397     
-0.0601414431423157     117.051966573675        -8.17933915970081e-05   5.00014442110329        877.915106463796        31.2323747000483        5.00014442110329        -0.000167092195145935   0.000167845071798111    0.0107287948094023      0.00757021914202122     
-0.0483231317013723     118.567972728186        -7.92141935262163e-05   5.00014838671244        889.286186328907        31.4339905609783        5.00014838671242        0.000167845071798111    0.000437602552767436    0.00951593207655397     0.00395377306405844     
-0.0363670467769786     119.781822832721        -7.83112260909053e-05   5.00015884306451        898.392211013126        31.5945180022162        5.0001588430645         0.000437602552767436    0.000579908644666202    0.00757021914202122     -0.00188001313701399    
-0.0243082635243739     120.59790815467         -6.80929646550551e-05   5.00017282192492        904.515574103969        31.7020078947685        5.00017282192492        0.000579908644666202    0.000511756047024867    0.00395377306405844     -0.00800300414401219    
-0.0121713543715357     120.988326178762        -5.5840339144965e-05    5.00018522878211        907.446062121175        31.7533211232599        5.00018522878209        0.000511756047024867    0.000220458404036672    -0.00188001313701399    -0.0109671711918121     
-1.65672879281636e-05   121.077353203752        -5.17111706761585e-05   5.00019058607365        908.114762514169        31.7650185391654        5.00019058607362        0.000220458404036672    -0.000179240710751924   -0.00800300414401219    -0.00861086195050393    
0.0121383311218285      120.989382701419        -4.69961529640066e-05   5.00018623066719        907.454168160835        31.7534629460724        5.0001862306672         -0.000179240710751924   -0.000492652695491886   -0.0109671711918121     -0.00203320940689111    
0.0242721532334247      120.598553284612        -3.20473616712268e-05   5.00017428756333        904.520677876582        31.7020973346942        5.00017428756335        -0.000492652695491886   -0.000566359526526429   -0.00861086195050393    0.00505618201445231     
0.0363344923737765      119.782539194563        -1.38858828536154e-05   5.00016063427172        898.397905730649        31.594618137529         5.00016063427175        -0.000566359526526429   -0.000384366955919693   -0.00203320940689111    0.00914990066198292     
0.0482902126571592      118.568272217506        3.78810359697469e-06    5.00015144944297        889.288977279469        31.4340398874191        5.00015144944296        -0.000384366955919693   -5.83066541354477e-05   0.00505618201445231     0.00971888281230725     
0.0601084121908763      117.05201911143         3.15743230816279e-05    5.00015007186875        877.9164926586          31.2323993574088        5.0001500718688         -5.83066541354477e-05   0.000283774514471008    0.00914990066198292     0.00904657057462563     
0.0717690184946808      115.338537907833        7.42078974058941e-05    5.00015668682904        865.0661423534          31.0029773185559        5.00015668682908        0.000283774514471008    0.00059768310143122     0.00971888281230725     0.00683811960820273     
0.0832508492751801      113.508340436415        0.000119925296496705    5.00017040950024        851.341567622459        30.7560575356476        5.00017040950027        0.00059768310143122     0.000831311987689592    0.00904657057462563     0.000627822130743337    
0.094546136945436       111.64056849872         0.000155529631358033    5.00018919253241        837.335946083207        30.5020208088872        5.00018919253234        0.000831311987689592    0.000852420061973849    0.00683811960820273     -0.00969151855461865    
0.105662618620171       109.806017347155        0.000175243307347582    5.00020814400103        823.579413299342        30.2504254019554        5.00020814400107        0.000852420061973849    0.00053176278421944     0.000627822130743337    -0.0160805211587073     
0.116599460759098       108.066235073273        0.000184226863352882    5.00021977923488        810.532389121241        30.0098574383159        5.00021977923485        0.00053176278421944     7.87354079716882e-06    -0.00969151855461865    -0.0144078805919663     
0.127370287954264       106.470665809394        0.000188253158663373    5.00021994892901        798.565120733829        29.7874903037021        5.00021994892901        7.87354079716882e-06    -0.000454782012140634   -0.0160805211587073     -0.00657546368305708    
0.137996709468275       105.053065156013        0.000192254966385945    5.00021028142325        787.931124732187        29.5884948498603        5.0002102814232         -0.000454782012140634   -0.000663160582364905   -0.0144078805919663     0.00101328737354698     
0.14848793893975        103.831801371054        0.000198690728456237    5.00019636055587        778.769092988259        29.4159649205865        5.00019636055587        -0.000663160582364905   -0.000631429770686542   -0.00657546368305708    0.00330020837715148     
0.158862456452932       102.804859928626        0.000208096577798822    5.00018325466542        771.064708670007        29.2700967745051        5.00018325466536        -0.000631429770686542   -0.000529162659795423   0.00101328737354698     0.00237326685825632     
0.169133983528018       101.959063325741        0.000219063628274101    5.00017237761919        764.719338133948        29.1494108599499        5.00017237761926        -0.000529162659795423   -0.000456255302510897   0.00330020837715148     0.00511277801777873     
0.179326818627842       101.284463266048        0.000234693174049496    5.00016307127473        759.658249375163        29.0527919747476        5.0001630712748         -0.000456255302510897   -0.000300244419623881   0.00237326685825632     0.0120642356061101      
0.189464081890414       100.762775626843        0.000255747810290101    5.00015698179682        755.744544083675        28.9778563750491        5.00015698179684        -0.000300244419623881   6.60460308905538e-05    0.00511277801777873     0.0176376967464495      
0.199560191626246       100.368372337306        0.000269484684781938    5.000158315704          752.786627364086        28.9210924060641        5.00015831570408        6.60460308905538e-05    0.000599561161321245    0.0120642356061101      0.0157578296571761      
0.209623968805032       100.076699187519        0.000255163541896649    5.00017038600033        750.600821409147        28.87907395809          5.00017038600041        0.000599561161321245    0.00107487160269277     0.0176376967464495      0.0043503781820041      
0.219664074633893       99.8657037731652        0.000210085628770567    5.00019197318675        749.021535604839        28.8486767577309        5.0001919731868         0.00107487160269277     0.00120581451186938     0.0157578296571761      -0.00883165437452945    
0.229687090556591       99.7157538831051        0.000162660855904699    5.00021614646372        747.900483934656        28.8270799371905        5.00021614646374        0.00120581451186938     0.000940406470612328    0.0043503781820041      -0.00820418113549418    
0.239695472725399       99.6111422218837        0.000147438104233166    5.00023497372516        747.11867566586         28.8120089867221        5.00023497372522        0.000940406470612328    0.000694135049608396    -0.00883165437452945    0.00710267011710569     
0.249696381393097       99.5393965426875        0.000166791333806693    5.00024885788061        746.582630815048        28.8016710706369        5.00024885788054        0.000694135049608396    0.000907169986357438    -0.00820418113549418    0.0146000526231875      
0.259690372221557       99.490951432437         0.000188289327215198    5.00026699129721        746.221980570553        28.7947136462108        5.00026699129727        0.000907169986357438    0.00134484778734704     0.00710267011710569     -0.00169400106294834    
0.269679472811272       99.4586358897994        0.000185910816086555    5.00029386185878        745.983609822918        28.7901142335528        5.00029386185874        0.00134484778734704     0.00129408257990174     0.0146000526231875      -0.0247121863963007     
0.279668028356672       99.4374631629416        0.000174669801305596    5.00031971256941        745.828660832327        28.7871240667754        5.00031971256936        0.00129408257990174     0.000553630179762806    -0.00169400106294834    -0.0260968683473011     
0.289653997502668       99.4237339066768        0.000190345333708083    5.00033077089971        745.727334016951        28.7851685193174        5.00033077089972        0.000553630179762806    -0.000228255548804452   -0.0247121863963007     -0.00415436152909037    
0.299641941341899       99.4149114384471        0.000236073410871851    5.00032621180545        745.660481264976        28.783878228098         5.00032621180552        -0.000228255548804452   -0.000352714720134171   -0.0260968683473011     0.0212677165082872      
0.309627364861178       99.4090445165455        0.000271701902773204    5.00031916748606        745.615426076336        28.7830086080184        5.00031916748604        -0.000352714720134171   0.000284386937713924    -0.00415436152909037    0.0196900341024343      
0.319612013139139       99.4048924583186        0.000249577907747354    5.00032484657821        745.585130446148        28.7824238506409        5.00032484657821        0.000284386937713924    0.000874186404301419    0.0212677165082872      -0.012636967177257      
0.329596484498454       99.4016254613642        0.000176268198344788    5.00034230336086        745.563229225937        28.7820011123066        5.00034230336095        0.000874186404301419    0.000495673000364379    0.0196900341024343      -0.0434910713587265     
0.339581246801213       99.39913300711          0.000116096804434796    5.00035220111191        745.546010281077        28.7816687471012        5.00035220111195        0.000495673000364379    -0.000806924582269274   -0.012636967177257      -0.0329386475966516     
0.349563866274251       99.3974499102073        0.0001288792690108      5.00033608981145        745.530984031853        28.7813787028244        5.00033608981141        -0.000806924582269274   -0.00179342813689117    -0.0434910713587265     0.0201208799867345      
0.359546470611655       99.3964404213073        0.000193383700278942    5.00030028215773        745.518073626205        28.7811294972978        5.00030028215766        -0.00179342813689117    -0.00119082023136335    -0.0329386475966516     0.0619138179142968      
0.369530717806111       99.3956752616851        0.000203283975642452    5.0002765053248         745.508789612846        28.7809502895549        5.00027650532479        -0.00119082023136335    0.000663537859128097    0.0201208799867345      0.0343892476524739      
0.379513157741482       99.394690296536         7.01290377293252e-05    5.00028975432326        745.503377285853        28.7808458158055        5.00028975432329        0.000663537859128097    0.00169355243804144     0.0619138179142968      -0.0458553027197487     
0.389498446840701       99.3936960175977        -0.000153638973479513   5.00032357169084        745.500961611402        28.7807991860971        5.00032357169091        0.00169355243804144     0.000320084545162353    0.0343892476524739      -0.0979952241234916     
0.399482033985338       99.3927922355572        -0.000295994116876837   5.00032996325132        745.495135720004        28.7806867287385        5.00032996325134        0.000320084545162353    -0.00261544315735873    -0.0458553027197487     -0.0481713176275551     
0.409466271864384       99.3923470435608        -0.000230011305630799   5.00027772922633        745.484009066178        28.7804719493807        5.00027772922638        -0.00261544315735873    -0.00405868208378116    -0.0979952241234916     0.0755785358632185      
0.419456981041024       99.392130981558         -3.53794920081103e-05   5.00019665042629        745.470300619077        28.7802073311016        5.00019665042627        -0.00405868208378116    -0.0017939223584368     -0.0481713176275551     0.142399313574943       
0.429444589657668       99.3918543546383        5.06412777275959e-05    5.0001608111342         745.462882635031        28.7800641385092        5.00016081113422        -0.0017939223584368     0.00247363504478361     0.0755785358632185      0.0697605513862063      
0.439435010162688       99.3916237921232        -0.000101680081529549   5.00021023383687        745.468521664558        28.7801729912289        5.0002102338369         0.00247363504478361     0.0045643184764025      0.142399313574943       -0.0839311206331157     
0.449426135645195       99.3932442526863        -0.000345109133114548   5.00030143078158        745.494272170095        28.780670059571         5.00030143078159        0.0045643184764025      0.00204936574063128     0.0697605513862063      -0.17783483148887       
0.459414279861203       99.3973189759712        -0.000374417770228792   5.00034236422104        745.530937448311        28.7813778036407        5.00034236422099        0.00204936574063128     -0.00327675780728898    -0.0839311206331157     -0.104338017494526      
0.469394288303677       99.3981001744982        -1.44813619926803e-05   5.00027695948508        745.527045178699        28.7813026726013        5.00027695948507        -0.00327675780728898    -0.00640015299839306    -0.17783483148887       0.107527147657956       
0.479366523990561       99.3923257574847        0.000568477228323756    5.00014926827374        745.464697362469        28.7800991690529        5.00014926827375        -0.00640015299839306    -0.00318169120084517    -0.104338017494526      0.264558577436671       
0.489344593798789       99.3861527488844        0.000931070314781257    5.00008577603938        745.408933042462        28.7790227044797        5.00008577603937        -0.00318169120084517    0.00473909854677307     0.107527147657956       0.15198499634703        
0.499327215745577       99.3806149600351        0.000743265521105891    5.00018038973308        745.381503064172        28.7784931862546        5.00018038973304        0.00473909854677307     0.00929103253718948     0.264558577436671       -0.210164595642539      
0.509312885471087       99.3757890613667        0.000231221581884482    5.00036592742133        745.3729644496          28.7783283517611        5.0003659274214         0.00929103253718948     0.00299568075194994     0.15198499634703        -0.463805623008494      
0.519298013215357       99.3734574069625        0.00013854509154783     5.00042575189066        745.364393208277        28.7781628864719        5.00042575189066        0.00299568075194994     -0.0108977305970178     -0.210164595642539      -0.286422094998046      
0.529282571791333       99.3745324713215        0.000983534766025381    5.00020812587936        745.340017152847        28.7776923087011        5.00020812587943        -0.0108977305970178     -0.0194774449642753     -0.463805623008494      0.231561092664018       
0.539268020630019       99.3778301044548        0.0023985304727975      4.99981916229407        745.306768895187        28.7770504413806        4.99981916229402        -0.0194774449642753     -0.0125413992831366     -0.286422094998046      0.555371825831393       
0.549252462666622       99.3794831838047        0.00332074050311828     4.99956873046555        745.281834863365        28.7765690732228        4.99956873046549        -0.0125413992831366     0.00409276062239783     0.231561092664018       0.236966944304752       
0.55923495384913        99.3772588267212        0.0030951894633066      4.99965044835645        745.277334974178        28.7764821989952        4.99965044835649        0.00409276062239783     0.0111899035573111      0.555371825831393       -0.398991028872419      
0.569218424892479       99.3734087371554        0.00239581713258502     4.99987387113455        745.281764745716        28.7765677195433        4.99987387113452        0.0111899035573111      -0.000759779597731329   0.236966944304752       -0.74219644251959       
0.579201914527435       99.3724304092011        0.00255114555303525     4.99985870078779        745.272166199811        28.7763824110408        4.99985870078787        -0.000759779597731329   -0.0229902164230279     -0.398991028872419      -0.529956934045757      
0.58918500994875        99.3766961671909        0.00428291513247157     4.99939961496495        745.235724832115        28.7756788670208        4.99939961496494        -0.0229902164230279     -0.0388658797830277     -0.74219644251959       0.170261485441777       
0.599172824141175       99.3847666224669        0.00716024146039297     4.99862333806359        745.180520830599        28.774613055234         4.99862333806363        -0.0388658797830277     -0.0337648114913669     -0.529956934045757      0.854808467798022       
0.609160547225705       99.3916418376143        0.00972995937599688     4.99794889453063        745.131519671833        28.7736669673242        4.99794889453072        -0.0337648114913669     -0.00815481934309353    0.170261485441777       0.763650574831738       
0.619146778842479       99.3924888185901        0.0105595121204018      4.99778602525555        745.113587449377        28.7733207338823        4.99778602525556        -0.00815481934309353    0.0147219465694292      0.854808467798022       -0.226702327080424      
0.629130892528058       99.3877860829429        0.0098207205831781      4.99808002451299        745.122162452591        28.7734862996511        4.99808002451304        0.0147219465694292      0.00793092433969492     0.763650574831738       -1.26615475566604       
0.63911670313588        99.3847022467607        0.00955245755269372     4.99823840909108        745.12265406876         28.7734957917247        4.99823840909111        0.00793092433969492     -0.0299976624236953     -0.226702327080424      -1.45387609238205       
0.649101981736531       99.3907983147388        0.0119042197578795      4.99763933281544        745.079044466497        28.7726537699041        4.99763933281536        -0.0299976624236953     -0.07355113444232       -1.26615475566604       -0.508853579573578      
0.659087144523165       99.4072304458225        0.0172724870518586      4.99617042449193        744.983197101108        28.7708030456246        4.996170424492          -0.07355113444232       -0.0887959832425421     -1.45387609238205       1.33079577389496        
0.669074046593417       99.4274408367181        0.0237150124545854      4.99439681489967        744.870140742795        28.7686198785103        4.9943968148997         -0.0887959832425421     -0.0489218798969298     -0.508853579573578      2.38490902442273        
0.67906304865157        99.4383498343013        0.0274306670406052      4.99341952359074        744.80609618437         28.767383076911         4.99341952359071        -0.0489218798969298     0.022536964053089       1.33079577389496        0.7484731248797         
0.689051280449594       99.4331451384305        0.0262347172087844      4.99386969877841        744.834255841565        28.7679268909273        4.99386969877837        0.022536964053089       0.0449624905359847      2.38490902442273        -2.16355707527781       
0.699035755400051       99.4238460523234        0.0235098573824606      4.99476773829233        744.898528018631        28.7691680646454        4.99476773829234        0.0449624905359847      -0.0198661663158006     0.7484731248797         -3.23762681284074       
0.709024737860063       99.4307728271536        0.0252766448668705      4.99437086057857        744.891231679115        28.7690271661714        4.99437086057853        -0.0198661663158006     -0.116907225014548      -2.16355707527781       -1.76881305308878       
0.719017436540455       99.4591974429288        0.0337625988153773      4.99203433297043        744.755592547178        28.7664077343924        4.99203433297045        -0.116907225014548      -0.169951430667864      -3.23762681284074       1.45357723841512        
0.729015395602866       99.4984418310545        0.045942114596914       4.98863568720811        744.542216609998        28.762286584461         4.98863568720814        -0.169951430667864      -0.126335621771344      -1.76881305308878       4.16072462108931        
0.739022273380468       99.5274172693698        0.0551425007900255      4.98610764659477        744.381624438949        28.7591845124485        4.98610764659478        -0.126335621771344      -0.00143510839809476    1.45357723841512        3.3128712509061         
0.74903158494553        99.5276443812046        0.0557403818051302      4.98607892072668        744.379034518059        28.7591344816073        4.98607892072669        -0.00143510839809476    0.0980197994800357      4.16072462108931        -0.976169355485624      
0.759039113073447       99.5058687899114        0.0495131887457286      4.98804055802557        744.508963928473        28.7616442878836        4.98804055802559        0.0980197994800357      0.0687250282319862      3.3128712509061         -5.71300479355549       
0.769040072978158       99.4917586358827        0.0453906014405364      4.98941516218004        744.608533574745        28.7635674957584        4.98941516217997        0.0687250282319862      -0.102647521698569      -0.976169355485624      -5.56691635385951       
0.779033639655756       99.5125745000162        0.0531910633453914      4.987362963499          744.457992695724        28.7606597184365        4.98736296349898        -0.102647521698569      -0.269631198655516      -5.71300479355549       0.233061589041861       
0.78903089912592        99.5688314424507        0.072614239014595       4.98197075502813        744.073509537922        28.7532318867119        4.98197075502811        -0.269631198655516      -0.2626370869477        -5.56691635385951       6.50228563374501        
0.799039731503859       99.6265467665453        0.0916342503340669      4.97671425724966        743.719283540424        28.7463868945188        4.97671425724961        -0.2626370869477        -0.0673851612618402     0.233061589041861       9.92129745757893        
0.809053409784681       99.6399640174619        0.0971662825288322      4.97536485909362        743.617763300748        28.7444248372281        4.97536485909355        -0.0673851612618402     0.23058881171736        6.50228563374501        8.83116587502051        
0.819067526603572       99.5827331973508        0.0820596866450515      4.97998182712252        743.880302426997        28.7494985932508        4.97998182712259        0.23058881171736        0.495678649693541       9.92129745757893        11.14501559003          
0.829070645444709       99.4623110167956        0.0486713990910843      4.9898972035287         744.460061398815        28.7606996785315        4.98989720352875        0.495678649693541       0.829799014151314       8.83116587502051        12.8719491425011        
0.839057567481655       99.2628011314448        -0.00756272302421348    5.00646890047242        745.434190257536        28.7795102702819        5.00646890047241        0.829799014151314       1.21489984389262        11.14501559003          15.7273188698954        
0.849022076323153       98.973712453019         -0.0898180778881051     5.03067312280616        746.856592652622        28.8069550369857        5.03067312280618        1.21489984389262        1.68404996033076        12.8719491425011        16.1419527849762        
0.858951762488255       98.5781570560588        -0.203226058490968      5.06410917907708        748.815825006134        28.8447149984213        5.06410917907712        1.68404996033076        2.16369582657848        15.7273188698954        9.07431311703188        
0.86883698384742        98.0780200745029        -0.347629481149817      5.10687926375588        751.308910423067        28.8926924714166        5.10687926375583        2.16369582657848        2.43206587630679        16.1419527849762        -7.20842205411685       
0.878671140840337       97.5261922322758        -0.50799398410355       5.15471129191626        754.079046535962        28.9459082991393        5.15471129191629        2.43206587630679        2.21996147692639        9.07431311703188        -10.1844360796223       
0.88845208950454        97.0322789019608        -0.652407897613771      5.19814447511473        756.581706723029        28.9939017864682        5.19814447511478        2.21996147692639        1.92176595380405        -7.20842205411685       -15.827386204502        
0.898185708062608       96.6122068197165        -0.775694413395816      5.23556506193347        758.729241872398        29.035021800738         5.23556506193344        1.92176595380405        1.46032108547931        -10.1844360796223       -16.338713434217        
0.907881480826844       96.2976059576687        -0.867870960576002      5.26389171846735        760.350255763206        29.0660217008567        5.26389171846728        1.46032108547931        0.985530406746545       -15.827386204502        -12.4985267107388       
0.917551423947218       96.0873183213156        -0.929187355909142      5.28295636017003        761.437664185914        29.0867985363715        5.28295636016997        0.985530406746545       0.623155316618833       -16.338713434217        -12.1949932571124       
0.927204863872468       95.9549958841098        -0.966952481795423      5.29498984236632        762.121092795995        29.0998490411509        5.29498984236631        0.623155316618833       0.270070843373242       -12.4985267107388       -8.61710072349952       
0.936849173949565       95.8973650757328        -0.982183674404645      5.30019992506679        762.412810782753        29.1054178000277        5.30019992506672        0.270070843373242       0.0207515360554078      -12.1949932571124       -3.82253006143701       
0.946490195518877       95.8921078204917        -0.98143343152982       5.30060010204498        762.42857474791         29.1057186963492        5.30060010204492        0.0207515360554078      -0.0898209395894817     -8.61710072349952       -1.00313872426467       
0.956132262215226       95.9100148902885        -0.973512013377667      5.29886800853451        762.321764400327        29.1036798818814        5.29886800853457        -0.0898209395894817     -0.118839382735849      -3.82253006143701       -0.265013487947383      
0.965774806906878       95.9340722334312        -0.963605276477277      5.29657605994617        762.183165487107        29.101034068819         5.29657605994617        -0.118839382735849      -0.126506886548267      -1.00313872426467       -0.0581028627702605     
0.975419857037687       95.9598180949849        -0.953035769292506      5.29413571701172        762.03645056191         29.098233061322         5.29413571701169        -0.126506886548267      -0.128188352254306      -0.265013487947383      0.00124440066193908     
0.985067608789437       95.9859591132409        -0.942207144521301      5.29166223730479        761.887912726527        29.0953969770426        5.2916622373047         -0.128188352254306      -0.128152331406281      -0.0581028627702605     0.014372354789138       
0.994718388353385       96.0122295212159        -0.931200326407124      5.28918890477142        761.740228658973        29.0925769199516        5.28918890477148        -0.128152331406281      -0.127736236302953      0.00124440066193908     0.021908323976263       
1.00436896100426        96.0399017608167        -0.920039338789606      5.28672336445316        761.604588838044        29.0899866093328        5.28672336445313        -0.127736236302953      -0.127101832113923      0.014372354789138       0.0183628297051232      
1.01402065230433        96.0709662435575        -0.908693440924435      5.28426946716798        761.497310403236        29.0879377521037        5.284269467168          -0.127101832113923      -0.126569871016104      0.021908323976263       0.0233510691298613      
1.02367978774318        96.1023587784667        -0.897144815958989      5.28182435000391        761.393668033376        29.0859582011927        5.2818243500039         -0.126569871016104      -0.125892971790025      0.0183628297051232      0.00687196872566872     
1.03334646388176        96.1292484529342        -0.885353330607491      5.27939052166258        761.255764705451        29.0833240631399        5.27939052166262        -0.125892971790025      -0.125693647976845      0.0233510691298613      0.0110943409134238      
1.04301901531247        96.1537990815749        -0.87331291646408       5.27695930011005        761.099526456645        29.0803394152713        5.27695930011012        -0.125693647976845      -0.125371747567841      0.00687196872566872     0.00548369192443463     
1.05269211166824        96.1793948200926        -0.860981315841482      5.27453395662034        760.952225858659        29.0775252244115        5.27453395662027        -0.125371747567841      -0.125212623656546      0.0110943409134238      0.0140899738180882      
1.06236379877397        96.2064224557354        -0.848365689042057      5.27211173885754        760.816513773555        29.074932192021         5.27211173885753        -0.125212623656546      -0.124803751393445      0.00548369192443463     -0.0167666083116332     
1.0720370016918         96.2297458216496        -0.835445510847104      5.26969725108558        760.652440543516        29.0717969582495        5.2696972510856         -0.124803751393445      -0.125290357560814      0.0140899738180882      0.00739973479082513     
1.08171145997526        96.249704973534         -0.822239137280541      5.26727289612039        760.460193400019        29.0681229260588        5.26727289612042        -0.125290357560814      -0.125075534501822      -0.0167666083116332     -0.0148047368626562     
1.09138912573156        96.2730202206807        -0.808698298423116      5.26485176485283        760.294770624844        29.0649611622128        5.26485176485276        -0.125075534501822      -0.125505509375409      0.00739973479082513     0.000852298988021003    
1.10107404184984        96.2985301095845        -0.794849638650944      5.26242109979946        760.145125092526        29.0621006561338        5.26242109979938        -0.125505509375409      -0.125480746614823      -0.0148047368626562     0.00655727601512987     
1.11076054151934        96.3244514041874        -0.780702453913045      5.25999018811658        759.998503892607        29.0592976877091        5.25999018811664        -0.125480746614823      -0.125290182827019      0.000852298988021003    0.000248427062898435    
1.12044819856335        96.3505777932394        -0.766215408547561      5.25756260092675        759.853791575129        29.0565309463988        5.25756260092668        -0.125290182827019      -0.125282961664255      0.00655727601512987     0.00441336555875868     
1.13013781983736        96.3768059796566        -0.751396805066932      5.25513455970903        759.709625787098        29.0537743921527        5.255134559709          -0.125282961664255      -0.125154640567196      0.000248427062898435    0.00852178340559894     
1.13983183690036        96.4032949469199        -0.736234406963012      5.25270819597692        759.5675662303          29.051057854717         5.25270819597689        -0.125154640567196      -0.124906780178478      0.00441336555875868     0.0129743593111547      
1.1495280331308         96.4298551673693        -0.720752070028572      5.25028579290603        759.426447895838        29.0483590643036        5.25028579290599        -0.124906780178478      -0.124529296837887      0.00852178340559894     0.012121480014041       
1.15922899875889        96.4565319448258        -0.704933714383658      5.24786999199545        759.287009287803        29.0456921511952        5.24786999199554        -0.124529296837887      -0.124176535811028      0.0129743593111547      0.0160321119868536      
1.16892978802184        96.4831242813586        -0.688811902607         5.2454605250584         759.147629628256        29.0430261208025        5.24546052505839        -0.124176535811028      -0.123709835796805      0.012121480014041       0.0245140941220847      
1.17863436505896        96.5097776067939        -0.672384065170317      5.24305938530449        759.009742882425        29.0403884057746        5.24305938530448        -0.123709835796805      -0.122996008541822      0.0160321119868536      0.033472399645772       
1.18834331980595        96.5364172110977        -0.655664100628808      5.2406712490668         758.873439249175        29.0377807395273        5.24067124906674        -0.122996008541822      -0.122021012993251      0.0245140941220847      0.0260465779591669      
1.19805357697204        96.5631611184475        -0.63865871855287       5.2383014085152         758.740414346165        29.0352355738519        5.23830140851526        -0.122021012993251      -0.121262121166004      0.033472399645772       0.0378753895735451      
1.20776726274548        96.5899761899686        -0.621387272551162      5.23594572867106        758.609809896459        29.0327365016432        5.23594572867102        -0.121262121166004      -0.120158286695235      0.0260465779591669      0.0349841075325948      
1.21748232474226        96.6167053099609        -0.603832273980928      5.23361082807931        758.481352625339        29.0302783051179        5.2336108280793         -0.120158286695235      -0.119138415106006      0.0378753895735451      0.0413405551055234      
1.22720226138741        96.6434860872729        -0.586016380362797      5.23129500941482        758.355879691202        29.0278770167805        5.23129500941476        -0.119138415106006      -0.117932872746776      0.0349841075325948      0.0256912525592488      
1.23692342937023        96.6701021441443        -0.567953151417405      5.2290019517645         758.232229183505        29.0255104115042        5.22900195176447        -0.117932872746776      -0.117183456409358      0.0413405551055234      0.0612897476967816      
1.24664866279374        96.6966278156443        -0.549664610219467      5.22672278685517        758.109702024122        29.0231651161643        5.22672278685512        -0.117183456409358      -0.115395080649898      0.0256912525592488      0.0403296108550775      
1.25637611797527        96.7227434898276        -0.531143314642558      5.22447767916252        757.98872164495         29.0208492418229        5.22447767916254        -0.115395080649898      -0.114217920686315      0.0612897476967816      0.0633352214669924      
1.26610764494502        96.7487121705642        -0.512437335628414      5.22225475470711        757.869633216778        29.0185694037605        5.22225475470706        -0.114217920686315      -0.112368734881283      0.0403296108550775      0.0584699802678569      
1.27584140343671        96.774471563571         -0.493531157881868      5.22006723781237        757.753872698402        29.0163531037701        5.22006723781234        -0.112368734881283      -0.11066118984537       0.0633352214669924      0.0607607533961295      
1.28557697767666        96.8005900940292        -0.474411853953265      5.21791253746734        757.645519028808        29.0142784586564        5.2179125374673         -0.11066118984537       -0.108886343156354      0.0584699802678569      0.0654246436119595      
1.2953143656153         96.827406023077         -0.45512123982742       5.2157918946574         757.547399273799        29.0123996340607        5.21579189465735        -0.108886343156354      -0.106974813113792      0.0607607533961295      0.0708500211548293      
1.30505550837551        96.8557122618502        -0.435653972291118      5.2137079399797         757.466094077996        29.0108426871747        5.21370793997968        -0.106974813113792      -0.104904176483378      0.0654246436119595      0.0761341674812219      
1.31479743002487        96.8869277331894        -0.416030989063587      5.21166373875588        757.413132039787        29.0098284502145        5.21166373875583        -0.104904176483378      -0.102678163786753      0.0708500211548293      0.0849534414731548      
1.32454517684227        96.9209940018888        -0.396229770645013      5.20966187466931        757.38841096004         29.0093550228972        5.20966187466933        -0.102678163786753      -0.100192933666947      0.0761341674812219      0.103250730054807       
1.33430074726556        96.9504890765096        -0.376262172725501      5.20770719159035        757.334638787911        29.0083252185742        5.20770719159041        -0.100192933666947      -0.0971708940091655     0.0849534414731548      0.116421962214988       
1.34406024158482        96.9745408725292        -0.356126660465632      5.20581067968902        757.246650798227        29.0066400597102        5.2058106796891         -0.0971708940091655     -0.0937622160998957     0.103250730054807       0.122547139383301       
1.35382024983147        96.9966477827908        -0.335836410890188      5.20398033641906        757.152971640313        29.0048457951486        5.20398033641914        -0.0937622160998957     -0.0901736085686472     0.116421962214988       0.13181752290062        
1.36358297471037        97.0174755005667        -0.315379420986457      5.20221981074016        757.059349555569        29.003052512826         5.20221981074017        -0.0901736085686472     -0.0863131328148996     0.122547139383301       0.151888277862463       
1.37334498762152        97.0349468847979        -0.294743895748864      5.20053453408057        756.950388430598        29.0009652795404        5.20053453408056        -0.0863131328148996     -0.0818642575498155     0.13181752290062        0.16453143206154        
1.38310853215698        97.0498312397614        -0.273893996892697      5.19893588262007        756.833775051926        28.9987312950819        5.19893588262011        -0.0818642575498155     -0.0770444678336023     0.151888277862463       0.169975221108154       
1.39287558259829        97.0653155303636        -0.25285929433314       5.19743110728667        756.735435564162        28.9968472532247        5.19743110728668        -0.0770444678336023     -0.072064512657483      0.16453143206154        0.170175404944083       
1.40264045200432        97.0799300598214        -0.231645364998598      5.19602348363318        756.644394570449        28.995102930791         5.19602348363312        -0.072064512657483      -0.0670781369649875     0.169975221108154       0.207811962935428       
1.41240931661154        97.0926140245844        -0.210245733041257      5.19471308346403        756.552408571848        28.9933403957194        5.194713083464          -0.0670781369649875     -0.0609887893505061     0.170175404944083       0.203069399216908       
1.42217757560306        97.1036457102066        -0.188657687780082      5.19352164718041        756.464829024143        28.9916621926631        5.19352164718037        -0.0609887893505061     -0.0550388311508457     0.207811962935428       0.234355160929777       
1.43194285817336        97.1139133386681        -0.16689426140457       5.19244665292873        756.388221402267        28.9901941544659        5.19244665292875        -0.0550388311508457     -0.0481732033998723     0.203069399216908       0.210606910157205       
1.44170715471963        97.1202833809731        -0.144955997654142      5.19150587583414        756.300782752497        28.9885184695308        5.19150587583412        -0.0481732033998723     -0.0420041097560043     0.234355160929777       0.222632192029443       
1.45147138722639        97.1243140815576        -0.122881210198328      5.19068565353491        756.212675568839        28.9868298747483        5.19068565353498        -0.0420041097560043     -0.0354846052774002     0.210606910157205       0.236940678953979       
1.46123300886413        97.1188114975028        -0.100704356532827      5.18999301245303        756.068929574673        28.9840747379713        5.18999301245309        -0.0354846052774002     -0.0285501891761958     0.222632192029443       0.237678533627874       
1.47098449527238        97.069139740153         -0.0784239184457145     5.18943618275395        755.601158994525        28.9751073048444        5.18943618275402        -0.0285501891761958     -0.0216008230136301     0.236940678953979       0.253279215526975       
1.48072697678777        96.9410735394946        -0.0560565397855484     5.18901535647278        754.543078904091        28.9548130503777        5.18901535647279        -0.0216008230136301     -0.0142066562045488     0.237678533627874       0.259048688047492       
1.49045443913699        96.7075864964517        -0.0336062167645472     5.18873908313796        752.685650535125        28.9191526411731        5.18873908313789        -0.0142066562045488     -0.00665723838416484    0.253279215526975       0.259048688047492       
1.50015053902653        96.4465070126436        -0.0112021660840237     5.18860988024757        750.634948801753        28.8797304696901        5.18860988024748        -0.00665723838416484    -0.00665723838416484    0.259048688047492       0.259048688047492       
