# xp[i]                    V[i]                   up[i]                    p[i]                    e[i]                   cs[i]                  dd1[i]             dd2_left[i]            dd2_right[i]             dd3_left[i]            dd3_right[i]
-1.50005178223321       98.7694588921802        -0.00106976223101183    4.99305462385766        739.74195512628         28.6694176030115        4.99278273590521        -0.0250302292055748     -0.0250302292055748     -0.478592241980817      -0.478592241980817      
-1.49013208625521       99.0350775056024        2.00178924945775e-06    4.99278273590521        741.690937828509        28.7071601178465        4.99278273590521        -0.0250302292055748     -0.0250302292055748     -0.478592241980817      -0.478592241980817      
-1.48017800647124       99.271823829081         0.00712492505888671     4.99228461150108        743.389797686351        28.7400185124496        4.99228461150108        -0.0250302292055748     -0.0393308296907562     -0.478592241980817      -0.228278052886119      
-1.47020403678907       99.4055010062286        0.0173021532533899      4.99150021063502        744.273868816304        28.7571028678386        4.99150021063501        -0.0393308296907562     -0.0461642469365178     -0.478592241980817      0.753262987832381       
-1.46021872723184       99.4670434400593        0.0252967734605048      4.99057828304692        744.597100306267        28.7633466663983        4.99057828304692        -0.0461642469365178     -0.0235900377653356     -0.228278052886119      1.26109988965228        
-1.45022212130433       99.4842560731437        0.0278622464242888      4.99010674359373        744.655585667999        28.7644762717256        4.99010674359373        -0.0235900377653356     0.0142280028993086      0.753262987832381       0.0178885819023769      
-1.44022279631506       99.4856892334079        0.0258578662817982      4.99039126356786        744.708771600639        28.7655034836412        4.99039126356786        0.0142280028993086      0.0147646189897845      1.26109988965228        -2.13823226973428       
-1.43022368672294       99.486167977267         0.0246480335955978      4.99068655184433        744.756420928008        28.7664237326167        4.99068655184432        0.0147646189897845      -0.0493916509156093     0.0178885819023769      -3.04820940091921       
-1.42022178672933       99.4999570456233        0.0301328898258882      4.98969846530141        744.712174452154        28.7655692037113        4.98969846530141        -0.0493916509156093     -0.140885164384969      -2.13823226973428       -0.963064433995725      
-1.41021443041958       99.5361700640654        0.0430912751709309      4.98687865014193        744.562202114075        28.7626726102132        4.98687865014193        -0.140885164384969      -0.169805803178534      -3.04820940091921       2.87314774523819        
-1.40020106298774       99.5788913635256        0.0569777174408654      4.98347825861456        744.373860190606        28.7590345261876        4.98347825861455        -0.169805803178534      -0.0834879675562027     -0.963064433995725      4.53639872724869        
-1.3901847970624        99.6001788791602        0.0629847590955008      4.98180577850114        744.283120019922        28.7572815903482        4.98180577850115        -0.0834879675562027     0.0528303033057856      2.87314774523819        1.81541575756995        
-1.38016551899397       99.5888884853537        0.0585132831673664      4.98286423736303        744.356866308606        28.7587062432812        4.98286423736303        0.0528303033057856      0.107384454324648       4.53639872724869        -4.0730951913146        
-1.37015019965451       99.566123847326         0.0505999640750879      4.98501544091621        744.507997156644        28.7616256138596        4.98501544091621        0.107384454324648       -0.0150123317731048     1.81541575756995        -7.15898113254221       
-1.36013466062037       99.5711335713891        0.0522469228886011      4.98471470234226        744.500540163282        28.7614815752535        4.98471470234226        -0.0150123317731048     -0.230180036107864      -4.0730951913146        -2.96009846628892       
-1.35011552010955       99.6252274702853        0.0694085174005385      4.98010184767337        744.215669099471        28.755978491427         4.98010184767337        -0.230180036107864      -0.31919134114876       -7.15898113254221       4.0660351355921         
-1.3400889340025        99.700313166689         0.0923112608158674      4.97370108878551        743.819334224125        28.7483204190383        4.9737010887855         -0.31919134114876       -0.196858622319733      -2.96009846628892       9.33759389105334        
-1.33005515321729       99.7448276090356        0.105837337052318       4.96975139119675        743.560493662027        28.7433179415867        4.96975139119676        -0.196858622319733      0.0841216492366309      4.0660351355921         9.44999320773515        
-1.3200220507677        99.7165428155706        0.0994062234402873      4.97143896479872        743.602059582521        28.7441213232766        4.97143896479872        0.0841216492366309      0.368335910665312       9.33759389105334        10.4869248717702        
-1.3099998178015        99.6155976045697        0.0735372820827505      4.97882121323993        743.952375784806        28.7508913056971        4.97882121323993        0.368335910665312       0.683355221531278       9.44999320773515        11.7807642769023        
-1.29999305974418       99.4427256898669        0.0265068052438029      4.99249622942194        744.701149575152        28.7653562771291        4.99249622942194        0.683355221531278       1.03658931847199        10.4869248717702        14.8837664797547        
-1.2900056532212        99.1901600480493        -0.0444778849948698     5.01319637462889        745.88962612761         28.7883005968206        5.01319637462889        1.03658931847199        1.48172856805004        11.7807642769023        16.2990280521279        
-1.28004827292286       98.8367548982451        -0.145721701281924      5.04269850836827        747.605934746012        28.8214028254855        5.04269850836826        1.48172856805004        1.96750015122444        14.8837664797547        14.9622075976206        
-1.27012920101735       98.3759875485465        -0.279342429203283      5.08171663615147        749.878338784918        28.8651719933463        5.08171663615146        1.96750015122444        2.4114505428957         16.2990280521279        0.543932013229549       
-1.26026208239815       97.8221927460863        -0.441243022810397      5.12930232915793        752.639401643755        28.9182641565222        5.12930232915793        2.4114505428957         2.42750743911387        14.9622075976206        -9.72724626571204       
-1.25044894414039       97.2761252445559        -0.601809940594729      5.17694688989913        755.390001069362        28.9710583757377        5.17694688989913        2.42750743911387        2.14184983849426        0.543932013229549       -13.7896578461533       
-1.24068844454052       96.8037268339494        -0.741708896695889      5.21876997923147        757.794575218108        29.0171323956135        5.21876997923148        2.14184983849426        1.73879767518111        -9.72724626571204       -17.2550999067184       
-1.23096934065431       96.4264397448192        -0.853897102422903      5.25257527395661        759.730699738957        29.0541773576912        5.25257527395662        1.73879767518111        1.23639741390953        -13.7896578461533       -15.5270305775127       
-1.22128451924385       96.1614815281177        -0.933240675086877      5.2765320107176         761.098703221713        29.0803236880524        5.2765320107176         1.23639741390953        0.785620030486979       -17.2550999067184       -12.1282644151892       
-1.21162077991134       95.994377890593         -0.983402503965764      5.29171790482531        761.962752369327        29.0968259507865        5.29171790482531        0.785620030486979       0.434206193928981       -15.5270305775127       -9.88397873635554       
-1.20197343914671       95.9023310070406        -1.01119157162208       5.30009830286178        762.437672716356        29.1058923533507        5.30009830286178        0.434206193928981       0.148140234764408       -12.1282644151892       -7.58671481422003       
-1.19233085360351       95.8706041490478        -1.02052143552245       5.30295546121893        762.596315763827        29.1089202777703        5.30295546121893        0.148140234764408       -0.0713386920112099     -9.88397873635554       -2.09173233400724       
-1.18268966720583       95.8850334763437        -1.01602229585117       5.30157973641797        762.513225755913        29.1073344280539        5.30157973641796        -0.0713386920112099     -0.131851553600576      -7.58671481422003       -0.637036845979806      
-1.17304579950682       95.9123810058425        -1.00752710337641       5.29903662880472        762.364830158749        29.1045019457424        5.2990366288047         -0.131851553600576      -0.150283883980809      -2.09173233400724       -0.118974616605321      
-1.16339940620292       95.9437575188661        -0.99808847953891       5.29613735906737        762.196977847452        29.1012977535644        5.29613735906737        -0.150283883980809      -0.153727386413725      -0.637036845979806      -0.0613570112718496     
-1.15375215303361       95.9760139476412        -0.98831564479212       5.29317072204892        762.02614056992         29.0980362180054        5.29317072204892        -0.153727386413725      -0.155503857245403      -0.118974616605321      0.0101402141397236      
-1.14409697571606       96.0088497584953        -0.978486998899935      5.29016853383855        761.854493943637        29.0947588625633        5.29016853383855        -0.155503857245403      -0.155210169126         -0.0613570112718496     -0.0395936649222939     
-1.13444218812969       96.0418268300981        -0.968569747333615      5.28717119289064        761.684370193029        29.0915102200134        5.28717119289063        -0.155210169126         -0.156357248863989      0.0101402141397236      -0.0299054544961576     
-1.12478394362445       96.0751322516739        -0.958636798378849      5.28415094743642        761.513251669143        29.0882422155059        5.28415094743641        -0.156357248863989      -0.157223869255127      -0.0395936649222939     -0.0560706532276945     
-1.11512259555993       96.1089026385627        -0.948646124185668      5.28111304313472        761.342968928817        29.0849898082006        5.2811130431347         -0.157223869255127      -0.158849329543694      -0.0299054544961576     -0.0485330806862325     
-1.10545922199304       96.1430823575935        -0.938618450305612      5.27804253241329        761.170916821038        29.0817032364765        5.27804253241331        -0.158849329543694      -0.160256900468347      -0.0560706532276945     -0.0463134434775736     
-1.09578790666419       96.1778114187071        -0.928497603925491      5.27494317384085        760.998734727091        29.0784138098482        5.27494317384087        -0.160256900468347      -0.161600627747346      -0.0485330806862325     -0.0600032780510012     
-1.0861140342235        96.2132306991184        -0.918252443066495      5.27181678043644        760.827786149422        29.0751475805832        5.27181678043645        -0.161600627747346      -0.163341986732086      -0.0463134434775736     -0.0512569170102604     
-1.07644025706059       96.2511487386756        -0.907878728622504      5.26865636285437        760.671340851099        29.0721581366682        5.26865636285436        -0.163341986732086      -0.164829828987585      -0.0600032780510012     -0.089681546444878      
-1.06676474318957       96.2927895043689        -0.89733125494962       5.26546635745294        760.539665400829        29.0696417705411        5.26546635745292        -0.164829828987585      -0.167433906383161      -0.0512569170102604     -0.0625433012205081     
-1.05708289625813       96.3315495733494        -0.886642714080105      5.26222445338815        760.377353696478        29.0665396345939        5.26222445338813        -0.167433906383161      -0.169250902506792      -0.089681546444878      -0.115629939398178      
-1.04739752144093       96.3671039517143        -0.87573810564374       5.25894553366559        760.184026378733        29.0628442895494        5.25894553366557        -0.169250902506792      -0.172612191066272      -0.0625433012205081     -0.0513365251898387     
-1.03770385817607       96.4049087817774        -0.864684348659328      5.25559931669865        759.998359079857        29.0592949191793        5.25559931669864        -0.172612191066272      -0.174105309428732      -0.115629939398178      -0.120450910936991      
-1.02800505739139       96.4442338500846        -0.85336068990721       5.25222247565367        759.819859011919        29.0558821547552        5.25222247565366        -0.174105309428732      -0.17760977145037       -0.0513365251898387     -0.0728076918892878     
-1.01830553455733       96.4819142340327        -0.841896827763161      5.24877714929817        759.618100128204        29.0520242195541        5.24877714929818        -0.17760977145037       -0.17972824739443       -0.120450910936991      -0.143500274587652      
-1.00860679535674       96.5157156712948        -0.830203888526375      5.24529083320618        759.379498006464        29.0474611245968        5.24529083320616        -0.17972824739443       -0.183903927632008      -0.0728076918892878     -0.0616869123148195     
-0.998908380261323      96.5508483264707        -0.818408710810461      5.24172316500143        759.139227410102        29.0428653967832        5.24172316500145        -0.183903927632008      -0.185699437595507      -0.143500274587652      -0.130410833261105      
-0.989204689075299      96.5899758247617        -0.806357605352627      5.2381190648868         758.924690766959        29.0387612753666        5.23811906488679        -0.185699437595507      -0.189497075224756      -0.0616869123148195     -0.0758378682222142     
-0.97949399725956       96.6314522960976        -0.79417550204664       5.23443912348594        758.717181686938        29.0347910404615        5.23443912348596        -0.189497075224756      -0.191706657040145      -0.130410833261105      -0.110481165135694      
-0.969780040957816      96.6735454772465        -0.781776816457979      5.23071456818535        758.507584028942        29.0307802939674        5.23071456818534        -0.191706657040145      -0.194927078050469      -0.0758378682222142     -0.0701865384877252     
-0.960061827798245      96.7164189294116        -0.769233845664591      5.22692582398418        758.294321558121        29.0266988508113        5.22692582398417        -0.194927078050469      -0.19697392658694       -0.110481165135694      -0.0813861587495699     
-0.950338758469174      96.7598779792642        -0.75648954748458       5.22309529289238        758.079094821503        29.0225792333698        5.22309529289237        -0.19697392658694       -0.199348623845026      -0.0701865384877252     -0.0546781207441738     
-0.940609322076737      96.8039615752408        -0.743596525016253      5.21921646600838        757.86124534251         29.0184088188957        5.21921646600839        -0.199348623845026      -0.200944808695298      -0.0813861587495699     -0.0617024549461023     
-0.930876253801744      96.8485046359085        -0.730537218050962      5.21530484744789        757.6417135436          29.0142055924259        5.21530484744789        -0.200944808695298      -0.202746887419663      -0.0546781207441738     -0.0620798660754876     
-0.921139558865265      96.8935363089487        -0.717330022729878      5.21135641340727        757.420127792024        29.0099624227422        5.21135641340726        -0.202746887419663      -0.204560808102201      -0.0617024549461023     -0.0472586498417258     
-0.911396624587126      96.9390570571976        -0.703978729186782      5.20737069649788        757.196407598681        29.0056777506803        5.20737069649789        -0.204560808102201      -0.205942251231908      -0.0620798660754876     -0.0607102503761996     
-0.901650658904175      96.9849764084251        -0.690489186949075      5.20335652661814        756.971114968028        29.0013623237106        5.20335652661816        -0.205942251231908      -0.207717633838503      -0.0472586498417258     -0.0443406951417425     
-0.891902073063995      97.0313246656617        -0.676911607353075      5.19930622187548        756.743355076492        28.9969989841189        5.19930622187549        -0.207717633838503      -0.209014881931366      -0.0607102503761996     -0.0648235190072632     
-0.882147031333606      97.0780780035993        -0.663222959318188      5.19522852938659        756.514200633474        28.9926082655078        5.19522852938659        -0.209014881931366      -0.210912360470043      -0.0443406951417425     -0.0115654992035273     
-0.872387498186832      97.1253425574662        -0.649487164774151      5.19111159637101        756.282738077355        28.9881726471208        5.191111596371          -0.210912360470043      -0.211251074938275      -0.0648235190072632     -0.0524685528768907     
-0.862622329362195      97.1727972730798        -0.635631197493193      5.18698600226817        756.050908885061        28.9837293222912        5.18698600226816        -0.211251074938275      -0.212788380835342      -0.0115654992035273     0.00747139643089332     
-0.852853519826778      97.2207271798986        -0.621771014379409      5.18282870963887        755.817563999919        28.9792562591458        5.18282870963889        -0.212788380835342      -0.212569372294967      -0.0524685528768907     -0.0334083158367167     
-0.843081875058687      97.2687949470769        -0.607828740385208      5.17867384070472        755.585045863948        28.9747983573455        5.1786738407047         -0.212569372294967      -0.213549098957774      0.00747139643089332     0.0394364223999192      
-0.833302087191668      97.3172467212108        -0.59387683578899       5.1744977588767         755.351812588434        28.9703260555508        5.1744977588767         -0.213549098957774      -0.212392033105853      -0.0334083158367167     -0.02744106475719       
-0.823522097687421      97.3655979946405        -0.579811036822487      5.17034245432554        755.120227353726        28.9658846721013        5.17034245432556        -0.212392033105853      -0.213197595096567      0.0394364223999192      0.0294864867535903      
-0.813733235391873      97.4142562579477        -0.565754874487558      5.16616885820543        754.887745537579        28.9614254087816        5.16616885820541        -0.213197595096567      -0.21233150204857       -0.02744106475719       -0.00271289923988615    
-0.8039385742622        97.4630390388807        -0.551636673615337      5.16200968425434        754.657727063341        28.957012719304         5.16200968425435        -0.21233150204857       -0.212411229516693      0.0294864867535903      0.025285002630887       
-0.794140528150126      97.512940042303         -0.537558135364713      5.15784716170241        754.435261539675        28.9527442863496        5.15784716170241        -0.212411229516693      -0.211667902045307      -0.00271289923988615    0.00658637980641341     
-0.784338226019933      97.565216291526         -0.523484852728955      5.15369813100898        754.232509279687        28.948853542444         5.153698131009          -0.211667902045307      -0.211474225058515      0.025285002630887       0.025301395479046       
-0.774537665576573      97.6204929847944        -0.509481670697649      5.14955207153021        754.052717810472        28.9454029704675        5.14955207153023        -0.211474225058515      -0.210729882005523      0.00658637980641341     0.0223909116289104      
-0.764730073845679      97.6711581720453        -0.495506597258214      5.14541805276767        753.838410739752        28.9412894349108        5.14541805276769        -0.210729882005523      -0.21007064462953       0.025301395479046       0.0347790208673952      
-0.754910577611221      97.7158545758735        -0.481592112134643      5.14129266244242        753.578709202843        28.9363037876652        5.14129266244243        -0.21007064462953       -0.209045726466812      0.0223909116289104      0.0407929879762119      
-0.745080942779742      97.7610363042795        -0.46774387356226       5.13718368201722        753.324600659156        28.9314246808851        5.13718368201722        -0.209045726466812      -0.207842726746771      0.0347790208673952      0.0449478012176601      
-0.73524792273771       97.8077612244307        -0.453966123787592      5.13309629059302        753.084984498499        28.9268230866651        5.13309629059301        -0.207842726746771      -0.206516648886689      0.0407929879762119      0.0750940487916163      
-0.725412017586075      97.8555322484219        -0.440267634938186      5.12903384135314        752.856504698669        28.9224346735016        5.12903384135312        -0.206516648886689      -0.204300576471418      0.0449478012176601      0.0553385360184782      
-0.715574264543694      97.9029142030738        -0.426644716303481      5.12501398975483        752.63070739278         28.9180971287451        5.12501398975486        -0.204300576471418      -0.202667108192361      0.0750940487916163      0.0981473373390249      
-0.705733348266495      97.9481366367639        -0.413173303127314      5.12102531733132        752.392331253443        28.9135172397011        5.12102531733129        -0.202667108192361      -0.199769448624067      0.0553385360184782      0.0730083828882243      
-0.695891120699267      97.9911273205861        -0.399816583348246      5.1170930089303         752.144568824054        28.9087562441258        5.11709300893033        -0.199769448624067      -0.197613492428488      0.0981473373390249      0.102311208832944       
-0.686048025830988      98.0344175712081        -0.386647194216138      5.1132022594201         751.904708139052        28.9041463411404        5.11320225942007        -0.197613492428488      -0.194591108653229      0.0730083828882243      0.0914347858389965      
-0.676199076109392      98.0783488567327        -0.373614549193086      5.10936912194676        751.677730770169        28.89978336655          5.10936912194675        -0.194591108653229      -0.191888670017976      0.102311208832944       0.152087286559919       
-0.666343229528704      98.122666585266         -0.360798589417848      5.10558701710761        751.460718902569        28.8956113334913        5.10558701710761        -0.191888670017976      -0.187391264236261      0.0914347858389965      0.105764528419862       
-0.656484089693049      98.1662342439562        -0.348156865376796      5.10189188317276        751.250270536313        28.8915649077395        5.10189188317274        -0.187391264236261      -0.184262214734121      0.152087286559919       0.149992444380916       
-0.646620583140426      98.2092952262616        -0.335782844136223      5.09825683875091        751.044316524293        28.8876043490455        5.09825683875091        -0.184262214734121      -0.179822648502232      0.105764528419862       0.109732222607064       
-0.636751610383757      98.2513651824249        -0.323577661300365      5.09470762952019        750.842969708512        28.8837318631577        5.09470762952015        -0.179822648502232      -0.176573233696677      0.149992444380916       0.161060955292459       
-0.626878510602932      98.2929077706556        -0.311673663524435      5.09122101777546        750.64637691034         28.8799503098668        5.09122101777545        -0.176573233696677      -0.171801707632883      0.109732222607064       0.153647387980921       
-0.61700172061524       98.3333787086112        -0.300037486675969      5.08782715145781        750.454851132383        28.8762657468106        5.08782715145778        -0.171801707632883      -0.167247551648911      0.161060955292459       0.163128539480018       
-0.607119289962336      98.3728261414465        -0.288719386941573      5.08452144278127        750.268115854768        28.8726728904449        5.08452144278124        -0.167247551648911      -0.162409842893749      0.153647387980921       0.153808708146612       
-0.597230213972309      98.4112559290556        -0.277713303967252      5.08130959351451        750.087088293182        28.8691894258141        5.0813095935145         -0.162409842893749      -0.157846689541899      0.163128539480018       0.168613236835344       
-0.58733839990922       98.448733248072         -0.267054242505825      5.07818707590543        749.911627229431        28.8658126746162        5.07818707590547        -0.157846689541899      -0.152842967381517      0.153808708146612       0.154134915087855       
-0.57744717502449       98.485115968454         -0.256711666411182      5.07516303308872        749.74202980883         28.8625483938544        5.07516303308876        -0.152842967381517      -0.148267728257756      0.168613236835344       0.171649433984858       
-0.567550853850476      98.5204579735709        -0.246712909479978      5.07222854478916        749.57741876887         28.859379734015         5.0722285447892         -0.148267728257756      -0.143171130748526      0.154134915087855       0.171268915195505       
-0.557651079598491      98.5546881991787        -0.237044260722636      5.06939402483081        749.41882121397         28.8563265009016        5.06939402483078        -0.143171130748526      -0.138084162791499      0.171649433984858       0.167338120005298       
-0.547750699060313      98.5878257871184        -0.227730831949558      5.06665946213198        749.266410562984        28.853392070238         5.06665946213196        -0.138084162791499      -0.133112076722014      0.171268915195505       0.153565551005227       
-0.537844046373284      98.6199514076432        -0.218749377614769      5.06402214790758        749.120427230812        28.8505811077777        5.06402214790755        -0.133112076722014      -0.128547255055317      0.167338120005298       0.137387916476799       
-0.527932263442196      98.6510520515097        -0.210087500077326      5.06147407891979        748.979614225325        28.8478694423258        5.0614740789198         -0.128547255055317      -0.124461701100307      0.153565551005227       0.135003319313573       
-0.518018399561883      98.681418303343         -0.201737252303887      5.05900623459215        748.844865652512        28.8452743222354        5.05900623459214        -0.124461701100307      -0.120445926669864      0.137387916476799       0.126785194611898       
-0.508101625535593      98.7109896088113        -0.193675078269845      5.0566174398651         748.715567343387        28.8427839491457        5.0566174398651         -0.120445926669864      -0.116673769185852      0.135003319313573       0.133702043519537       
-0.498183192502331      98.7407209810731        -0.185907059690397      5.05430297868427        748.598280258104        28.8405247343638        5.05430297868425        -0.116673769185852      -0.112695342666029      0.126785194611898       0.112279845242863       
-0.488262770515919      98.7713065045641        -0.178384773207971      5.05206729347845        748.498930688765        28.8386108982918        5.05206729347842        -0.112695342666029      -0.10935447308803       0.133702043519537       0.119723628631456       
-0.478345426413557      98.8036728571814        -0.171097105420517      5.04989820166895        748.422734819652        28.8371430011067        5.04989820166898        -0.10935447308803       -0.105792151373014      0.112279845242863       0.100921984919822       
-0.468429698308118      98.8355578741417        -0.163978699316926      5.0477997446532         748.353155699623        28.8358025089109        5.04779974465316        -0.105792151373014      -0.102788280562794      0.119723628631456       0.111412906429913       
-0.458507181069145      98.8595412033755        -0.157037900583384      5.04575962858118        748.232222856075        28.833472501708         5.04575962858115        -0.102788280562794      -0.0994698735366846     0.100921984919822       0.0800394220375627      
-0.448572444110458      98.8782275441124        -0.150227145556007      5.04378359583842        748.080573108858        28.8305504072957        5.04378359583846        -0.0994698735366846     -0.0970841780472255     0.111412906429913       0.0985831233700525      
-0.43863315437869       98.8982616244105        -0.143592954660482      5.04185376833279        747.945859578893        28.8279544034546        5.04185376833281        -0.0970841780472255     -0.0941444379518966     0.0800394220375627      0.076858075549058       
-0.428690713591783      98.9199027424412        -0.137073935769497      5.03998190398382        747.831779648615        28.8257558376111        5.03998190398378        -0.0941444379518966     -0.0918520275024346     0.0985831233700525      0.088395671942451       
-0.418749086943718      98.9421714863878        -0.130718793910923      5.03815536445876        747.729048068015        28.8237758353916        5.03815536445879        -0.0918520275024346     -0.0892151765593301     0.076858075549058       0.0787417901345082      
-0.408803431941616      98.9642215502653        -0.124501694352095      5.03638104791178        747.632294755648        28.8219109312429        5.03638104791181        -0.0892151765593301     -0.0868662274340362     0.088395671942451       0.0828621420432391      
-0.398860253914484      98.9856878704282        -0.118458668136219      5.03465350497564        747.537960568915        28.8200925391551        5.03465350497564        -0.0868662274340362     -0.0843942268417899     0.0787417901345082      0.0774628674988367      
-0.38891747591418       99.0062704824728        -0.112572489274805      5.03297504951572        747.444133625836        28.8182838109157        5.03297504951577        -0.0843942268417899     -0.0820831437662176     0.0828621420432391      0.0812015886256339      
-0.378969663069285      99.0261570461305        -0.106863273319923      5.03134227267844        747.351735070636        28.8165025071599        5.03134227267844        -0.0820831437662176     -0.079660120138447      0.0774628674988367      0.0731022998973017      
-0.369024579860318      99.0456766883881        -0.101332246171891      5.02975748929529        747.263601158611        28.8148033166328        5.02975748929527        -0.079660120138447      -0.0774784143004843     0.0812015886256339      0.076500682844936       
-0.359073932633286      99.0649686599797        -0.0959792657196539     5.02821581527776        747.180063234158        28.8131926426104        5.02821581527772        -0.0774784143004843     -0.0751949481603067     0.0731022998973017      0.0826830872728588      
-0.349124090110944      99.0841035219935        -0.0908103319811597     5.0267193531747         747.101971148955        28.8116868870363        5.02671935317471        -0.0751949481603067     -0.072726489073329      0.076500682844936       0.0866715545693071      
-0.339172224505887      99.1030627102029        -0.0858259545594485     5.02527178934545        747.029737912973        28.8102940305288        5.02527178934548        -0.072726489073329      -0.0701384057193318     0.0826830872728588      0.0983520077416458      
-0.329217363988988      99.1219514927055        -0.081024858905759      5.02387533634881        746.96449109245         28.8090358335415        5.02387533634878        -0.0701384057193318     -0.0672007447313464     0.0866715545693071      0.0952308899868018      
-0.319259026511354      99.1408544915756        -0.0763830607693717     5.02253700105341        746.907914999986        28.807944795374         5.02253700105337        -0.0672007447313464     -0.0643556077358322     0.0983520077416458      0.104095960305159       
-0.309299595801277      99.1601356281304        -0.0719081821739845     5.02125506310603        746.862499621546        28.8070689554095        5.02125506310602        -0.0643556077358322     -0.0612449921025492     0.0952308899868018      0.0923195307875698      
-0.299337595211886      99.1805214719507        -0.0675807041738298     5.02003486017593        746.83451285943         28.8065292147348        5.02003486017592        -0.0612449921025492     -0.058485771001221      0.104095960305159       0.0977219974239101      
-0.289374408194774      99.2031899200285        -0.0634256703762848     5.01886941344671        746.831783408965        28.8064765751841        5.01886941344667        -0.058485771001221      -0.0555644958798221     0.0923195307875698      0.0828537186462808      
-0.279408756470066      99.2299027922528        -0.0594259254762664     5.01776194984596        746.868045776819        28.8071759149776        5.017761949846          -0.0555644958798221     -0.0530871489555277     0.0977219974239101      0.102056676434112       
-0.269440972182362      99.2632874019924        -0.0556159399664191     5.01670361342085        746.961738884411        28.8089827597114        5.01670361342089        -0.0530871489555277     -0.0500347307902252     0.0828537186462808      0.0822892856396477      
-0.259470530660872      99.3070622207872        -0.051960337774077      5.01570580424404        747.14251257484         28.8124686083192        5.01570580424404        -0.0500347307902252     -0.047572453780154      0.102056676434112       0.0972028504919401      
-0.24949453543453       99.3664718297681        -0.0485064720906894     5.014756586614          747.448003645387        28.8183584166102        5.01475658661402        -0.047572453780154      -0.0446620682404998     0.0822892856396477      0.0865032662968688      
-0.239510779915934      99.4485316459299        -0.0452151900125361     5.01386476811005        747.932233589707        28.8276918101272        5.01386476811006        -0.0446620682404998     -0.0420697168021289     0.0972028504919401      0.0898551440627022      
-0.229518002926294      99.5627466544996        -0.0421010388053283     5.01302386288507        748.665637250081        28.8418222041473        5.01302386288507        -0.0420697168021289     -0.039373569556294      0.0865032662968688      0.0807862150946283      
-0.219510564829861      99.7216017962643        -0.0391259894618796     5.01223571350048        749.742260896065        28.862552841895         5.01223571350045        -0.039373569556294      -0.0369454607386508     0.0898551440627022      0.0832143949691157      
-0.209483778996178      99.9409137039816        -0.036298434523313      5.01149474007372        751.280045018497        28.8921374352281        5.01149474007374        -0.0369454607386508     -0.0344388104547486     0.0807862150946283      0.0794362018362025      
-0.199433045022406      100.240368416816        -0.0336073594228343     5.01080232421565        753.427006564822        28.933391063015         5.01080232421565        -0.0344388104547486     -0.0320390433178718     0.0832143949691157      0.0804156900334577      
-0.18934992977276       100.642016379442        -0.03107046873775       5.01015605719042        756.348311956974        28.9894293370105        5.0101560571904         -0.0320390433178718     -0.0296004512632262     0.0794362018362025      0.0803405684978223      
-0.179224427160526      101.170451840415        -0.0286887263097477     5.00955641407687        760.228628898305        29.0636968838046        5.00955641407685        -0.0296004512632262     -0.0271517676355188     0.0804156900334577      0.0807053492717356      
-0.169042738722162      101.851170304624        -0.0264496682016763     5.00900321079573        765.259258618746        29.159699331988         5.00900321079573        -0.0271517676355188     -0.0246751494550474     0.0803405684978223      0.0804745770326138      
-0.158782648306526      102.702408786635        -0.0243321416343906     5.00849654195785        771.576988887906        29.2798183981904        5.00849654195789        -0.0246751494550474     -0.02218387479595       0.0807053492717356      0.0723679874417406      
-0.148417383310785      103.734133496           -0.0223153027525647     5.00803652828789        779.25649466739         29.4251686423448        5.00803652828789        -0.02218387479595       -0.0199197234898608     0.0804745770326138      0.0728372087661362      
-0.137935206541569      104.95970806605         -0.0203957336374074     5.00761873272122        788.397300438752        29.5972465017863        5.00761873272121        -0.0199197234898608     -0.0176133481944509     0.0723679874417406      0.0678150858108739      
-0.12731689674306       106.380963992727        -0.0185334773915773     5.00724460628395        799.013262245804        29.7958472543818        5.00724460628398        -0.0176133481944509     -0.0154373712307016     0.0728372087661362      0.0629950938709115      
-0.116553544559633      107.979536139841        -0.0167152211044119     5.0069121366718         810.966075016142        30.0178849468879        5.00691213667178        -0.0154373712307016     -0.0133865627076212     0.0678150858108739      0.0438999276039638      
-0.105625213239549      109.721643158604        -0.0149190080235683     5.00661944991337        824.001769071478        30.2581810621612        5.00661944991334        -0.0133865627076212     -0.0119351314571027     0.0629950938709115      0.0452009488448336      
-0.0945167871128444     111.558034945704        -0.0131775234655284     5.00635429392411        837.74857090824         30.5095353201847        5.00635429392411        -0.0119351314571027     -0.010416520113843      0.0438999276039638      0.0333105222805702      
-0.0832291145955102     113.427320902771        -0.0114678540830015     5.00611910439873        851.746017198192        30.7633623577389        5.00611910439872        -0.010416520113843      -0.00927925170731459    0.0452009488448336      0.0445970607129816      
-0.0717558615654662     115.258951073997        -0.00982066370762869    5.00590620712204        865.463247911543        31.0100924057447        5.00590620712203        -0.00927925170731459    -0.007732853424728      0.0333105222805702      0.0418936090067338      
-0.0601033062963787     116.973639880456        -0.00819037134761369    5.00572607471197        878.30699880535         31.2393448289057        5.00572607471194        -0.007732853424728      -0.00625929320569344    0.0445970607129816      0.0468592069844202      
-0.0482928105667853     118.490786840159        -0.00654617428643239    5.00557828677442        889.672364684878        31.4408150283968        5.00557828677443        -0.00625929320569344    -0.00459060232869267    0.0418936090067338      0.03595246280302        
-0.0363444321822661     119.705569771656        -0.00488274767713944    5.00546866681238        898.773718102417        31.601225681265         5.00546866681236        -0.00459060232869267    -0.00329741091669137    0.0468592069844202      0.0236597803217353      
-0.0242932624883838     120.522485276596        -0.00325978990219625    5.00538923203993        904.892925033247        31.7086200168073        5.00538923203992        -0.00329741091669137    -0.0024402553141181     0.03595246280302        0.0379264909930075      
-0.0121638932478851     120.913696046468        -0.00164124953578117    5.00533010804612        907.819444944784        31.7598531508077        5.00533010804615        -0.0024402553141181     -0.00106064214116219    0.0236597803217353      0.0578788204215048      
-1.65818628103881e-05   121.003119546453        -4.85065422019611e-07   5.00530434960106        908.486160871739        31.7715134615156        5.00530434960107        -0.00106064214116219    0.00104745281805259     0.0379264909930075      0.0385508840093901      
0.0121308416616773      120.914771117063        0.00164342804424188     5.00532978617814        907.827458191721        31.7599933212931        5.00532978617812        0.00104745281805259     0.00244973072927913     0.0578788204215048      0.0247750489486044      
0.0242571277743534      120.523152575444        0.00326708711046929     5.00538913668719        904.897917930629        31.7087074954819        5.00538913668718        0.00244973072927913     0.00334729930164631     0.0385508840093901      0.0349004548145104      
0.0363118526597309      119.706295444037        0.00489144777187721     5.00546977940592        898.779366374643        31.6013249788086        5.00546977940594        0.00334729930164631     0.00460270628125929     0.0247750489486044      0.0450057391779842      
0.0482598682104886      118.491109688504        0.00655153599610838     5.00557969466665        889.67503898294         31.440862282898         5.00557969466663        0.00460270628125929     0.00620545527939967     0.0349004548145104      0.0409695204227864      
0.0600702570676503      116.973769803381        0.00819260645242111     5.00572621001016        878.307998082721        31.239362599891         5.00572621001012        0.00620545527939967     0.00764651498520514     0.0450057391779842      0.0476987343096872      
0.0717229284306811      115.25906488444         0.00982715360948058     5.00590433361892        865.463778590827        31.0101019130295        5.0059043336189         0.00764651498520514     0.00930047578047417     0.0409695204227864      0.0337703448154147      
0.0831966847719063      113.427414431827        0.011477121880803       5.00611772020549        851.746484016388        30.7633707880075        5.00611772020552        0.00930047578047417     0.0104534353135912      0.0476987343096872      0.042422960206456       
0.0944837416916093      111.558070089783        0.0131889562052797      5.0063537375489         837.748741721592        30.5095384305665        5.00635373754886        0.0104534353135912      0.0118786818227458      0.0337703448154147      0.0491171624952232      
0.105591810446387       109.721654201877        0.0149358522074574      5.00661763084069        824.001552618187        30.2581770879687        5.00661763084069        0.0118786818227458      0.0135025334570174      0.042422960206456       0.0620106368664361      
0.116520026128567       107.979539501269        0.0167210437286556      5.00691283964294        810.966214121456        30.0178875213774        5.00691283964288        0.0135025334570174      0.0155211518267888      0.0491171624952232      0.0627281386100978      
0.1272819575169         106.380991817698        0.0185322683669285      5.00724708196285        799.013866283225        29.7958585169003        5.0072470819629         0.0155211518267888      0.0175337233209736      0.0620106368664361      0.0766924264765962      
0.137899146564363       104.959780121121        0.020402647302709       5.0076194799528         788.39795931913         29.5972588693077        5.00761947995286        0.0175337233209736      0.019961957141512       0.0627281386100978      0.0782280603111186      
0.148380750430634       103.734224496822        0.0223207207201915      5.00803813043188        779.257427566298        29.4251862557364        5.00803813043192        0.019961957141512       0.0224093300727957      0.0766924264765962      0.0733926209176412      
0.158745186624482       102.702369593316        0.0243182382733827      5.00850280372616        771.577659086168        29.2798311145359        5.00850280372614        0.0224093300727957      0.0246813463546089      0.0782280603111186      0.0717120118487584      
0.169006123634726       101.851100162214        0.0264291322357259      5.0090096103059         765.259709299141        29.1597079184263        5.00900961030588        0.0246813463546089      0.0268820132358628      0.0733926209176412      0.0796342489155587      
0.179187798323701       101.170464597643        0.0286838547873054      5.00955732800285        760.22886345386         29.0637013673578        5.00955732800281        0.0268820132358628      0.0293092187109524      0.0717120118487584      0.0858642229915182      
0.189313264725512       100.642134370315        0.0310889926228572      5.01015107741123        756.348446922602        28.9894319235016        5.01015107741131        0.0293092187109524      0.0319130670294594      0.0796342489155587      0.0826265955366058      
0.199396879405876       100.240492567147        0.0336378584919341      5.01079481544776        753.426810680088        28.9333873017947        5.0107948154477         0.0319130670294594      0.0344092085693963      0.0858642229915182      0.0866821772523913      
0.20944740955731        99.9410579602642        0.0363310509795417      5.01148662510095        751.279912899455        28.8921348947628        5.01148662510104        0.0344092085693963      0.0370202871785139      0.0826265955366058      0.0831086312278168      
0.2194734619985         99.7217438058825        0.0391564140602674      5.0122290805367         749.742336398512        28.86255429519          5.01222908053677        0.0370202871785139      0.0395181739890441      0.0866821772523913      0.0890728810772599      
0.229481560420034       99.5628722504249        0.0421281159522576      5.01302013136949        748.666024392522        28.8418296613428        5.01302013136948        0.0395181739890441      0.0421908674013782      0.0831086312278168      0.0858365615618993      
0.239474097810753       99.4486091499285        0.045233891203597       5.01386346842978        747.932622604467        28.8276993070605        5.01386346842986        0.0421908674013782      0.0447632760249879      0.0890728810772599      0.097014091751531       
0.249458157232605       99.3665190918783        0.0485124687930103      5.01475731782681        747.44846814446         28.8183673711452        5.01475731782679        0.0447632760249879      0.0476680164815393      0.0858365615618993      0.0804673454973792      
0.259434229330105       99.3070751416149        0.0519547632882978      5.01570844394361        747.14300299671         28.8124780645221        5.0157084439437         0.0476680164815393      0.0500757858822057      0.097014091751531       0.100433868828079       
0.269404285176676       99.2632836422866        0.0556030872456447      5.01670706783469        746.962224937108        28.8089921328029        5.01670706783471        0.0500757858822057      0.0530796268546002      0.0804673454973792      0.082119771684334       
0.279372603383137       99.2299044441266        0.0594093789678614      5.01776524105986        746.868548090144        28.8071856022483        5.01776524105987        0.0530796268546002      0.0555350378354579      0.100433868828079       0.0974066176017496      
0.289337074048581       99.2032080885912        0.0634056500899493      5.01887211967024        746.832322886513        28.806486979431         5.01887211967032        0.0555350378354579      0.0584469403022146      0.082119771684334       0.0914915288802652      
0.299302166409953       99.180543805406         0.0675598625864901      5.02003684466802        746.834976266023        28.8065381518776        5.02003684466807        0.0584469403022146      0.0611814322222112      0.0974066176017496      0.104202249771706       
0.309263318416741       99.1601636944469        0.0718865556748203      5.02125577109871        746.862816320751        28.8070750630765        5.02125577109868        0.0611814322222112      0.0642951177101666      0.0914915288802652      0.0950625398569897      
0.319222208286778       99.1409220208756        0.0763619937221309      5.02253640454229        746.908335044605        28.8079528958508        5.02253640454237        0.0642951177101666      0.0671350695768138      0.104202249771706       0.0978421904136502      
0.32917937885385        99.1220438122972        0.0810032970464293      5.02387336873093        746.964894244171        28.8090436079477        5.02387336873098        0.0671350695768138      0.0700574673422409      0.0950625398569897      0.0866896075899307      
0.339135232619775       99.1031706602287        0.0858048300477931      5.02526824460101        747.030024687183        28.8102995604616        5.02526824460098        0.0700574673422409      0.07264615623929        0.0978421904136502      0.0839501466748355      
0.349087259355516       99.0841984753645        0.0907902837895227      5.02671427147389        747.1019318305          28.811686128886         5.02671427147394        0.07264615623929        0.0751525049605595      0.0866896075899307      0.078013204881931       
0.359037493433628       99.0650859181313        0.0959625525320973      5.0282099012665         747.180068825047        28.8131927504099        5.02820990126654        0.0751525049605595      0.0774811572344669      0.0839501466748355      0.0746498163182552      
0.368987525241007       99.0458240986389        0.101318166592724       5.02975164710407        747.263845348363        28.814808024663         5.02975164710416        0.0774811572344669      0.0797090943372843      0.078013204881931       0.0810402708450868      
0.378933892766911       99.0262723574537        0.106851183837851       5.03133746317773        747.351890926347        28.8165055119139        5.03133746317779        0.0797090943372843      0.0821273808891168      0.0746498163182552      0.0768673355881084      
0.388881217284976       99.0064004393894        0.112557914888999       5.03297117011207        747.444538602027        28.818291617999         5.03297117011206        0.0821273808891168      0.0844207446033489      0.0810402708450868      0.0817448437571813      
0.39882490873579        98.9857690348419        0.118443020341078       5.03465017226593        747.538078684713        28.8200948160348        5.03465017226592        0.0844207446033489      0.0868594339515609      0.0768673355881084      0.0782200602845849      
0.408767205457592       98.964338469031         0.124486838569346       5.03637758370325        747.632663777173        28.8219180443012        5.03637758370323        0.0868594339515609      0.0891928461473232      0.0817448437571813      0.0866793773272261      
0.418713792646048       98.9422576036823        0.130707146011013       5.03815148528141        747.729123154631        28.8237772826269        5.03815148528142        0.0891928461473232      0.0917784910927245      0.0782200602845849      0.0774513372208119      
0.428655089636287       98.9200635016145        0.137063842575535       5.03997655086127        747.832200686767        28.825763952231         5.03997655086127        0.0917784910927245      0.09408861128345        0.0866793773272261      0.103181372602209       
0.438597004246155       98.8984024853762        0.143585958927403       5.04184729484599        747.945964553226        28.8279564264588        5.04184729484598        0.09408861128345        0.0971655461952678      0.0774513372208119      0.0810908322089972      
0.448537455595386       98.878376511387         0.150225826308061       5.04377885238641        748.080996609651        28.8305585680204        5.04377885238649        0.0971655461952678      0.0995827874626495      0.103181372602209       0.107721600744258       
0.458472713369192       98.8596564813199        0.157036957555255       5.04575735069671        748.232757566957        28.8334828043709        5.04575735069665        0.0995827874626495      0.102791546257381       0.0810908322089972      0.0975156649232175      
0.46839749520103        98.8356863124967        0.163969089603507       5.04779772798277        748.353829217758        28.8358154850248        5.0477977279827         0.102791546257381       0.105694172554258       0.107721600744258       0.12410994615428        
0.478311994579941       98.803817576318         0.171075309821653       5.04989424841567        748.423245150239        28.8371528327653        5.04989424841573        0.105694172554258       0.109386984758692       0.0975156649232175      0.114500540298795       
0.488229661949486       98.7714762610492        0.178365919215548       5.05206390872873        748.499715645455        28.8386260199263        5.05206390872864        0.109386984758692       0.112793900883885       0.12410994615428        0.128958761083246       
0.498149269633848       98.7408638846829        0.185900325034964       5.05430157078013        748.59915514881         28.8405415873945        5.05430157078005        0.112793900883885       0.116631333172292       0.114500540298795       0.122886535417179       
0.508069391305666       98.7111653914125        0.19367887057214        5.05661535126293        748.716591388905        28.8428036738014        5.05661535126296        0.116631333172292       0.120287654341913       0.128958761083246       0.138798925523268       
0.51798636502083        98.6816344168763        0.201739676190749       5.05900110901908        748.845746932188        28.8452912955417        5.05900110901912        0.120287654341913       0.124416371576166       0.122886535417179       0.145625601954695       
0.527899837350279       98.6512752831547        0.210090604120641       5.06146797263278        748.980405457601        28.847884679963         5.06146797263285        0.124416371576166       0.12874674004248        0.138798925523268       0.154182376123507       
0.537810886927451       98.6201245758475        0.218758235919334       5.06401987333897        749.121406144885        28.8505999580383        5.06401987333899        0.12874674004248        0.133329826149446       0.145625601954695       0.161175578268767       
0.547717495203691       98.587958824525         0.227743434308051       5.06666151534284        749.267725278638        28.8534173843245        5.06666151534279        0.133329826149446       0.138118866731339       0.154182376123507       0.164773777808546       
0.55761890143987        98.554810286241         0.237049007800828       5.06939687125186        749.420170367836        28.856352475434         5.0693968712518         0.138118866731339       0.143012986311575       0.161175578268767       0.169063850575585       
0.567518202855651       98.5206354997387        0.246697752944876       5.07222824898238        749.578725734206        28.8594048936527        5.07222824898247        0.143012986311575       0.148032840591951       0.164773777808546       0.154413863935976       
0.577414286474181       98.4853716922058        0.256675749645448       5.07515807171739        749.743243634679        28.8625717579528        5.07515807171734        0.148032840591951       0.152616436300734       0.169063850575585       0.170638305637406       
0.5873062335439         98.4490464510126        0.26700529173105        5.07817776232064        749.912637613806        28.8658321206117        5.07817776232062        0.152616436300734       0.157680319547346       0.154413863935976       0.154674146655987       
0.597198541399164       98.4116203960622        0.277659297394177       5.08129701128468        750.088008891289        28.8692071416989        5.08129701128472        0.157680319547346       0.162269015689052       0.170638305637406       0.170488870953292       
0.60708619275866        98.3732094209508        0.288671283184516       5.08450583755076        750.268736339142        28.8726848295359        5.0845058375508         0.162269015689052       0.16732462812394        0.154674146655987       0.142237092619575       
0.616968045801426       98.333773462454         0.299995370989305       5.08781278156679        750.45574422295         28.876282929132         5.0878127815668         0.16732462812394        0.171540329333544       0.170488870953292       0.156559477245648       
0.626843971973612       98.2933359388674        0.311641304232208       5.09120135458074        750.646747617332        28.8799574410531        5.09120135458075        0.171540329333544       0.176178445642561       0.142237092619575       0.12541320170177        
0.636717862579947       98.251897675238         0.323533680248445       5.09468024065039        750.843002538658        28.8837324946194        5.09468024065035        0.176178445642561       0.179892266481654       0.156559477245648       0.163342531006621       
0.646586909906487       98.2098165270015        0.335717017398941       5.09823091287592        751.044483848747        28.8876075669664        5.09823091287588        0.179892266481654       0.184727058072875       0.12541320170177        0.109910359054592       
0.656450465146714       98.1666586136717        0.348114635321655       5.10187513975943        751.251052701513        28.8915799479809        5.10187513975949        0.184727058072875       0.187978728943563       0.163342531006621       0.135737659062341       
0.66630956550955        98.1229624127397        0.360787703838649       5.10558178932846        751.462215014167        28.8956400981603        5.10558178932845        0.187978728943563       0.191992604771233       0.109910359054592       0.090233833497217       
0.676164713812403       98.0786232597794        0.373610722059743       5.10936586882455        751.679355217228        28.8998145941232        5.10936586882447        0.191992604771233       0.194659506001804       0.135737659062341       0.106955574753809       
0.686014329888953       98.0346811632043        0.38663208595295        5.11320033446966        751.906446769983        28.904179758682         5.11320033446966        0.194659506001804       0.197819051890328       0.090233833497217       0.0809867945943904      
0.695856593593403       97.9913372985418        0.399809203066042       5.11709506501224        752.146482756478        28.9087930252002        5.11709506501227        0.197819051890328       0.200210564426689       0.106955574753809       0.0809136523763777      
0.705699148210451       97.9482635911732        0.413179545876511       5.12103595379347        752.394869193057        28.9135660046179        5.12103595379339        0.200210564426689       0.202599329090899       0.0809867945943904      0.0562652175406909      
0.715539216170015       97.9030646189213        0.426665545406924       5.12502310536496        752.633202387015        28.9181450609016        5.12502310536504        0.202599329090899       0.204260139569941       0.0809136523763777      0.0597493119026905      
0.725376493799004       97.8556904116317        0.440267042026339       5.12904217338879        752.858944541005        28.9224815390881        5.12904217338872        0.204260139569941       0.206023467699042       0.0562652175406909      0.0492553144676545      
0.735214316263155       97.8080961977623        0.453970785905993       5.13309536267376        753.087427537024        28.9268700065263        5.13309536267379        0.206023467699042       0.207476730998672       0.0597493119026905      0.0413002889184928      
0.745048263558444       97.7613886430297        0.467753233017586       5.13717583875044        753.326165549496        28.9314547306694        5.13717583875046        0.207476730998672       0.208694725071527       0.0492553144676545      0.0453685602525283      
0.754876847338621       97.7162934344099        0.481611372040882       5.14127779424374        753.579914355204        28.9363269256868        5.14127779424368        0.208694725071527       0.210031674933572       0.0413002889184928      0.0198916925750802      
0.76469631392496        97.6716174139554        0.495516291457608       5.1454022653221         753.83964224916         28.9413130748946        5.14540226532218        0.210031674933572       0.210617324164802       0.0453685602525283      0.0358694853313249      
0.774503549980727       97.6209456696541        0.509491624406093       5.14953412970233        754.053587249551        28.9454196578002        5.14953412970239        0.210617324164802       0.211672597787303       0.0198916925750802      0.00207896710060119     
0.784305361680876       97.5656579707377        0.523492212267998       5.15368428080218        754.23389674487         28.9488801691854        5.15368428080219        0.211672597787303       0.211733733035114       0.0358694853313249      0.0316837142056978      
0.794107429577558       97.5133736202993        0.537563958886831       5.15783469074587        754.436791905664        28.9527736515417        5.15783469074594        0.211733733035114       0.212665196170886       0.00207896710060119     -0.00960124246516576    
0.803905532229939       97.4634362564692        0.551626947656514       5.16200226058703        754.65971742071         28.9570509053343        5.16200226058704        0.212665196170886       0.212383032565942       0.0316837142056978      0.0293247449437505      
0.813700976817213       97.4146298338912        0.565732580077326       5.16616245200425        754.889704385613        28.9614629845634        5.16616245200422        0.212383032565942       0.213244396682263       -0.00960124246516576    -0.0311152769338451     
0.823488291749995       97.3659826358331        0.579750925618863       5.17033703354835        755.122418744811        28.9659267021868        5.17033703354832        0.213244396682263       0.212330934698805       0.0293247449437505      0.0450066081111214      
0.833271241799103       97.3176668983456        0.593803094296805       5.17449149367098        755.354159324093        28.9703710581862        5.17449149367097        0.212330934698805       0.213651513935771       -0.0311152769338451     -0.0337676624912602     
0.843049961345081       97.2691897077042        0.607736372401131       5.17866982590894        755.58752659485         28.9748459222219        5.17866982590897        0.213651513935771       0.212661200547343       0.0450066081111214      0.00617798561872679     
0.852823100220045       97.2211179885275        0.621674575030378       5.18282659449519        755.820293786242        28.979308591289         5.18282659449512        0.212661200547343       0.212842294453364       -0.0337676624912602     -0.0498016030924058     
0.862590975300053       97.1731677282528        0.635523342159542       5.18698486170426        756.053624955444        28.9837813834535        5.18698486170428        0.212842294453364       0.211383134503477       0.00617798561872679     -0.016439933521265      
0.872355779018066       97.1257159482446        0.649370210191593       5.1911129524651         756.285843114567        28.9882321548009        5.19111295246506        0.211383134503477       0.210901665226761       -0.0498016030924058     -0.0700255502426745     
0.882116197412476       97.0784606263243        0.66312179824115        5.1952298017692         756.517367633636        28.9926689514136        5.19522980176927        0.210901665226761       0.208851860833359       -0.016439933521265      -0.0282150685704076     
0.8918710196709         97.0317377615602        0.676837361307932       5.1993044231256         756.746314990865        28.9970556932724        5.19930442312564        0.208851860833359       0.20802635990272        -0.0700255502426745     -0.0648403696617731     
0.901620205523873       96.9853532491476        0.690413201844051       5.20336090151006        756.974692673634        29.0014308588317        5.20336090151003        0.20802635990272        0.206130173049376       -0.0282150685704076     -0.0534814476966182     
0.9113666689711         96.9393952083878        0.703910259056614       5.20737877437555        757.200223513442        29.0057508380942        5.20737877437562        0.206130173049376       0.204566817890842       -0.0648403696617731     -0.0666418870777118     
0.921108396446116       96.8938643562096        0.717271046425414       5.21136453458504        757.423872487266        29.0100341354747        5.21136453458506        0.204566817890842       0.202619583694825       -0.0534814476966182     -0.059889207336678      
0.930846285736691       96.848857840905         0.730494974278512       5.21531060733411        757.645313408798        29.014274521514         5.21531060733416        0.202619583694825       0.200870453801398       -0.0666418870777118     -0.056853326290902      
0.940579335960808       96.8043625175143        0.743561751238477       5.21922080920934        757.865014910484        29.0184809869405        5.21922080920934        0.200870453801398       0.199210784708988       -0.059889207336678      -0.0782243581888389     
0.950307919939879       96.7603159424008        0.756462768266285       5.22309678366307        758.082742477464        29.0226490573878        5.22309678366311        0.199210784708988       0.196928394332989       -0.056853326290902      -0.0689759549991633     
0.960031001149814       96.7168729449514        0.76921216285251        5.22692638559921        758.29796269292         29.0267685401083        5.22692638559916        0.196928394332989       0.194916851767925       -0.0782243581888389     -0.107105070338736      
0.969749599197411       96.6740015333835        0.78176778028065        5.23071500800447        758.511226056774        29.0308499905565        5.23071500800446        0.194916851767925       0.19179476373982        -0.0689759549991633     -0.0767239757566527     
0.979463563610663       96.6318884793301        0.794176405423313       5.23444137486743        758.720932781671        29.0348628143186        5.23444137486743        0.19179476373982        0.189559312072564       -0.107105070338736      -0.130719155516533      
0.98917489490019        96.5904118373012        0.806368970184183       5.23812261752938        758.928631322168        29.0388366640678        5.23812261752936        0.189559312072564       0.185752651597293       -0.0767239757566527     -0.0636201493519264     
0.998878276575162       96.551303883013         0.818422023102494       5.24172775327732        759.143473768053        29.0429466244589        5.24172775327739        0.185752651597293       0.183900867806353       -0.130719155516533      -0.142810487779876      
1.00857670182954        96.5161657085297        0.830219310551595       5.24529534173045        759.383691588953        29.0475413300517        5.24529534173049        0.183900867806353       0.179745276924471       -0.0636201493519264     -0.0738183362552711     
1.01827550845033        96.482376785766         0.841912937012193       5.24878199314207        759.622442893016        29.0521072651847        5.24878199314215        0.179745276924471       0.17759737299369        -0.142810487779876      -0.118151148693248      
1.02797494176112        96.444674611963         0.853382282821981       5.25222712358303        759.824003883138        29.055961405596         5.25222712358307        0.17759737299369        0.174159765707231       -0.0738183362552711     -0.0514972750103252     
1.03767435636799        96.405398458316         0.864713782060136       5.25560510493835        760.003056421713        29.0593847228149        5.25560510493834        0.174159765707231       0.172661941598721       -0.118151148693248      -0.11330644110443       
1.04736784739868        96.3676087223837        0.875777923951668       5.25895234285719        760.188992499188        29.0629392200825        5.25895234285718        0.172661941598721       0.169368137409937       -0.0514972750103252     -0.0627747188193307     
1.05705360732552        96.3320341492879        0.886691674081329       5.26223358345039        760.382497893708        29.0666379566698        5.26223358345048        0.169368137409937       0.167544391224947       -0.11330644110443       -0.0886395505183662     
1.06673544273081        96.2932468295154        0.897387832428005       5.26547768088067        760.54491300052         29.0697420582624        5.26547768088071        0.167544391224947       0.164970553002691       -0.0627747188193307     -0.0532370464882107     
1.07641124065091        96.251589568847         0.907938073348334       5.26867041094996        760.676852952426        29.0722634701957        5.26867041094989        0.164970553002691       0.163425256960379       -0.0886395505183662     -0.0608253048989052     
1.0860844756688         96.213690427694         0.918311916203941       5.27183234456948        760.833667780668        29.0752599640746        5.27183234456946        0.163425256960379       0.161660133848453       -0.0532370464882107     -0.0498322006588603     
1.09575798434349        96.1782719018717        0.928554191114011       5.27495966563853        761.004757489783        29.0785288770824        5.27495966563857        0.161660133848453       0.160214403263594       -0.0608253048989052     -0.0501535339492055     
1.105427803482          96.1435553257526        0.938669290479334       5.27805798848356        761.176890342449        29.0818173500299        5.27805798848365        0.160214403263594       0.158759921925748       -0.0498322006588603     -0.0572981025541962     
1.11509186384707        96.1093965309647        0.948693814196654       5.28112664494736        761.348842274234        29.0851019953942        5.28112664494735        0.158759921925748       0.15709893727036        -0.0501535339492055     -0.028022781182945      
1.12475174676489        96.0756825104227        0.958681705201192       5.28416203771633        761.519211403894        29.0883560400968        5.28416203771629        0.15709893727036        0.156286878366488       -0.0572981025541962     -0.0419200892996423     
1.13441099252482        96.0423806944503        0.968617842665188       5.28718096175778        761.690170094386        29.0916209795189        5.28718096175785        0.156286878366488       0.155072413808476       -0.028022781182945      0.00883000257886409     
1.14406572757283        96.0094671384824        0.97853617544498        5.2901756240101         761.860414095298        29.0948719058359        5.29017562401009        0.155072413808476       0.155328149707591       -0.0419200892996423     -0.063276397067625      
1.15371977096457        95.9766998644923        0.988352985092098       5.29317425943236        762.032095841994        29.0981499190812        5.29317425943227        0.155328149707591       0.153496162974712       0.00883000257886409     -0.122047687362147      
1.1633672773682         95.9445157280898        0.998109332141192       5.29613638922457        762.202861641098        29.1014100773504        5.29613638922449        0.153496162974712       0.149963703566548       -0.063276397067625      -0.649648998064318      
1.17301371091719        95.9132214904           1.00752778155946        5.29902956353593        762.370494317399        29.1046100647188        5.29902956353593        0.149963703566548       0.131165969529688       -0.122047687362147      -2.12851398863765       
1.18265833155253        95.8860234270632        1.01598547137444        5.30155952501681        762.518191223598        29.1074292010285        5.3015595250168         0.131165969529688       0.0695873674046077      -0.649648998064318      -7.61390209537088       
1.19229914863767        95.8719996769919        1.02037821254752        5.30290150335589        762.599656825283        29.1089840432141        5.30290150335594        0.0695873674046077      -0.150684414606825      -2.12851398863765       -9.96890907061901       
1.20194249027422        95.9042684308818        1.01089215569591        5.29999517913394        762.43824051306         29.1059031911066        5.2999951791339         -0.150684414606825      -0.439216623450603      -7.61390209537088       -12.1137181335748       
1.21158997100634        95.9973921013803        0.982773474204365       5.29151780258065        761.957863958654        29.0967326145557        5.29151780258071        -0.439216623450603      -0.790214439732084      -9.96890907061901       -15.5077799989832       
1.22125392519986        96.1654974318152        0.932306884816772       5.27624309755582        761.088813071456        29.08013474429          5.27624309755578        -0.790214439732084      -1.2404277520531        -12.1137181335748       -17.2410041524753       
1.23093818150583        96.4313580417034        0.852693746034735       5.25220890338639        759.716455908412        29.0539049949192        5.2522089033864         -1.2404277520531        -1.74241181211221       -15.5077799989832       -13.7605265127098       
1.24065717624998        96.8094749140693        0.740274562461221       5.21833362333651        757.776207002461        29.0167807197158        5.21833362333646        -1.74241181211221       -2.14461984943597       -17.2410041524753       -9.64230229131995       
1.2504181379896         97.2826123732651        0.600166978884997       5.17645457783656        755.368536245232        28.9706467585005        5.17645457783657        -2.14461984943597       -2.42780205871268       -13.7605265127098       0.634974557544134       
1.26023220241118        97.828900241048         0.439530331032304       5.12879984466661        752.617272540288        28.9178390260001        5.12879984466655        -2.42780205871268       -2.40905624676734       -9.64230229131995       14.9999317086802        
1.27010062295787        98.382277536057         0.277777169368267       5.08125800262186        749.858602569382        28.8647921363915        5.08125800262182        -2.40905624676734       -1.96397303090136       0.634974557544134       16.3066636349635        
1.28001898438802        98.8423169717546        0.144409079197849       5.04231024330515        747.590441008039        28.8211041697657        5.04231024330511        -1.96397303090136       -1.47796801068361       14.9999317086802        14.8340792840969        
1.28997605497674        99.1948928135175        0.0434173339401651      5.01288288978716        745.87857140873         28.7880872624758        5.01288288978709        -1.47796801068361       -1.03430091693101       16.3066636349635        11.9039824896139        
1.29996491968603        99.4469825302777        -0.027426864782325      4.9922269478099         744.692859099049        28.7651961597701        4.99222694780986        -1.03430091693101       -0.677352038388146      14.8340792840969        10.4201262544935        
1.30997196182372        99.6184263733084        -0.0740572074294669     4.97867130376589        743.951101066658        28.7508666742154        4.97867130376592        -0.677352038388146      -0.364324005765172      11.9039824896139        9.35206408147363        
1.31999441551207        99.718455086531         -0.0996600937693612     4.97136924494725        743.605891156251        28.7441953783958        4.97136924494722        -0.364324005765172      -0.0830458704300774     10.4201262544935        9.19538361533327        
1.33002798714453        99.7464999825784        -0.106033455621558      4.96970319235658        743.565749084723        28.7434195190776        4.96970319235654        -0.0830458704300774     0.19366029170769        9.35206408147363        4.4560574375195         
1.34006206117088        99.70278072097          -0.0927053252194792     4.9735887621635         743.820944625402        28.7483515397048        4.97358876216355        0.19366029170769        0.327729667046555       9.19538361533327        -3.53505645595415       
1.35008802871309        99.6256869667101        -0.0691684614946614     4.98016078141808        744.227908580166        28.7562149529872        4.98016078141812        0.327729667046555       0.221427377626328       4.4560574375195         -6.58429521386082       
1.36010836281988        99.5736949308947        -0.0526094435497355     4.9845983782576         744.502317404482        28.7615159043485        4.98459837825764        0.221427377626328       0.0235282869263233      -3.53505645595415       -4.34410276720386       
1.37012346300022        99.566666165454         -0.0504300590704701     4.98506972229015        744.520159276164        28.7618605347074        4.98506972229023        0.0235282869263233      -0.107014154184682      -6.58429521386082       1.47416755769548        
1.38013908669066        99.5893603124471        -0.0583681175251457     4.98292593144731        744.369608995713        28.7589524031834        4.98292593144727        -0.107014154184682      -0.0627151081677223     -4.34410276720386       4.91904375050046        
1.39015829605114        99.6030244522537        -0.0634789738211714     4.98166944372702        744.284015124881        28.7572988826775        4.98166944372706        -0.0627151081677223     0.0850992463689726      1.47416755769548        2.97665594556864        
1.40017395157746        99.5813676851787        -0.057283649554075      4.98337415113787        744.376820485914        28.7590917119345        4.98337415113783        0.0850992463689726      0.174526262262035       4.91904375050046        -1.08153892865994       
1.4101874148892         99.5375290423274        -0.0431071092862033     4.98686909997359        744.57094180336         28.762841418194         4.98686909997368        0.174526262262035       0.142046988279434       2.97665594556864        -3.08181025998021       
1.42019552528909        99.5010353636056        -0.0301862522780922     4.98971231970427        744.722312965669        28.7657650103125        4.98971231970435        0.142046988279434       0.0495408434840683      -1.08153892865994       -2.22299391283804       
1.43019794273931        99.4872191127122        -0.0247440183918583     4.99070343547623        744.766809317684        28.7666243591362        4.99070343547631        0.0495408434840683      -0.0171606904900287     -3.08181025998021       0.113433078800759       
1.44019706434218        99.4872224241044        -0.0260124744148192     4.99036022155137        744.715616006826        28.7656356711118        4.99036022155137        -0.0171606904900287     -0.0137579082080116     -2.22299391283804       1.31061261221589        
1.4501964171056         99.4855141290641        -0.0279181844969474     4.99008509945439        744.661772500503        28.7645957636293        4.99008509945441        -0.0137579082080116     0.0255452712441192      0.113433078800759       0.64554968520952        
1.46019334685326        99.4678897069596        -0.0253240660762139     4.99059572812222        744.606038185327        28.7635192983776        4.99059572812221        0.0255452712441192      0.0448917155036977      1.31061261221589        -0.18391472354083       
1.47017846662517        99.4064118492788        -0.0174333434293511     4.99149225184909        744.279501794692        28.7572116905712        4.99149225184913        0.0448917155036977      0.0393857285646696      0.64554968520952        -0.470789156922104      
1.48015290869146        99.2718524905871        -0.00718687596005124    4.99227786685406        743.389007985539        28.7400032472267        4.99227786685408        0.0393857285646696      0.0253136848824577      -0.18391472354083       -0.37392133827563       
1.49011228919704        99.0359463669216        -0.000101064586349969   4.99278187624197        741.697317175857        28.7072835739538        4.99278187624201        0.0253136848824577      0.0141564529040681      -0.470789156922104      -0.37392133827563       
1.50004018607153        98.7728537995539        0.000946262790301142    4.99306318669931        739.768650227679        28.6699348956297        4.99306318669936        0.0141564529040681      0.0141564529040681      -0.37392133827563       -0.37392133827563       
