# xp[i]                    V[i]                   up[i]                    p[i]                    e[i]                   cs[i]                  dd1[i]             dd2_left[i]            dd2_right[i]             dd3_left[i]            dd3_right[i]
-1.50014269991659       98.2644828140549        -0.00223695025517454    4.99923856834584        736.871388573871        28.6137377373929        5.00020178220477        0.0653196820237409      0.0653196820237409      -0.823363744728541      -0.823363744728541      
-1.49026143751975       98.5686327126407        -0.00543935088251675    5.00020178220477        739.29457943885         28.6607470523488        5.00020178220477        0.0653196820237409      0.0653196820237409      -0.823363744728541      -0.823363744728541      
-1.48034099809259       98.8531554429645        -0.00612038891633583    5.00149734208279        741.620691306725        28.7058006392577        5.00149734208279        0.0653196820237409      0.0407940074864385      -0.823363744728541      -1.70338843127639       
-1.47039485444475       99.0231824152265        -0.00390634387559294    5.00230858466819        743.016773215278        28.7328069018921        5.00230858466819        0.0407940074864385      -0.0100581330798872     -0.823363744728541      -1.58824428418026       
-1.46043494614636       99.106487591094         0.000421974671186177    5.00210822435954        743.612065000197        28.7443147035722        5.00210822435954        -0.0100581330798872     -0.0575395032880384     -1.70338843127639       -0.59346327089481       
-1.45046044950655       99.1405226684813        0.00495677043080438     5.00096074383111        743.69679298196         28.7459522364446        5.0009607438311         -0.0575395032880384     -0.0752960023742697     -1.58824428418026       0.655805587544875       
-1.44048438639552       99.1638409515139        0.0075757268294001      4.99945836804188        743.64824167833         28.7450138995798        4.99945836804188        -0.0752960023742697     -0.0556620655798877     -0.59346327089481       1.65533258421139        
-1.43050515126084       99.1817801578983        0.00723731921425327     4.99834716538369        743.617454564909        28.7444188701604        4.99834716538369        -0.0556620655798877     -0.00607062793726707    0.655805587544875       1.8434240898423         
-1.42051293572843       99.1861169555984        0.00420088511991999     4.99822586849851        743.631923345085        28.7446985130415        4.99822586849851        -0.00607062793726707    0.04918979678041        1.65533258421139        0.800902254326367       
-1.41051471118621       99.1763462203268        -0.000159852191240977   4.99920923792585        743.704959312585        28.7461100617223        4.99920923792584        0.04918979678041        0.0732039547413701      1.8434240898423         -0.891506421135032      
-1.40052071713397       99.1603866661487        -0.00349642003714998    5.00067248696511        743.802926097348        28.7480033335138        5.00067248696512        0.0732039547413701      0.0464740228674047      0.800902254326367       -2.22704985989213       
-1.39052960766899       99.1508642434967        -0.00359094809537121    5.0016013526992         743.869645082351        28.7492926498945        5.00160135269919        0.0464740228674047      -0.0203020202943224     -0.891506421135032      -2.56007012226135       
-1.38053227514058       99.1574891282751        0.000432991656526278    5.0011954842689         743.858980289659        28.7490865611348        5.0011954842689         -0.0203020202943224     -0.0970733409840299     -2.22704985989213       -1.31984345675393       
-1.37053499138464       99.1835250121374        0.00778547007184186     4.99925462369826        743.76554401743         28.7472809152338        4.99925462369827        -0.0970733409840299     -0.136660141971879      -2.56007012226135       0.718262975208201       
-1.36053938196127       99.2173224338369        0.0157009663725946      4.99652193338312        743.612291568316        28.7443190825657        4.99652193338312        -0.136660141971879      -0.115108843541181      -1.31984345675393       2.21025334179511        
-1.35053538527748       99.2439744384103        0.0210721681981622      4.99421880112894        743.469184558604        28.7415530501012        4.99421880112895        -0.115108843541181      -0.0487578442043521     0.718262975208201       2.79487221714279        
-1.34052238841692       99.2546117306818        0.0223545243163773      4.99324267726517        743.403544813536        28.7402842484501        4.99324267726517        -0.0487578442043521     0.0351628734916425      2.21025334179511        1.96388841277204        
-1.33051271424253       99.2435265206149        0.0193967279632593      4.99394657390814        743.425303875279        28.7407048524732        4.99394657390813        0.0351628734916425      0.0941160478202505      2.79487221714279        -0.351480576776306      
-1.32050870445223       99.2133525761528        0.0140117994255309      4.99582957826322        743.479502037902        28.7417524795839        4.99582957826322        0.0941160478202505      0.0835709847579768      1.96388841277204        -3.0884746169766        
-1.31051187573851       99.1820153100046        0.0101659275846066      4.99750057970827        743.493268512573        28.7420185735212        4.99750057970827        0.0835709847579768      -0.00905732509201085    -0.351480576776306      -4.19762269990859       
-1.30051955241358       99.1762503252248        0.0123689360239692      4.99731951304267        743.423116470975        28.7406625700896        4.99731951304266        -0.00905732509201085    -0.134948305875827      -3.0884746169766        -2.70087079019692       
-1.29051865687364       99.2036472128784        0.0221529935450641      4.99462102698273        743.226933484228        28.7368701126508        4.99462102698273        -0.134948305875827      -0.215972578390255      -4.19762269990859       -0.124296948844831      
-1.28051988596697       99.251902607558         0.036373226598996       4.99030099117407        742.945301937614        28.7314249547544        4.99030099117408        -0.215972578390255      -0.219703176897844      -2.70087079019692       2.58441416812719        
-1.27051291299596       99.3025061914848        0.0502723383484033      4.98590390373197        742.669129905738        28.7260843505948        4.98590390373196        -0.219703176897844      -0.142099142872359      -0.124296948844831      4.144226589971          
-1.26049810266729       99.3354710431633        0.0590370315622726      4.98305839168964        742.491678861118        28.7226522850891        4.98305839168965        -0.142099142872359      -0.0176172421820558     2.58441416812719        3.97437178990048        
-1.25048502414709       99.338614641981         0.0600199515599482      4.98270557937897        742.462604136564        28.7220899142215        4.98270557937898        -0.0176172421820558     0.101767480266811       4.144226589971          1.30097238299017        
-1.24047292225274       99.3133829297236        0.0536830315010523      4.98474344216587        742.577601417371        28.7243141571227        4.98474344216587        0.101767480266811       0.140844117804593       3.97437178990048        -2.68125181924581       
-1.23046081390071       99.2787116133547        0.045141160618221       4.9875636899706         742.738345844746        28.7274229390035        4.98756368997061        0.140844117804593       0.0603145608614474      1.30097238299017        -5.57767089285161       
-1.22044934280501       99.2634426197687        0.0419610951492205      4.98877132065904        742.803923597079        28.7286911098582        4.98877132065905        0.0603145608614474      -0.107204731385091      -2.68125181924581       -6.13124348492079       
-1.21043997716808       99.2882648580073        0.0496464747683846      4.98662485412105        742.669993895238        28.7261010599389        4.98662485412104        -0.107204731385091      -0.291376179071315      -5.57767089285161       -3.21114569807522       
-1.20042592943263       99.357040588147         0.0693391016567564      4.98078923897719        742.314717867094        28.7192292891616        4.98078923897719        -0.291376179071315      -0.387880984832589      -6.13124348492079       2.49857278758935        
-1.19040785022521       99.4493364286802        0.0954225358378668      4.97301557290432        741.84464816224         28.7101346442572        4.97301557290432        -0.387880984832589      -0.312740465100942      -3.21114569807522       8.12807740575767        
-1.18037531771677       99.5241008590823        0.116583043381721       4.96674283955194        741.465922957039        28.7028051853442        4.96674283955194        -0.312740465100942      -0.0681752306929661     2.49857278758935        10.876832550528         
-1.17034383622187       99.5402294593301        0.121402602774254       4.96537499665711        741.381849778304        28.7011778654602        4.96537499665712        -0.0681752306929661     0.259089188393637       8.12807740575767        7.7310821413354         
-1.16031206318233       99.4774939611714        0.104094933894392       4.97057134194684        741.689970978132        28.7071414068604        4.97057134194684        0.259089188393637       0.491552002427888       10.876832550528         12.1395369307804        
-1.15029468527975       99.3591839262092        0.0709153706360762      4.98042055586105        742.275783059506        28.7184761097472        4.98042055586104        0.491552002427888       0.856115898359146       7.7310821413354         9.1001318003969         
-1.1402872692903        99.1542187122163        0.0123282472819593      4.99754847709973        743.292022084876        28.7381284105063        4.99754847709973        0.856115898359146       1.12888122879646        12.1395369307804        10.6938645456092        
-1.13030638918824       98.8862642423249        -0.0651140554691264     5.02008250548254        744.625807733128        28.7639011365351        5.02008250548254        1.12888122879646        1.44857297077298        9.1001318003969         4.93803822061215        
-1.12035280325593       98.5460445984717        -0.164324858020546      5.04891016039234        746.32518875955         28.7967048415758        5.04891016039234        1.44857297077298        1.59571674924978        10.6938645456092        -7.42873111029332       
-1.11043940166598       98.1759556186885        -0.2726646872788        5.08055448476639        748.182437422131        28.8325132334648        5.0805544847664         1.59571674924978        1.3750911950331         4.93803822061215        -7.36823209101705       
-1.10055821000085       97.8613543389469        -0.36518624646072       5.10773379708611        749.774620478488        28.8631757026625        5.1077337970861         1.3750911950331         1.1569308782385         -7.42873111029332       -12.1968806173854       
-1.09070307156431       97.5999466659979        -0.442071954372203      5.13053798554071        751.110350634974        28.8888742643441        5.13053798554072        1.1569308782385         0.796707725559315       -7.36823209101705       -7.87600294702357       
-1.08087267163389       97.4221500242944        -0.494318139429712      5.1462059395625         752.031670649959        28.9065865360582        5.1462059395625         0.796707725559315       0.564566796187638       -12.1968806173854       -10.0763015665342       
-1.07105686123816       97.2994510807242        -0.531012012651976      5.15728934003154        752.702132774309        28.9194692738744        5.15728934003152        0.564566796187638       0.268010383429032       -7.87600294702357       -4.81844815049566       
-1.06125550145708       97.2465162307194        -0.548339057793914      5.16254448022751        753.059198382383        28.9263278458758        5.16254448022753        0.268010383429032       0.126322979691986       -10.0763015665342       -2.15356710646895       
-1.05145808665367       97.2216837209588        -0.556537455449216      5.16501998228574        753.227908695324        28.9295678942904        5.16501998228575        0.126322979691986       0.0630206716511064      -4.81844815049566       -0.88962256214131       
-1.0416610577648        97.2071249321502        -0.560813483461695      5.16625485837214        753.295172173663        28.9308595750025        5.16625485837212        0.0630206716511064      0.0368701435802762      -2.15356710646895       -0.369811905406121      
-1.03186297383945       97.1998859861528        -0.563257001398454      5.16697743428605        753.344426258443        28.9318053793638        5.16697743428603        0.0368701435802762      0.0259984704534248      -0.88962256214131       -0.139433808389022      
-1.02206045047894       97.1960310264737        -0.564806344764453      5.1674870118136         753.388841893701        28.9326582466116        5.16748701181359        0.0259984704534248      0.0218995601142956      -0.369811905406121      -0.0889549261987204     
-1.01226300365523       97.1909469909167        -0.56583786624986       5.16791616686578        753.41199934103         28.9331029050162        5.16791616686577        0.0218995601142956      0.019285489410398       -0.139433808389022      -0.0907546518019797     
-1.00246739121935       97.1818895873487        -0.566595829223688      5.1682939016903         753.396850963551        28.9328120337745        5.1682939016903         0.019285489410398       0.0166198346870093      -0.0889549261987204     -0.108914438745729      
-0.992683105828936      97.1736246822082        -0.567243267794815      5.16861924443652        753.38019987617         28.9324923049073        5.16861924443654        0.0166198346870093      0.013421704363065       -0.0907546518019797     -0.107057062833765      
-0.982896147970356      97.1695553327271        -0.567857724350066      5.16888195746532        753.386942061391        28.9326217666224        5.1688819574653         0.013421704363065       0.0102781161660312      -0.108914438745729      -0.10292599492776       
-0.973106857574133      97.1677300737068        -0.568363722074675      5.16908318291437        753.402119168941        28.9329131914377        5.16908318291435        0.0102781161660312      0.00725545532660535     -0.107057062833765      -0.0648364778950613     
-0.963316300729301      97.1667976520774        -0.568695605024473      5.16922523891016        753.415594210792        28.9331719314007        5.16922523891015        0.00725545532660535     0.0053513578738284      -0.10292599492776       -0.0403079359887076     
-0.953528308988147      97.1664209738037        -0.568787183384665      5.16933000653363        753.427943351043        28.9334090504202        5.16933000653362        0.0053513578738284      0.00416756265806824     -0.0648364778950613     -0.0643750481820729     
-0.943739320589166      97.1663993329563        -0.56860302653134       5.16941160538268        753.439668547548        28.9336341871368        5.16941160538267        0.00416756265806824     0.00227683000950666     -0.0403079359887076     -0.0966415086292646     
-0.933946262260551      97.1666872069662        -0.568157351880994      5.16945619047784        753.448399035414        28.9338018210039        5.16945619047784        0.00227683000950666     -0.000561813557788136   -0.0643750481820729     -0.129738628862493      
-0.924157182923273      97.1679582115533        -0.567472912401157      5.16944518910129        753.456651167264        28.9339602690768        5.16944518910127        -0.000561813557788136   -0.00437286018280897    -0.0966415086292646     -0.118835054985541      
-0.914364601156442      97.1694611873122        -0.566595449527806      5.16935955217125        753.455823551948        28.9339443781857        5.16935955217123        -0.00437286018280897    -0.0078635456295606     -0.129738628862493      -0.132736889325449      
-0.904571376299185      97.1717619438293        -0.565506688994396      5.16920555740076        753.451217793698        28.9338559436999        5.16920555740074        -0.0078635456295606     -0.0117624541253847     -0.118835054985541      -0.0888301418298789     
-0.894783655848159      97.1749466089065        -0.564231711817868      5.16897524494413        753.442340175307        28.933685485094         5.16897524494414        -0.0117624541253847     -0.0143714802773394     -0.132736889325449      -0.102091706934944      
-0.884991708669703      97.1791410854873        -0.562681352614783      5.16869384441962        753.433842501815        28.9335223208462        5.16869384441961        -0.0143714802773394     -0.0173702188026678     -0.0888301418298789     -0.0769080651966503     
-0.875202357578549      97.1839531307054        -0.560880435962937      5.16835368073932        753.421562807818        28.9332865362106        5.16835368073931        -0.0173702188026678     -0.0196295652308992     -0.102091706934944      -0.107394054898789      
-0.865406697733688      97.1895141288199        -0.558785860186604      5.16796920454288        753.40862403334         28.9330380943719        5.16796920454288        -0.0196295652308992     -0.0227846392615973     -0.0769080651966503     -0.0964395697794152     
-0.855614193571141      97.1955410642331        -0.556469961949847      5.16752294519203        753.390282929668        28.9326859169054        5.16752294519201        -0.0227846392615973     -0.0256177791638999     -0.107394054898789      -0.124609029085846      
-0.845822913855292      97.2020545274455        -0.553922303223712      5.1670212651162         753.367624134443        28.9322508271852        5.16702126511623        -0.0256177791638999     -0.0292783626013157     -0.0964395697794152     -0.0996869409435647     
-0.836031422646338      97.2094732355306        -0.551204213217766      5.16644785838105        753.341512218085        28.9317494231988        5.16644785838106        -0.0292783626013157     -0.0322069874949852     -0.124609029085846      -0.0940212804457225     
-0.826236367630892      97.2176682442635        -0.548281954586424      5.16581702544231        753.313028685028        28.9312024692493        5.16581702544232        -0.0322069874949852     -0.0349693675509493     -0.0996869409435647     -0.0735048047771893     
-0.81644429956477       97.2265643035113        -0.545174597248751      5.16513207703394        753.282069035803        28.9306079560463        5.16513207703392        -0.0349693675509493     -0.0371292287820017     -0.0940212804457225     -0.0708207901490526     
-0.806649295903158      97.2361467120369        -0.541853214172423      5.16440470115897        753.25021980334         28.9299963475694        5.16440470115895        -0.0371292287820017     -0.0392106179057822     -0.0735048047771893     -0.0594407248961421     
-0.796850601918622      97.2465715572278        -0.53833473519896       5.16363633045975        753.218894858333        28.929394794498         5.16363633045975        -0.0392106179057822     -0.0409577512014382     -0.0708207901490526     -0.0716588649914808     
-0.78705102258633       97.2583934207953        -0.534621075842131      5.16283372164035        753.193369898168        28.9289046130177        5.16283372164036        -0.0409577512014382     -0.0430637211156312     -0.0594407248961421     -0.0664087433493384     
-0.777256839742956      97.2731108488558        -0.530749616298146      5.16199011672207        753.184255236905        28.9287295729984        5.16199011672205        -0.0430637211156312     -0.0450150122656291     -0.0716588649914808     -0.0582419321869832     
-0.767465406089964      97.291242603984         -0.526715689184162      5.1611084452755         753.195980782154        28.9289547528299        5.16110844527551        -0.0450150122656291     -0.0467264120127002     -0.0664087433493384     -0.0537216124257491     
-0.757670126735365      97.3052082073247        -0.522539383636828      5.16019300408561        753.170481978795        28.9284650662207        5.16019300408563        -0.0467264120127002     -0.0483055866026233     -0.0582419321869832     -0.0241814782384336     
-0.747869089609554      97.3135244475375        -0.518240927045866      5.15924611020744        753.096633714802        28.9270468154095        5.15924611020746        -0.0483055866026233     -0.0490168195041887     -0.0537216124257491     -0.034575475667817      
-0.738062121531112      97.3227153089176        -0.513775909240076      5.15828468734249        753.027408162873        28.9257172803194        5.15828468734249        -0.0490168195041887     -0.0500342967212241     -0.0241814782384336     -0.0340517595961612     
-0.728248810535528      97.3340390774861        -0.509158487507668      5.15730282873255        752.971672599425        28.9246467874223        5.15730282873254        -0.0500342967212241     -0.0510364382798213     -0.034575475667817      -0.0251271914731293     
-0.718434977365785      97.346781956127         -0.504402251017556      5.15630150352235        752.924037245161        28.9237318409249        5.15630150352235        -0.0510364382798213     -0.0517758157155385     -0.0340517595961612     -0.00429002834518822    
-0.708636335168634      97.3596423377147        -0.499544506594861      5.15528608559638        752.875214163391        28.9227940513551        5.15528608559635        -0.0517758157155385     -0.0519020268222551     -0.0251271914731293     -0.0272168124710375     
-0.698823814747686      97.3708814854729        -0.494561898825807      5.15426811005499        752.813443932775        28.9216075304871        5.15426811005501        -0.0519020268222551     -0.052702687703371      -0.00429002834518822    -0.00745332514240341    
-0.689020685129736      97.3806156073861        -0.489522426126645      5.15323448928358        752.737720403474        28.9201529195948        5.15323448928356        -0.052702687703371      -0.0529219356846544     -0.0272168124710375     -0.0136550149060318     
-0.679214870501269      97.3909888612515        -0.484371903687908      5.15219677982878        752.666308792921        28.918781071456         5.15219677982876        -0.0529219356846544     -0.0533236086825298     -0.00745332514240341    -0.00458864800509482    
-0.669413019425197      97.4027986933406        -0.47913203812524       5.1511510337957         752.604790775694        28.9175992313734        5.1511510337957         -0.0533236086825298     -0.0534586117146882     -0.0136550149060318     -0.00391902583534481    
-0.65959990822187       97.4157274359226        -0.473781603172109      5.15010232239043        752.551446157646        28.9165743736788        5.15010232239045        -0.0534586117146882     -0.0535739409940616     -0.00458864800509482    -0.0100767234453102     
-0.649793464697113      97.4289172604357        -0.468345169856271      5.14905117131319        752.499720809434        28.9155805907364        5.14905117131318        -0.0535739409940616     -0.0538705567814727     -0.00391902583534481    -0.00930201810011465    
-0.639978329751144      97.4424931773596        -0.462827284681249      5.14799390990678        752.450042164769        28.914626098314         5.14799390990679        -0.0538705567814727     -0.0541444379197618     -0.0100767234453102     0.00668389452750616     
-0.630163122654785      97.4559485448342        -0.457253533416682      5.14693092429977        752.398552983561        28.9136367861941        5.14693092429979        -0.0541444379197618     -0.0539476077015205     -0.00930201810011465    0.00436490316928916     
-0.620343859087286      97.4695998124951        -0.451609288985639      5.1458717568002         752.349091232605        28.912686397201         5.14587175680024        -0.0539476077015205     -0.0538190571172546     0.00668389452750616     0.010839775071802       
-0.610531069938805      97.4827925346586        -0.445920121380137      5.14481508830488        752.296412823609        28.9116741669752        5.14481508830487        -0.0538190571172546     -0.0534997715468231     0.00436490316928916     0.0175967593538221      
-0.600708464472515      97.4959246180563        -0.440159089230584      5.14376440772287        752.244100422584        28.910668934622         5.14376440772287        -0.0534997715468231     -0.0529813663647926     0.010839775071802       0.0145046946750769      
-0.590888518064491      97.508956707445         -0.434330203965389      5.14272371768275        752.192436518817        28.9096761294518        5.14272371768275        -0.0529813663647926     -0.0525540134589716     0.0175967593538221      0.0141389740980052      
-0.581065882288465      97.5221258869992        -0.428429931435235      5.14169146231492        752.143023089977        28.908726538884         5.14169146231495        -0.0525540134589716     -0.052137432911142      0.0145046946750769      0.0114916351349027      
-0.571247502294235      97.5352067592941        -0.422466203719323      5.14066737945424        752.094083603743        28.9077860254473        5.14066737945421        -0.052137432911142      -0.051798795540036      0.0141389740980052      0.0207926386775814      
-0.56142292094052       97.5483116693804        -0.416429391357163      5.13964965461193        752.046219569263        28.90686615032          5.13964965461195        -0.051798795540036      -0.0511859618135798     0.0114916351349027      0.0135092900046164      
-0.551595154489008      97.5614280927875        -0.410308638384405      5.13864374244754        752.000132959871        28.9059804069806        5.13864374244753        -0.0511859618135798     -0.0507877291184756     0.0207926386775814      0.0367569091592582      
-0.541771048260828      97.5742881866905        -0.404137989939693      5.13764564885537        751.953175713766        28.9050779028677        5.13764564885538        -0.0507877291184756     -0.0497040119715591     0.0135092900046164      0.0206164069388541      
-0.531942509739986      97.5867550269683        -0.397877942229298      5.13666859608627        751.906229911488        28.9041755905323        5.13666859608625        -0.0497040119715591     -0.049096037745565      0.0367569091592582      0.0286531208948813      
-0.522108847774225      97.5991719624561        -0.391557030513923      5.13570319603521        751.860569066963        28.9032979484457        5.13570319603524        -0.049096037745565      -0.0482509434684559     0.0206164069388541      0.0210909480855168      
-0.512277705631547      97.6116470827053        -0.385177193357453      5.13475444403668        751.817757971491        28.9024750568661        5.13475444403666        -0.0482509434684559     -0.0476288858465678     0.0286531208948813      0.0339101333084339      
-0.502447913135035      97.6240275067291        -0.378778394000777      5.13381798132474        751.77598173508         28.9016720341975        5.13381798132476        -0.0476288858465678     -0.0466287712656439     0.0210909480855168      0.0189573391002409      
-0.492615330676004      97.6372724590604        -0.372325692417942      5.13290113743425        751.743700291632        28.9010515051237        5.13290113743421        -0.0466287712656439     -0.0460696779208016     0.0339101333084339      0.0201256300280056      
-0.48278504465567       97.6519954655492        -0.365830596542565      5.13199536162782        751.724381674349        28.9006801472128        5.1319953616278         -0.0460696779208016     -0.0454762243951106     0.0189573391002409      0.0297752971823889      
-0.472956204850435      97.6692991808451        -0.359290811106053      5.13110148020706        751.726628396431        28.9007233357466        5.13110148020703        -0.0454762243951106     -0.0445982544538384     0.0201256300280056      0.0330624876681866      
-0.463132137318752      97.686540718168         -0.352705003987473      5.13022481416505        751.730872803435        28.9008049254195        5.13022481416507        -0.0445982544538384     -0.0436230360694185     0.0297752971823889      0.0327526609628243      
-0.453295194963561      97.6964819052572        -0.346049869388873      5.12936675927272        751.681630174073        28.8998583267207        5.12936675927268        -0.0436230360694185     -0.0426563783446202     0.0330624876681866      0.0341468100395351      
-0.443453616090415      97.7015963125985        -0.339342476315187      5.12852713827478        751.597932212893        28.8982493166953        5.12852713827477        -0.0426563783446202     -0.0416480773089271     0.0327526609628243      0.0333796301609837      
-0.433606989315918      97.7085494545129        -0.332582381862108      5.12770712302402        751.531237527376        28.8969671135874        5.12770712302405        -0.0416480773089271     -0.0406622517040611     0.0341468100395351      0.027771540889009       
-0.423763521288135      97.7174362478923        -0.325786977020295      5.12690649769239        751.48223825574         28.8960250679674        5.12690649769235        -0.0406622517040611     -0.0398419736282066     0.0333796301609837      0.034254814582112       
-0.413917792605954      97.7271849267069        -0.318963451777194      5.12612194567835        751.442201013238        28.8952553008898        5.12612194567838        -0.0398419736282066     -0.0388301683780517     0.027771540889009       0.0398351176977536      
-0.404069527732561      97.7373122690819        -0.312091269468846      5.12535726283772        751.407964932865        28.8945970522915        5.12535726283776        -0.0388301683780517     -0.0376535681250223     0.034254814582112       0.0418082457006255      
-0.394225768919919      97.7471717559233        -0.30515955131293       5.12461587305172        751.375061889476        28.8939644195323        5.12461587305171        -0.0376535681250223     -0.0364188699362024     0.0398351176977536      0.0278238927234293      
-0.384382027885215      97.7562432804496        -0.298177592275559      5.12389891673402        751.339663573024        28.8932837942397        5.12389891673399        -0.0364188699362024     -0.0355972420289945     0.0418082457006255      0.0420102639507667      
-0.374540475543203      97.7653290781468        -0.291169294586515      5.12319815542362        751.306730396317        28.8926505533139        5.12319815542361        -0.0355972420289945     -0.034356487220399      0.0278238927234293      0.0266306461452658      
-0.364695658153543      97.7740699143617        -0.284092671037811      5.12252161033508        751.274679100096        28.8920342559078        5.12252161033509        -0.034356487220399      -0.0335697714158931     0.0420102639507667      0.0312518602349027      
-0.354843011637795      97.7829623254512        -0.27698052137038       5.12186033411507        751.246014130495        28.8914830612471        5.12186033411505        -0.0335697714158931     -0.0326464134975121     0.0266306461452658      0.0344620471020402      
-0.344995998268574      97.791894450795         -0.26984071693119       5.1212172989276         751.22031233447         28.8909888360919        5.12121729892761        -0.0326464134975121     -0.0316281877275942     0.0312518602349027      0.0444611450970052      
-0.335148746215456      97.8009073682223        -0.262656579644511      5.12059433546996        751.198158410312        28.8905628269146        5.12059433546997        -0.0316281877275942     -0.0303144350695176     0.0344620471020402      0.0283644828063682      
-0.325297335900923      97.8100045174325        -0.255406080960412      5.11999710475586        751.180409918118        28.8902215275172        5.11999710475585        -0.0303144350695176     -0.0294761979056277     0.0444611450970052      0.0392476364156182      
-0.315445010830883      97.8194573756536        -0.248126098241677      5.1194163346319         751.167791900625        28.8899788835088        5.11941633463187        -0.0294761979056277     -0.0283162516387654     0.0283644828063682      0.0373385547393486      
-0.3055950308026        97.8297206639141        -0.240804699784377      5.11885842849717        751.164735267           28.8899201042509        5.11885842849713        -0.0283162516387654     -0.027212689711224      0.0392476364156182      0.0374452608334776      
-0.295741949579403      97.8416714987536        -0.23344845752094       5.11832221854746        751.177801697839        28.8901713717051        5.11832221854745        -0.027212689711224      -0.0261058415002063     0.0373385547393486      0.0336559991521965      
-0.285889275404651      97.8560786102996        -0.226047910312885      5.11780773586398        751.212894169657        28.8908461890932        5.11780773586395        -0.0261058415002063     -0.0251109096200413     0.0374452608334776      0.0358030367589311      
-0.276032566147923      97.8748517933131        -0.218602900196903      5.1173128269239         751.284351772796        28.8922202479952        5.11731282692389        -0.0251109096200413     -0.0240523451347906     0.0336559991521965      0.0353636449623014      
-0.266180816347958      97.9007205800411        -0.211117103184152      5.11683871573929        751.413296044093        28.8946995532263        5.11683871573931        -0.0240523451347906     -0.0230064913999134     0.0358030367589311      0.0373316608572749      
-0.256317743863653      97.9372443199156        -0.203582312476889      5.11638502696006        751.626975630218        28.8988076576452        5.11638502696006        -0.0230064913999134     -0.0219020606465279     0.0353636449623014      0.0417037654644127      
-0.24645557179505       97.9890472802861        -0.196011973215855      5.11595296762048        751.961035841825        28.9052289741229        5.11595296762047        -0.0219020606465279     -0.0206677165387667     0.0373316608572749      0.0330664055856858      
-0.236589226821966      98.0637106005361        -0.188405946717423      5.11554508438167        752.473999078199        28.9150863944412        5.11554508438171        -0.0206677165387667     -0.0196883497847231     0.0417037654644127      0.0428336582432785      
-0.226713522459115      98.1706164253333        -0.180772269463931      5.11515616226515        753.237050342117        28.9297434474571        5.11515616226514        -0.0196883497847231     -0.0184181620435803     0.0330664055856858      0.0417006056927422      
-0.21682343311166       98.3219472038993        -0.173103322260367      5.11479179689076        754.344433519245        28.9510013935278        5.11479179689073        -0.0184181620435803     -0.0171795083385372     0.0428336582432785      0.0436474444404517      
-0.206913438364102      98.5329604754941        -0.165391930419241      5.11445128877106        755.913040035478        28.9810865534265        5.11445128877102        -0.0171795083385372     -0.0158803412935268     0.0417006056927422      0.0233701588156322      
-0.196982322243016      98.8231335065082        -0.157617550929115      5.1141358261456         758.092391276406        29.0228337554417        5.11413582614561        -0.0158803412935268     -0.0151828451627903     0.0436474444404517      0.0479236612949244      
-0.187024593864265      99.2150822017907        -0.149816509038661      5.1138333074618         761.054087949116        29.0794713376429        5.1138333074618         -0.0151828451627903     -0.0137472476584279     0.0233701588156322      0.0305481023764214      
-0.177021101677344      99.7325410101247        -0.141940642335262      5.11355820440595        764.982229992864        29.1544208576954        5.11355820440591        -0.0137472476584279     -0.012827481311039      0.0479236612949244      0.0365350517826164      
-0.166962813066093      100.400202347795        -0.134000239948868      5.11330001057859        770.064533590607        29.2511069798242        5.11330001057858        -0.012827481311039      -0.0117199632418097     0.0305481023764214      0.0292593314743328      
-0.156826526443118      101.236189342398        -0.125966237907367      5.11306229504093        776.440413930357        29.3719521147936        5.11306229504091        -0.0117199632418097     -0.0108252467359084     0.0365350517826164      0.0327615701009784      
-0.14659146965966       102.251353967996        -0.117847965449231      5.11284057714947        784.192307454064        29.5182110918001        5.11284057714944        -0.0108252467359084     -0.00981274810989765    0.0292593314743328      0.0234019291139954      
-0.136234758915439      103.458292120434        -0.109609002195964      5.11263726291032        793.417079177992        29.6913208264636        5.11263726291035        -0.00981274810989765    -0.00908088008531946    0.0327615701009784      0.0248011205572812      
-0.125744440060826      104.857748458026        -0.101238856513572      5.11244676466825        804.119485281949        29.8909032108051        5.11244676466829        -0.00908088008531946    -0.00829518130772932    0.0234019291139954      0.0245920653721422      
-0.115125889906129      106.432267927704        -0.0927451004820375     5.11227043851096        816.165805545719        30.1139651167162        5.11227043851096        -0.00829518130772932    -0.00750497280870243    0.0248011205572812      0.0300307445011613      
-0.104340396865091      108.149673984102        -0.0840992450972435     5.11210849450808        829.30930057861         30.3554736154895        5.11210849450811        -0.00750497280870243    -0.00652482739113881    0.0245920653721422      0.0263865579528454      
-0.0933734801816022     109.960777870124        -0.075292243580264      5.11196536560548        843.173532070669        30.6081603510979        5.1119653656055         -0.00652482739113881    -0.00564958297973809    0.0300307445011613      0.0285908022387672      
-0.0822207180180758     111.803351161724        -0.0663416626218141     5.1118394144709         857.281165707645        30.8631597307218        5.11183941447089        -0.00564958297973809    -0.00468600208782372    0.0263865579528454      0.0213892113840935      
-0.0709053956267496     113.608561167357        -0.0572357973329418     5.11173331101789        871.104999803985        31.1110019804353        5.11173331101786        -0.00468600208782372    -0.00395384970359624    0.0285908022387672      0.0148463710836799      
-0.0594035248281476     115.298691118289        -0.0479627904805043     5.11164238851669        884.048515291106        31.3412847232086        5.11164238851666        -0.00395384970359624    -0.0034381890047821     0.0213892113840935      0.0199869088371994      
-0.0477307034287425     116.78309228349         -0.0385461152824763     5.11156219441752        895.416059195188        31.5421421663003        5.1115621944175         -0.0034381890047821     -0.00273525145400832    0.0148463710836799      0.0183162107632152      
-0.0359291822863516     117.942640485426        -0.0290137384254871     5.11149769020738        904.295301627318        31.6981475383608        5.11149769020735        -0.00273525145400832    -0.0020847542805938     0.0199869088371994      0.0255885503214023      
-0.0240399416047594     118.680671848851        -0.0193930049110284     5.1114481196245         909.945145436373        31.7970149793337        5.11144811962448        -0.0020847542805938     -0.00116977927305449    0.0183162107632152      0.0187804681722317      
-0.0120646198914778     118.988667963431        -0.00970834612642817    5.11142014806974        912.30161223039         31.8381604059306        5.11142014806975        -0.00116977927305449    -0.000495643942992493   0.0255885503214023      0.0270314159073736      
-8.08583212877322e-05   119.039624968124        -2.65611043433326e-05   5.11140827081821        912.690185425753        31.8449400380754        5.11140827081818        -0.000495643942992493   0.000475895761180415    0.0187804681722317      0.0217542305524441      
0.0119028446282449      118.990783458855        0.00965866651841079     5.11141967403773        912.31774740113         31.8384419531053        5.11141967403776        0.000475895761180415    0.0012567194138419      0.0270314159073736      0.0217197747735679      
0.0238748591258478      118.682537442763        0.0193243089246654      5.11144972122414        909.959734388977        31.7972698756247        5.11144972122414        0.0012567194138419      0.00203328230295586     0.0217542305524441      0.0178746715501608      
0.0357655758224254      117.944195881135        0.028931085403696       5.11149806427556        904.30729340844         31.6983577108489        5.11149806427553        0.00203328230295586     0.00266799513171191     0.0217197747735679      0.0220528787277271      
0.0475638636887892      116.783783810914        0.0384647067866441      5.11156096945601        895.421146789886        31.5422317745922        5.11156096945601        0.00266799513171191     0.00344338767581163     0.0178746715501608      0.0141310502668667      
0.0592319650109726      115.298903997977        0.0478921153333879      5.11164125583455        884.049951642847        31.3413101839666        5.11164125583458        0.00344338767581163     0.00393406916840821     0.0220528787277271      0.0200431435795879      
0.0707296786713619      113.608737723463        0.0571738299368496      5.11173170183426        871.106079339596        31.1110212579186        5.11173170183432        0.00393406916840821     0.00461999109712954     0.0141310502668667      0.026153578627671       
0.0820470394681207      111.80354714657         0.0662790427713963      5.11183629550075        857.282145404352        30.8631773658505        5.11183629550081        0.00461999109712954     0.0055012711570693      0.0200431435795879      0.0326103659943127      
0.0931933349684563      109.960913889296        0.0752190398569606      5.111958912287          843.173510639416        30.6081599621084        5.11195891228696        0.0055012711570693      0.00658274759968959     0.026153578627671       0.0282976771436103      
0.104161002653464       108.149675173161        0.0840236178736552      5.11210328346606        829.308464337757        30.3554583108899        5.11210328346598        0.00658274759968959     0.00750618025557392     0.0326103659943127      0.0234922645633783      
0.114942873102643       106.432380604093        0.0926709231220815      5.11226523550577        816.165838941637        30.1139657328186        5.11226523550572        0.00750618025557392     0.00826098155218319     0.0282976771436103      0.0306432113554589      
0.125563116684475       104.857936026481        0.101170749040172       5.1124408227605         804.119989098287        29.8909125747886        5.1124408227605         0.00826098155218319     0.00923167007194135     0.0234922645633783      0.0218651642739713      
0.136050781319369       103.458451206174        0.109531293416353       5.11263446680417        793.417865278295        29.6913355352159        5.11263446680412        0.00923167007194135     0.00991544534927112     0.0306432113554589      0.0296397085764517      
0.146407323763309       102.25150791769         0.117771092162775       5.11283989902034        784.193384124837        29.5182313555696        5.11283989902033        0.00991544534927112     0.0108314756859342      0.0218651642739713      0.0330879832926863      
0.156643384989745       101.236327966354        0.125908572022157       5.11306176454917        776.441396562188        29.3719707007697        5.11306176454919        0.0108314756859342      0.0118433967374664      0.0296397085764517      0.0357950082523028      
0.166781534826293       100.400243266328        0.133964252281359       5.11330202483506        770.06515078147         29.2511187019017        5.11330202483514        0.0118433967374664      0.0129286474706871      0.0330879832926863      0.0255580589356819      
0.176842041876764       99.7325865503332        0.141906144744469       5.1135622964563         764.983191467773        29.1544391791899        5.11356229645624        0.0129286474706871      0.0136982412280173      0.0357950082523028      0.0436508176649257      
0.18684565433394        99.2151214119349        0.149777762820597       5.11383642922405        761.054853309359        29.0794859596428        5.11383642922405        0.0136982412280173      0.0150058705966398      0.0255580589356819      0.0314243730503401      
0.196802442779478       98.8232444268317        0.157584627010086       5.11413541405056        758.093181081951        29.0228488739084        5.1141354140506         0.0150058705966398      0.0159437003382108      0.0436508176649257      0.0446636618449467      
0.206734301125172       98.5329758827694        0.165350843526737       5.11445211689987        755.91328063211         28.981091165565         5.11445211689985        0.0159437003382108      0.0172729899503031      0.0314243730503401      0.0320391205095153      
0.21664144296281        98.322006981303         0.173053280164775       5.1147944311832         754.345280656086        28.9510176496649        5.1147944311832         0.0172729899503031      0.0182245381629294      0.0446636618449467      0.0381753299556468      
0.226531088878197       98.1707867620274        0.180733207486111       5.11515491388486        753.238173458591        28.9297650153415        5.11515491388486        0.0182245381629294      0.0193565185360669      0.0320391205095153      0.0446094535563295      
0.236404801912754       98.0639304422318        0.188376603123524       5.11553727771125        752.47453766418         28.9150967424781        5.11553727771125        0.0193565185360669      0.0206778411568958      0.0381753299556468      0.0398219968199562      
0.246275229758475       97.9892745740027        0.195980088797176       5.11594541921353        751.961670583389        28.9052411737885        5.11594541921359        0.0206778411568958      0.021856532686875       0.0446094535563295      0.0405857072667953      
0.256136880938185       97.9374754765011        0.203548957597477       5.11637658162933        751.627508987801        28.8988179109996        5.1163765816294         0.021856532686875       0.0230572466381567      0.0398219968199562      0.0372296890901841      
0.265997022213034       97.900841185143         0.211072517171318       5.11683123849858        751.413123677142        28.8946962391436        5.11683123849863        0.0230572466381567      0.0241581937696711      0.0405857072667953      0.0286361750448993      
0.275852309792851       97.8749709520203        0.218552064455834       5.11730741717099        751.284472212252        28.8922225638714        5.11730741717091        0.0241581937696711      0.0250048063058591      0.0372296890901841      0.0322668762904935      
0.285703304834095       97.8561977247243        0.225990204151032       5.11780018007668        751.212699505821        28.8908424458113        5.11780018007676        0.0250048063058591      0.0259586687202184      0.0286361750448993      0.0438801180619378      
0.295559482315115       97.8418036849292        0.2333953009842         5.11831178697488        751.177285589183        28.8901614469775        5.11831178697489        0.0259586687202184      0.0272557644938891      0.0322668762904935      0.0365750651777577      
0.305413168959227       97.8298518140336        0.240749120228513       5.11884890002606        751.164344021967        28.8899125805755        5.11884890002612        0.0272557644938891      0.0283368344746165      0.0438801180619378      0.0390890959521484      
0.315262422138149       97.8196427917083        0.248061536770337       5.11940721036307        751.167876934517        28.8899805187142        5.11940721036298        0.0283368344746165      0.0294920016345273      0.0365750651777577      0.0286036638503992      
0.325115501264317       97.8101862100222        0.255331119177071       5.11998822310348        751.180502242309        28.8902233029005        5.11998822310357        0.0294920016345273      0.0303372174747738      0.0390890959521484      0.0343386180778003      
0.334961467046411       97.8010230261228        0.262568307340991       5.12058580712424        751.197795644693        28.8905558510561        5.12058580712428        0.0303372174747738      0.0313518201677463      0.0286036638503992      0.0317468168924059      
0.344812555962838       97.7920611752947        0.26977012974149        5.12120335848229        751.219548185736        28.8909741419884        5.1212033584823         0.0313518201677463      0.0322899031603695      0.0343386180778003      0.0502101998179728      
0.354659340917172       97.7831633174139        0.276944675934004       5.12183948107334        751.244499695059        28.8914539400891        5.12183948107338        0.0322899031603695      0.0337735330773637      0.0317468168924059      0.0237535619407645      
0.364515394316303       97.7742211133577        0.284067840575029       5.12250480076639        751.273375566554        28.8920091906733        5.12250480076638        0.0337735330773637      0.0344752828334002      0.0502101998179728      0.0343492637580642      
0.374355382833452       97.7654661210246        0.291143643000884       5.12318367108191        751.305659440418        28.8926299606822        5.12318367108198        0.0344752828334002      0.035489773735003       0.0237535619407645      0.0285004849757129      
0.384202368857423       97.7564914697028        0.298164504863302       5.12388234242533        751.339140748594        28.8932737414513        5.12388234242533        0.035489773735003       0.0363313205728107      0.0343492637580642      0.0445728888437694      
0.394041516081753       97.7473099418553        0.305138762089019       5.12459748703112        751.373428338125        28.8939330105844        5.12459748703106        0.0363313205728107      0.0376475511341659      0.0285004849757129      0.0328264572285763      
0.403884174591392       97.7374741778561        0.312052957449155       5.12533864607955        751.406480360951        28.8945685084575        5.1253386460795         0.0376475511341659      0.0386170612905118      0.0445728888437694      0.0342659943270967      
0.413733269908204       97.727432420051         0.318926581825242       5.12609915158062        751.440762621864        28.8952276455985        5.12609915158054        0.0386170612905118      0.0396292840654903      0.0328264572285763      0.038569068161852       
0.423579441715196       97.7176554397073        0.325755686519643       5.12687962171136        751.479984532871        28.895981737814         5.12687962171128        0.0396292840654903      0.0407686689949282      0.0342659943270967      0.0354648033496243      
0.43342655845173        97.708750676648         0.332538486402738       5.12768251105332        751.529178032276        28.8969275189571        5.12768251105329        0.0407686689949282      0.0418162348549772      0.038569068161852       0.0287512441944596      
0.443273720232842       97.7017822699862        0.339283618527181       5.12850593707165        751.596255651159        28.8982170855489        5.12850593707161        0.0418162348549772      0.042665246424072       0.0354648033496243      0.0328805420500353      
0.453115357878298       97.6966592114274        0.345986247989741       5.12934569237098        751.679907127755        28.8998252037727        5.12934569237096        0.042665246424072       0.0436356319386427      0.0287512441944596      0.0316661182150424      
0.462949760798592       97.6867954937609        0.352633452279726       5.13020392038837        751.729771818403        28.9007837613524        5.13020392038835        0.0436356319386427      0.0445696420424311      0.0328805420500353      0.0268525103010025      
0.47277542770006        97.6694825446113        0.359227522404081       5.13108005019822        751.724900096757        28.9006901128052        5.13108005019819        0.0445696420424311      0.0453614848168168      0.0316661182150424      0.0288928249572372      
0.482604783927707       97.6523147149505        0.365779854479204       5.13197179162827        751.723386756499        28.900661021977         5.13197179162824        0.0453614848168168      0.0462135457738786      0.0268525103010025      0.00955187658480235     
0.492437522766956       97.6373623055686        0.37227309784351        5.13288048341011        751.741367144842        28.9010066557636        5.13288048341011        0.0462135457738786      0.04649527150108        0.0288928249572372      0.0377546096159114      
0.502268465173973       97.6242908768183        0.378746591974733       5.13379473076508        751.774605147131        28.901645573049         5.13379473076503        0.04649527150108        0.0476087725024946      0.00955187658480235     0.0291176756457228      
0.512100307434506       97.6118582703323        0.385154402336024       5.1347307798513         751.815919708737        28.9024397222552        5.13473077985128        0.0476087725024946      0.0484675109289214      0.0377546096159114      0.0286374262298933      
0.521928227047575       97.5993457115409        0.391508799050166       5.13568368046219        751.859050491821        28.9032687596215        5.13568368046215        0.0484675109289214      0.0493120761495977      0.0291176756457228      0.0133340928379312      
0.531761756516847       97.5869142242993        0.3978089091245         5.13665324357938        751.905209221725        28.9041559722574        5.13665324357933        0.0493120761495977      0.0497052837681998      0.0286374262298933      0.039159291675136       
0.541590334906412       97.5744178324556        0.404057069559396       5.13763035835259        751.951936881906        28.9050540925113        5.13763035835254        0.0497052837681998      0.050859789880601       0.0133340928379312      0.00272063188375802     
0.55141598282367        97.561651270619         0.410205086024305       5.13862981676412        751.999815287919        28.9059743015161        5.13862981676411        0.050859789880601       0.0509399838910418      0.039159291675136       0.0171031555832718      
0.561238607249925       97.5485214734873        0.41632130448362        5.13963074319537        752.045069877583        28.9068440546061        5.1396307431954         0.0509399838910418      0.0514440514879117      0.00272063188375802     0.0172014331716542      
0.571065973056204       97.5356122359858        0.422368618829907       5.14064151912699        752.093426780669        28.9077734024887        5.14064151912708        0.0514440514879117      0.0519509591691382      0.0171031555832718      0.0229642870064586      
0.580884741737408       97.5225629405979        0.428331990470539       5.14166203993678        752.142089863526        28.9087086045312        5.14166203993672        0.0519509591691382      0.0526275880397726      0.0172014331716542      0.0126695155150609      
0.590707691034301       97.5094616444862        0.434226154054715       5.14269571575094        752.19223596642         28.9096722754479        5.14269571575102        0.0526275880397726      0.0530008337547412      0.0229642870064586      0.0204780035616513      
0.600525683398479       97.496421010954         0.440062672967447       5.14373661407815        752.243865743432        28.910664424961         5.14373661407819        0.0530008337547412      0.0536040053755213      0.0126695155150609      0.0100753122684234      
0.610345313630848       97.4833384630406        0.44583379463702        5.14478908261199        752.296823191831        28.9116820524513        5.14478908261195        0.0536040053755213      0.0539007137309781      0.0204780035616513      0.00471458452160629     
0.620156340341472       97.4700622782065        0.451535940677696       5.14584716638549        752.349065672589        28.9126859060669        5.14584716638543        0.0539007137309781      0.0540395356707909      0.0100753122684234      0.00148804595457669     
0.629975130259838       97.4564007573159        0.457178474547288       5.14690795616611        752.398686655714        28.913639354612         5.14690795616606        0.0540395356707909      0.0540833468141728      0.00471458452160629     -0.00775662249456467    
0.639786290380138       97.4430048726523        0.462741026411166       5.14796945840311        752.45041952916         28.914633348861         5.14796945840316        0.0540833468141728      0.0538549951818308      0.00148804595457669     -0.00829776817570479    
0.649599490452807       97.4293813372482        0.468248619008612       5.14902634088135        752.499676321897        28.9155797359966        5.14902634088136        0.0538549951818308      0.0536107646961134      -0.00775662249456467    -0.00856764565182558    
0.659411120522302       97.4161440322437        0.47368632720869        5.15007824273875        752.551145807945        28.9165686032525        5.15007824273883        0.0536107646961134      0.0533586540826545      -0.00829776817570479    -3.69533627665137e-05   
0.669216848458345       97.403308548217         0.479038834166272       5.15112479145597        752.604896148833        28.917601255768         5.15112479145603        0.0533586540826545      0.0533575669746948      -0.00856764565182558    -0.0143403817204498     
0.679020715864308       97.3915028611144        0.484284023752894       5.15217111723377        752.666532157536        28.918785362489         5.15217111723373        0.0533575669746948      0.0529357432104991      -3.69533627665137e-05   -0.00233731960225564    
0.688826649240512       97.3810555856196        0.489442888854752       5.1532092031689         752.737427787177        28.9201472984411        5.15320920316893        0.0529357432104991      0.0528669912930901      -0.0143403817204498     -0.0298068708882855     
0.698631519998213       97.3712589486661        0.494484946091096       5.15424592247341        752.813121603398        28.921601338857         5.15424592247347        0.0528669912930901      0.0519902238520947      -0.00233731960225564    -0.00561906249319868    
0.708435754512738       97.3601116593443        0.499468171972191       5.15526542695348        752.875826402621        28.922805811382         5.15526542695344        0.0519902238520947      0.0518249159051812      -0.0298068708882855     -0.0276409709677497     
0.71824149879346        97.3471653317552        0.504336170288044       5.15628195093211        752.9241473618          28.9237339560015        5.15628195093215        0.0518249159051812      0.0510115214698455      -0.00561906249319868    -0.0395147667001117     
0.728054936477572       97.3344428143528        0.509093671821363       5.15728290615917        752.971887160483        28.9246509084952        5.15728290615911        0.0510115214698455      0.0498485354213315      -0.0276409709677497     -0.0337309822127573     
0.737866597262167       97.3232572794698        0.513720044392797       5.1582610386591         753.028149270127        28.9257315142327        5.15826103865911        0.0498485354213315      0.0488559257671859      -0.0395147667001117     -0.020951932905247      
0.747674020079065       97.3140818485778        0.518197036196666       5.15921933245572        753.097038590041        28.9270545912001        5.15921933245564        0.0488559257671859      0.0482396529588861      -0.0337309822127573     -0.0486470206914557     
0.75747689193888        97.3057427970128        0.522501990191484       5.16016502780184        753.170536478139        28.9284661128512        5.16016502780181        0.0482396529588861      0.046809534500523       -0.020951932905247      -0.0567790792864992     
0.767271940560052       97.2917071910815        0.526673553840232       5.16108215370992        753.195740531793        28.9289501390292        5.16108215370992        0.046809534500523       0.045140993198881       -0.0486470206914557     -0.0632821776965771     
0.777064403139579       97.2736713263302        0.53070858467488        5.16196635700526        753.185128213355        28.9287463378817        5.16196635700518        0.045140993198881       0.0432814724521551      -0.0567790792864992     -0.0740033551670481     
0.786859610612642       97.2588130298986        0.534580812912765       5.16281427709675        753.193782726365        28.9289125410388        5.16281427709672        0.0432814724521551      0.0411066527512012      -0.0632821776965771     -0.0669730445646971     
0.796658398751277       97.2469188743102        0.538295755203725       5.16361973268672        753.219163863559        28.9293999604316        5.16361973268663        0.0411066527512012      0.0391382222608807      -0.0740033551670481     -0.0653740925284291     
0.806454190864359       97.2365877512208        0.54182109164201        5.1643866221401         753.250999447435        28.930011319417         5.16438662214018        0.0391382222608807      0.0372167985001484      -0.0669730445646971     -0.0702170536939057     
0.816252591481245       97.2270675023563        0.545141750202468       5.16511584515267        753.283600401223        28.9306373628992        5.16511584515275        0.0372167985001484      0.0351532624873157      -0.0653740925284291     -0.100129841611221      
0.826047840289435       97.2181919315694        0.548245778872153       5.16580452794832        753.315264118575        28.9312453954501        5.16580452794827        0.0351532624873157      0.0322110053063911      -0.0702170536939057     -0.0954520618184582     
0.835840670680809       97.2100037455069        0.551173951103371       5.16643546403907        753.343816215236        28.9317936651635        5.16643546403914        0.0322110053063911      0.0294065912865222      -0.100129841611221      -0.12294436592377       
0.845634948878153       97.2025534946317        0.553895308995334       5.16701143036679        753.370057451402        28.9322975515715        5.16701143036672        0.0294065912865222      0.0257946685746999      -0.0954520618184582     -0.102299521352583      
0.855426162681774       97.1960044679267        0.556450208076353       5.16751661789802        753.392952421953        28.9327371755393        5.16751661789801        0.0257946685746999      0.0227893470670585      -0.12294436592377       -0.104311498860056      
0.865219375252387       97.1899655515593        0.558783426749467       5.16796294551228        753.411210969111        28.933087767182         5.16796294551232        0.0227893470670585      0.0197251066443313      -0.102299521352583      -0.0805282267712568     
0.875011582902605       97.1844245519255        0.560872637421754       5.16834923511658        753.424569447283        28.9333442674189        5.16834923511661        0.0197251066443313      0.0173597724201109      -0.104311498860056      -0.100763493153613      
0.884801257013526       97.1795076070912        0.562670099661053       5.16868913988388        753.435998382053        28.9335637160961        5.16868913988388        0.0173597724201109      0.0144005095007095      -0.0805282267712568     -0.0865059436270202     
0.894589749908525       97.175430377206         0.564223742477645       5.16897106531955        753.445481819629        28.9337458077286        5.16897106531953        0.0144005095007095      0.0118599919332374      -0.100763493153613      -0.141999674583838      
0.904378015135249       97.1721344387215        0.565505465341578       5.1692032726215         753.453773022382        28.9339050063029        5.16920327262142        0.0118599919332374      0.00768886120206497     -0.0865059436270202     -0.11531622227572       
0.914171079446247       97.1698982892436        0.566613338908398       5.16935386549075        753.458383996267        28.933993540783         5.16935386549078        0.00768886120206497     0.00430090861772207     -0.141999674583838      -0.128627110923166      
0.92396838226483        97.1683732969659        0.567502419407487       5.16943811601317        753.458838888498        28.9340022750723        5.16943811601324        0.00430090861772207     0.000522038674703847    -0.11531622227572       -0.0922116128436495     
0.933758723268651       97.1671799006384        0.568200205100633       5.16944833925523        753.451075151204        28.933853204838         5.16944833925516        0.000522038674703847    -0.00218641734132982    -0.128627110923166      -0.0521362947167062     
0.94354734588682        97.1668278299513        0.568647740838145       5.1694055327953         753.442106082478        28.9336809902784        5.16940553279529        -0.00218641734132982    -0.00371753136341643    -0.0922116128436495     -0.049353686403665      
0.953336474208401       97.1668125045823        0.568807820053999       5.16933275079977        753.431379256138        28.9334750237724        5.16933275079974        -0.00371753136341643    -0.00516692346367498    -0.0521362947167062     -0.0655255660187374     
0.963125684531536       97.1672354119989        0.568713092909192       5.16923158978444        753.419914175589        28.9332548803773        5.16923158978451        -0.00516692346367498    -0.00709141716424336    -0.049353686403665      -0.107846726824146      
0.972915292018853       97.1680968396677        0.568380313520119       5.16909273309872        753.406354894438        28.9329945236391        5.16909273309873        -0.00709141716424336    -0.0102588576780031     -0.0655255660187374     -0.115472581891086      
0.982708766963219       97.1699022387984        0.567880213771931       5.16889186029969        753.391075122363        28.932701128315         5.1688918602997         -0.0102588576780031     -0.0136500542164406     -0.107846726824146      -0.107771772109525      
0.992493060694526       97.1740980779179        0.567286048777194       5.16862464084145        753.384656665605        28.9325778831024        5.16862464084149        -0.0136500542164406     -0.0168149983857579     -0.115472581891086      -0.0783487064270056     
1.0022838769455         97.182469029332         0.566651384379942       5.16829543321404        753.401566309143        28.932902575694         5.16829543321409        -0.0168149983857579     -0.0191162879514615     -0.107771772109525      -0.0942096970708391     
1.01207437759384        97.191408759074         0.565881946456156       5.16792104367228        753.416289885259        28.9331852892768        5.16792104367228        -0.0191162879514615     -0.0218847647825932     -0.0783487064270056     -0.140861013476283      
1.02187225060117        97.1965788879787        0.564846980777893       5.16749219710641        753.393844483601        28.9327543045671        5.16749219710633        -0.0218847647825932     -0.0260256576923696     -0.0942096970708391     -0.374052273261798      
1.03167733820342        97.2004413797682        0.563291322794153       5.16698202068738        753.349399518209        28.9319008769484        5.16698202068743        -0.0260256576923696     -0.0370224345382502     -0.140861013476283      -0.917059017924071      
1.04147494042511        97.2077643818782        0.560828719590513       5.16625647140537        753.30036271309         28.9309592480883        5.16625647140537        -0.0370224345382502     -0.0639763258144694     -0.374052273261798      -2.19600253249525       
1.05126976296932        97.2225082651899        0.556517178465989       5.16500315471603        753.231842848666        28.9296434446028        5.16500315471604        -0.0639763258144694     -0.128512331575794      -0.917059017924071      -4.92115141995038       
1.06106315547797        97.2478857295804        0.548184516166226       5.16248537523684        753.061181777493        28.9263659386975        5.16248537523691        -0.128512331575794      -0.273190826752278      -2.19600253249525       -10.1853528220969       
1.07086501689965        97.3021123785728        0.530534695519346       5.15712941159805        752.699378337235        28.9194163598944        5.15712941159812        -0.273190826752278      -0.572915259516875      -4.92115141995038       -7.86988488534921       
1.08067832235466        97.4266715459817        0.493320960770359       5.14588344114296        752.019443751212        28.9063515463915        5.14588344114291        -0.572915259516875      -0.804849402231738      -10.1853528220969       -10.8062626616137       
1.09050860694522        97.6062855963803        0.4405121214629         5.1300572738147         751.088753090619        28.8884589237567        5.13005727381478        -0.804849402231738      -1.12396270982878       -7.86988488534921       -9.64263848499346       
1.10036175991014        97.8601453398192        0.36579843006937        5.10790553169284        749.790566570292        28.8634826298308        5.10790553169291        -1.12396270982878       -1.40945228855176       -10.8062626616137       -6.44637508372588       
1.11024238835644        98.1826901290566        0.270908510742075       5.08004731360329        748.159066848688        28.8320629170737        5.08004731360325        -1.40945228855176       -1.60090879896144       -9.64263848499346       5.53379609489764        
1.12015853702289        98.5540710930768        0.162179585292644       5.04829652044234        746.295261261909        28.7961274646032        5.0482965204423         -1.60090879896144       -1.4359865661659        -6.44637508372588       10.4395492156247        
1.13011157245466        98.8914912011981        0.0638772706852893      5.01971415302669        744.610526994853        28.7636059977584        5.01971415302673        -1.4359865661659        -1.12384930319667       5.53379609489764        10.0520498110047        
1.14009803650015        99.1582931343208        -0.0132865231951546     4.99727660931501        743.282128349613        28.7379371476028        4.99727660931503        -1.12384930319667       -0.822509857520119      10.4395492156247        8.75454784270951        
1.15010188144527        99.3553808380717        -0.069441447121059      4.98081970017705        742.306857295291        28.7190772309064        4.98081970017702        -0.822509857520119      -0.559573721864647      10.0520498110047        12.2847279153175        
1.16012404825646        99.4901468659067        -0.107341259324721      4.9696063580559         741.640299643089        28.7061801252136        4.96960635805587        -0.559573721864647      -0.190170414383651      8.75454784270951        7.56848236051724        
1.17015402805488        99.5361944636665        -0.119879969570637      4.96579208734731        741.414070308506        28.701801536731         4.96579208734731        -0.190170414383651      0.0375460520934468      12.2847279153175        9.13780354982508        
1.18018614045651        99.5275627459914        -0.117234049409625      4.96654531349608        741.462225479685        28.7027336189369        4.96654531349601        0.0375460520934468      0.312464109731681       7.56848236051724        2.71338020641646        
1.19021472409477        99.452894099576         -0.0961539362835686     4.97281170184352        741.840773340864        28.7100596644154        4.97281170184352        0.312464109731681       0.394060351537143       9.13780354982508        -3.12267558852449       
1.20023493637006        99.3591304829099        -0.0697010971302716     4.98070924562206        742.318409749798        28.7193007062381        4.98070924562206        0.394060351537143       0.300213849804163       2.71338020641646        -6.62603258993681       
1.21024884313437        99.2882522844213        -0.0494209129614653     4.98672217974807        742.684394782719        28.7263795681236        4.98672217974814        0.300213849804163       0.101185001364267       -3.12267558852449       -5.53566673837761       
1.22025849041924        99.2650197400901        -0.0421124304451937     4.98874793879921        742.812243934856        28.7288520081363        4.98874793879926        0.101185001364267       -0.0650527946324165     -6.62603258993681       -2.49611209129177       
1.23026598728756        99.2813120784938        -0.0455392279873341     4.98744567719327        742.740226127939        28.7274593015103        4.98744567719327        -0.0650527946324165     -0.140010983205361      -5.53566673837761       1.33025778407936        
1.24027841503008        99.3159185260861        -0.0539344152387796     4.98464246061141        742.581516749627        28.7243898832726        4.98464246061141        -0.140010983205361      -0.100055482142992      -2.49611209129177       3.96651011508714        
1.250288872429          99.3407022507252        -0.0600713806686835     4.98263875491117        742.468249461832        28.7221991084293        4.98263875491117        -0.100055482142992      0.019105038747713       1.33025778407936        4.08214615261042        
1.26030742224525        99.3372341970179        -0.0589436901258639     4.98302143285942        742.499350627074        28.7228006725411        4.98302143285943        0.019105038747713       0.141730157556923       3.96651011508714        2.64641566668021        
1.27032028627019        99.3042982565813        -0.0502579528188678     4.98585956102735        742.675927370531        28.7262158116266        4.98585956102743        0.141730157556923       0.221194037248889       4.08214615261042        -0.0604330686234312     
1.28032575105473        99.2534061873631        -0.0363999015572435     4.99028593609575        742.954315509595        28.7315992421352        4.99028593609577        0.221194037248889       0.219380391702283       2.64641566668021        -2.83638771520977       
1.29032451072111        99.2043514562994        -0.0220946448365133     4.99467390569055        743.2400783246          28.7371242341602        4.99467390569052        0.219380391702283       0.134289420841794       -0.0604330686234312     -4.22251557213387       
1.30032482462607        99.1771382930202        -0.0124198726124211     4.99735937918184        743.435703373559        28.7409058732509        4.99735937918176        0.134289420841794       0.00763629709334918     -2.83638771520977       -3.13414022037132       
1.31032074689807        99.1832538565851        -0.0102742162315613     4.9975120682535         743.504262175401        28.742231069657         4.99751206825345        0.00763629709334918     -0.0863748577489384     -4.22251557213387       -0.321034981446069      
1.32031893188989        99.2153860872           -0.0142316920374496     4.9957847682468         743.488071885239        28.7419181275409        4.99578476824686        -0.0863748577489384     -0.0960072356351988     -3.13414022037132       2.06320372972661        
1.3303220746858         99.2459532543981        -0.0196975259851012     4.99386394338349        743.431181225793        28.7408184609701        4.99386394338352        -0.0960072356351988     -0.0340731293408753     -0.321034981446069      2.79562571489001        
1.34033177283911        99.2568126700267        -0.0225848114749433     4.99318187595265        743.410977133207        28.7404279163459        4.99318187595262        -0.0340731293408753     0.0498674600338931      2.06320372972661        2.23346793917092        
1.35034473643919        99.2458985254367        -0.0212539544185235     4.99418018604535        743.477849943005        28.7417205458663        4.99418018604532        0.0498674600338931      0.116911652571951       2.79562571489001        0.633905642565705       
1.36034764892278        99.2188271136779        -0.0157650315752423     4.99651919627925        743.623161458705        28.7445291695018        4.99651919627927        0.116911652571951       0.135930578937377       2.23346793917092        -1.31337170240376       
1.37034215556594        99.1852425938016        -0.00787511804883243    4.99923710561402        743.775817656392        28.7474794577502        4.99923710561395        0.135930578937377       0.0965373377406966      0.633905642565705       -2.49813864807169       
1.38033989740321        99.1593043915663        -0.000533900686600156   5.00116739554097        743.868420131436        28.7492689787533        5.00116739554102        0.0965373377406966      0.0216179014311588      -1.31337170240376       -2.23618186314507       
1.39034044281508        99.1523855758338        0.00359069419085861     5.0015996234113         743.880801534633        28.7495082380094        5.00159962341125        0.0216179014311588      -0.0454367570687385     -2.49813864807169       -0.916207952695287      
1.40032956843067        99.1616783593553        0.00358887941990618     5.0006914751282         743.815439446549        28.7482451531403        5.00069147512815        -0.0454367570687385     -0.0729081498465045     -2.23618186314507       0.75873105823905        
1.41032493991435        99.177619706037         0.000308705281310876    4.99923411696754        743.718210111078        28.7463661493081        4.99923411696748        -0.0729081498465045     -0.0501577999868072     -0.916207952695287      1.8191338815104         
1.42032299324385        99.1875652195091        -0.00411759275115686    4.99823133782139        743.64359520353         28.7449240969124        4.99823133782147        -0.0501577999868072     0.00437938218198482     0.75873105823905        1.66884183914133        
1.43031648837656        99.1835598922236        -0.00730863326506114    4.99831885118793        743.626585705842        28.7445953510461        4.99831885118791        0.00437938218198482     0.0543795646141786      1.8191338815104         0.711218477330301       
1.44029752346967        99.1657918851562        -0.00776709196337309    4.99940455186662        743.654867010162        28.7451419472377        4.9994045518666         0.0543795646141786      0.0756738761330409      1.66884183914133        -0.541349729524645      
1.45027242417724        99.1422139637391        -0.00512517107966008    5.00091449843979        743.702602828024        28.7460645195907        5.00091449843982        0.0756738761330409      0.0594759231922512      0.711218477330301       -1.59180590910342       
1.46024826750058        99.1074667459352        -0.000436938579076554   5.00210065369984        743.618286294565        28.7444349453472        5.0021006536999         0.0594759231922512      0.0118853700488712      -0.541349729524645      -1.74354633956493       
1.47020858551604        99.0230812805096        0.00403079008607419     5.00233743209853        743.020299196843        28.7328750774912        5.00233743209847        0.0118853700488712      -0.0401787532209121     -1.59180590910342       -0.861339881099675      
1.48015577911501        98.8517837562812        0.00624643235585121     5.00153815741942        741.61645257902         28.7057186052423        5.00153815741949        -0.0401787532209121     -0.0658532603676392     -1.74354633956493       0.54573349385904        
1.49008701123989        98.5682526648424        0.00541874836317107     5.00023071456329        739.296006683369        28.6607747178259        5.00023071456327        -0.0658532603676392     -0.0496166040348398     -0.861339881099675      0.54573349385904        
1.49998511725648        98.2677053408883        0.00205054868875443     4.99924767194697        736.89689572951         28.6142329722176        4.99924767194693        -0.0496166040348398     -0.0496166040348398     0.54573349385904        0.54573349385904        
