# xp[i]                    V[i]                   up[i]                    p[i]                    e[i]                   cs[i]                  dd1[i]             dd2_left[i]            dd2_right[i]             dd3_left[i]            dd3_right[i]
-1.50021361790635       97.1684373826436        0.00338336355161179     5.08835776342048        741.641659073118        28.7062064344807        5.08837048240158        0.00140415842796931     0.00140415842796931     0.0289236363996278      0.0289236363996278      
-1.49044012918097       97.4896988630386        0.0102281276090724      5.08837048240158        744.095559049357        28.7536579131799        5.08837048240158        0.00140415842796931     0.00140415842796931     0.0289236363996278      0.0289236363996278      
-1.48062519023049       97.7971819915731        0.0171015584905167      5.08839803598149        746.446483155667        28.7990447981192        5.08839803598149        0.00140415842796931     0.00225661845572784     0.0289236363996278      0.0328173893665737      
-1.47078287152743       97.9813686984673        0.0239735152310729      5.08844244300139        747.858832662973        28.8262772226039        5.08844244300139        0.00225661845572784     0.00322617972850901     0.0289236363996278      0.0265394485580318      
-1.46092531173241       98.0627163083129        0.030861804057452       5.08850604875703        748.489087638592        28.8384212782298        5.08850604875703        0.00322617972850901     0.0040114265803902      0.0328173893665737      0.0214185764239276      
-1.45105174432262       98.0820198376302        0.0377566695485898      5.08858522618306        748.648075649938        28.8414839279569        5.08858522618306        0.0040114265803902      0.00464561983309592     0.0265394485580318      0.032683891397168       
-1.44118049468494       98.0867823603749        0.0446254113164228      5.08867694898693        748.697922596307        28.8424440826807        5.08867694898693        0.00464561983309592     0.00561382692001832     0.0214185764239276      0.0261195345355427      
-1.43130869659772       98.0908119375198        0.051449411933823       5.08878782747974        748.744994662883        28.8433507581688        5.08878782747974        0.00561382692001832     0.0063880521046488      0.032683891397168       0.0314585414640745      
-1.42142161462165       98.0923467021271        0.0582789647831147      5.08891411985154        748.77529227274         28.843934318496         5.08891411985154        0.0063880521046488      0.00732119257464198     0.0261195345355427      0.024434532631281       
-1.41152739454298       98.0923998055295        0.0650990590582108      5.0890589557886         748.797008587688        28.8443525877864        5.0890589557886         0.00732119257464198     0.00804622525942853     0.0314585414640745      0.0376278044452649      
-1.40163670240503       98.091943261526         0.0719127870539682      5.08921812467722        748.816943297051        28.8447365369423        5.08921812467722        0.00804622525942853     0.00916272927905754     0.024434532631281       0.0304188236399984      
-1.39174868941462       98.0915284615904        0.0786997113607965      5.08939936215806        748.840443578291        28.845189153639         5.08939936215807        0.00916272927905754     0.0100654063966347      0.0376278044452649      0.0278806725398529      
-1.38185569222846       98.0909721175302        0.0854637535984029      5.08959851225261        748.865498632191        28.8456717075195        5.08959851225261        0.0100654063966347      0.0108928577178412      0.0304188236399984      0.0312366504896239      
-1.37195850162927       98.0910095060694        0.0922054747900044      5.08981405802676        748.897498725043        28.8462880093213        5.08981405802676        0.0108928577178412      0.0118199092341513      0.0278806725398529      0.0343769287828523      
-1.36207026455492       98.0892850261797        0.0989048945723387      5.09004789404216        748.918738013411        28.8466970574798        5.09004789404217        0.0118199092341513      0.0128402101560509      0.0312366504896239      0.0272824980808071      
-1.35217746381203       98.0857365506445        0.105573419058841       5.09030196459268        748.929026193398        28.8468951957938        5.09030196459269        0.0128402101560509      0.0136501127958885      0.0343769287828523      0.0273005588775315      
-1.34227709798871       98.0818818780472        0.112222652731275       5.09057217234152        748.939347748912        28.8470939755138        5.09057217234152        0.0136501127958885      0.01446068436151        0.0272824980808071      0.0336122902257631      
-1.33238007858233       98.0760662282375        0.118854138170985       5.09085840821288        748.937049603699        28.8470497163478        5.09085840821288        0.01446068436151        0.0154584205515188      0.0273005588775315      0.0236440798770035      
-1.32248633314142       98.0649639298061        0.125449275741999       5.09116425274104        748.897258208652        28.846283377175         5.09116425274104        0.0154584205515188      0.0161599062808445      0.0336122902257631      0.0248671261265483      
-1.31260088514853       98.0500805049694        0.13201649695982        5.09148378538755        748.830592570493        28.8449994235568        5.09148378538755        0.0161599062808445      0.0168974537561334      0.0236440798770035      0.0314887592708085      
-1.30271917761011       98.0384099486135        0.138558397448568       5.09181784705817        748.790588210334        28.8442289280876        5.09181784705817        0.0168974537561334      0.0178312970537029      0.0248671261265483      0.0365767639976137      
-1.29282815787334       98.0296047011859        0.14508801119775        5.09217042215738        748.775180332739        28.8439321624485        5.09217042215738        0.0178312970537029      0.0189160190671024      0.0314887592708085      0.0265993887266244      
-1.28294625678797       98.0219385749227        0.151578022644938       5.09254438575163        748.771609455321        28.8438633846154        5.09254438575164        0.0189160190671024      0.0197048205587448      0.0365767639976137      0.0287448665375046      
-1.27306172393573       98.0155355840282        0.158030754165287       5.09293391877228        748.779968613793        28.8440243881504        5.09293391877227        0.0197048205587448      0.0205571975313717      0.0265993887266244      0.0298914068994307      
-1.26317586576751       98.0098723977027        0.164434896738726       5.09334033400137        748.796454320321        28.8443419123389        5.09334033400138        0.0205571975313717      0.0214436017058063      0.0287448665375046      0.0440083256297683      
-1.2532921700303        98.0040211499282        0.170801130634619       5.09376425152341        748.814069158573        28.8446811803912        5.09376425152342        0.0214436017058063      0.0227486294804223      0.0298914068994307      0.0220295949671707      
-1.24340751667988       97.9979763106018        0.177110071751757       5.0942139767795         748.833990926361        28.8450648759187        5.09421397677949        0.0227486294804223      0.0234018925854241      0.0440083256297683      0.0286180207539425      
-1.23352185095671       97.9916624264614        0.183378405087897       5.0946766254511         748.853748079781        28.8454453959138        5.0946766254511         0.0234018925854241      0.0242505324036052      0.0220295949671707      0.032937600698497       
-1.2236384121857        97.9853257507717        0.189611992270753       5.09515603123078        748.875785206736        28.8458698219565        5.09515603123078        0.0242505324036052      0.0252272326242645      0.0286180207539425      0.0370850546676083      
-1.21375320248989       97.9788469223116        0.195820165405284       5.09565473564583        748.899562969193        28.8463277649223        5.09565473564583        0.0252272326242645      0.0263268030216419      0.032937600698497       0.0300800745564347      
-1.20387007120259       97.9719275398502        0.201998826277668       5.09617510165227        748.923146684198        28.8467819634896        5.09617510165228        0.0263268030216419      0.0272185879280816      0.0370850546676083      0.029983162455976       
-1.19399027140671       97.9649953364451        0.208141977602817       5.09671301881197        748.94920067867         28.8472837288341        5.09671301881198        0.0272185879280816      0.0281073615081737      0.0300800745564347      0.0301174145078182      
-1.18410728103066       97.9581013530522        0.214254975117487       5.09726844718298        748.978108759297        28.847840449875         5.09726844718297        0.0281073615081737      0.0290000037743921      0.029983162455976       0.0341090949508325      
-1.17423114694903       97.9512245811304        0.220327115382596       5.09784141030641        749.009713289864        28.8484490877155        5.09784141030641        0.0290000037743921      0.0300107684387742      0.0301174145078182      0.0363104011235765      
-1.16435171246286       97.9441417570403        0.226362093015247       5.09843423482299        749.042648151675        28.8490833313195        5.09843423482298        0.0300107684387742      0.0310866130377268      0.0341090949508325      0.0270758033973165      
-1.15447926219875       97.9370319034408        0.232347117740263       5.09904823641126        749.07847470989         28.8497732459776        5.09904823641127        0.0310866130377268      0.0318887978095109      0.0363104011235765      0.028617495044316       
-1.14460096065722       97.9298245456236        0.238315261973152       5.09967808560667        749.115870243935        28.8504933569203        5.09967808560667        0.0318887978095109      0.032736599208198       0.0270758033973165      0.0300423841033849      
-1.13472716418501       97.9226660355303        0.244256128844841       5.10032463041028        749.156078184683        28.8512676052098        5.10032463041029        0.032736599208198       0.0336265329379948      0.028617495044316       0.0320392481596862      
-1.12485324383028       97.9154458391092        0.250185952587535       5.10098863868427        749.198365165502        28.8520818652947        5.10098863868428        0.0336265329379948      0.0345755010596352      0.0300423841033849      0.0367369143954272      
-1.11498176554768       97.9079883153418        0.256082487285387       5.10167133429092        749.241566079705        28.8529136999619        5.10167133429095        0.0345755010596352      0.0356636273106655      0.0320392481596862      0.0403249518890913      
-1.10510850721321       97.9002114569674        0.261941835718675       5.10237557412746        749.285471459915        28.8537590745684        5.10237557412748        0.0356636273106655      0.0368580705928935      0.0367369143954272      0.0247975780571212      
-1.09523305241552       97.892442861721         0.267762270565158       5.10310345037235        749.33289439954         28.8546721500761        5.10310345037233        0.0368580705928935      0.03759256139389        0.0403249518890913      0.0306925235584978      
-1.0853610539348        97.8847821189602        0.273554784026433       5.10384571927871        749.383239300576        28.8556414530557        5.10384571927873        0.03759256139389        0.0385014937611003      0.0247975780571212      0.0276982061180448      
-1.07549030450111       97.8791721518475        0.279305855715564       5.10460575427615        749.451878085159        28.856962920299         5.10460575427615        0.0385014937611003      0.0393215343962912      0.0306925235584978      0.0350856982506917      
-1.06562299613628       97.8768072787417        0.285013263117239       5.10538176076389        749.547700024036        28.8588076296386        5.10538176076389        0.0393215343962912      0.0403601098631245      0.0276982061180448      0.0243514498017504      
-1.05575856542352       97.870885554525         0.290678787841493       5.10617814955639        749.619265944375        28.8601852990196        5.10617814955641        0.0403601098631245      0.041080883069746       0.0350856982506917      0.0365404051256802      
-1.04589058136407       97.8610696639359        0.296328295718938       5.10698879494581        749.663079352699        28.8610286902348        5.10698879494582        0.041080883069746       0.0421625213150239      0.0243514498017504      0.0376652937777481      
-1.03602515916996       97.8525953514054        0.301931539710599       5.10782087015221        749.720293101702        28.8621299957363        5.10782087015223        0.0421625213150239      0.043277548149921       0.0365404051256802      0.0218294050995755      
-1.02615408968653       97.8449108171102        0.307480062149231       5.10867503298405        749.786779493882        28.8634097372412        5.10867503298406        0.043277548149921       0.0439237397421433      0.0376652937777481      0.0185388930530241      
-1.01628793441265       97.8346808137748        0.312982846651429       5.10954180832108        749.835587882595        28.8643491733814        5.10954180832108        0.0439237397421433      0.0444723453184314      0.0218294050995755      0.014321598363749       
-1.00642403127963       97.8195922461657        0.318449929796173       5.11041895999058        749.848648310029        28.8646005478843        5.11041895999057        0.0444723453184314      0.0448959203016082      0.0185388930530241      0.0149796510772129      
-0.996570931360949      97.8046775993513        0.323897770140141       5.11130390025216        749.864145114704        28.8648988125852        5.11130390025217        0.0448959203016082      0.0453387927579866      0.014321598363749       0.0223633739712469      
-0.986719177928362      97.7931707022017        0.329323933204845       5.11219736629456        749.906984558084        28.8657233209618        5.11219736629456        0.0453387927579866      0.0459999062646518      0.0149796510772129      0.0360970780814538      
-0.976862911627882      97.7831855427869        0.334726295462901       5.11310402013451        749.963398650573        28.866809057589         5.11310402013451        0.0459999062646518      0.0470670631110951      0.0223633739712469      0.0317491360215362      
-0.967007385162615      97.7731681309399        0.340100541342027       5.1140316890961         750.022620247422        28.8679487830635        5.1140316890961         0.0470670631110951      0.0480056202806442      0.0360970780814538      0.0291242835317572      
-0.957155675447843      97.7631585106314        0.345456889844489       5.11497767650949        750.084560050407        28.8691407725429        5.11497767650949        0.0480056202806442      0.0488664915791195      0.0317491360215362      0.0111920501877151      
-0.947303093781669      97.7530248713327        0.350762804844225       5.11594058690794        750.148001148408        28.8703616024079        5.11594058690794        0.0488664915791195      0.0491972914636885      0.0291242835317572      0.013345640660058       
-0.937450123096006      97.7427426826488        0.356017241285516       5.11690999679529        750.211225720554        28.8715782141952        5.11690999679531        0.0491972914636885      0.0495917157422173      0.0111920501877151      0.00745251406416895     
-0.927599570611913      97.7326593399089        0.361235425537824       5.11788704109556        750.277066091289        28.8728451065335        5.11788704109554        0.0495917157422173      0.0498119593443865      0.013345640660058       0.0235708437795996      
-0.917750117446346      97.7219371137293        0.366469389636113       5.11886839473331        750.338603045378        28.8740291428008        5.11886839473329        0.0498119593443865      0.0505084704405987      0.00745251406416895     0.0148947535696985      
-0.907897245950817      97.7111159389332        0.371685929768844       5.1198633957353         750.401348778287        28.875236387263         5.11986339573529        0.0505084704405987      0.0509485607084458      0.0235708437795996      0.0403105829282395      
-0.898053070346177      97.700198248323         0.376849508436923       5.12086685315935        750.464560135402        28.8764525394232        5.12086685315933        0.0509485607084458      0.0521393630133138      0.0148947535696985      0.0313820386240915      
-0.88820329122129       97.6894746875866        0.381933923166779       5.12189359000736        750.532641320305        28.8777623271361        5.12189359000735        0.0521393630133138      0.0530662766906843      0.0403105829282395      0.0292361237941174      
-0.878362698582846      97.678511880838         0.386974720320714       5.12293843643964        750.601504392856        28.8790870968529        5.12293843643966        0.0530662766906843      0.0539297395128041      0.0313820386240915      0.0144366116492246      
-0.868514739213583      97.6675873913145        0.391988492279418       5.12400025485216        750.673114025837        28.8804646397264        5.12400025485217        0.0539297395128041      0.0543560489655152      0.0292361237941174      0.00745920829602307     
-0.858673407415377      97.656375522023         0.396955139939461       5.12507027913889        750.74368163452         28.8818220730718        5.12507027913888        0.0543560489655152      0.0545762819196423      0.0144366116492246      -0.002648944287489      
-0.84883309349076       97.6449573983736        0.401917083607579       5.12614435846002        750.813221249612        28.8831596695993        5.12614435846           0.0545762819196423      0.0544980855990416      0.00745920829602307     -0.00450887079663741    
-0.838994390104896      97.633687007715         0.406885604119514       5.12721682534967        750.883624120319        28.8845138077736        5.12721682534968        0.0544980855990416      0.0543649995063333      -0.002648944287489      0.0178253854790277      
-0.829154145181572      97.6226020650704        0.411848207284101       5.12828656506893        750.955017926056        28.885886940897         5.12828656506894        0.0543649995063333      0.0548910698270533      -0.00450887079663741    0.023996567242996       
-0.819319352247268      97.6114407616721        0.416758618609465       5.12936643429105        751.027271768565        28.8872765488461        5.12936643429104        0.0548910698270533      0.0555992181275596      0.0178253854790277      0.0302608078357636      
-0.809483284863144      97.6002434224494        0.421611064097432       5.13046023110279        751.101251137242        28.8886992733845        5.13046023110279        0.0555992181275596      0.0564922033081732      0.023996567242996       0.00391324139792312     
-0.799644450211749      97.5892503864255        0.426384268958259       5.13157166988414        751.179348852316        28.8902011233397        5.13157166988416        0.0564922033081732      0.0566076701977616      0.0302608078357636      -0.0104894580547072     
-0.78980979132279       97.5792537283927        0.431129097437941       5.13268510096156        751.265372662004        28.8918553048741        5.13268510096155        0.0566076701977616      0.0562982737613874      0.00391324139792312     -0.0353265091057311     
-0.77997942042125       97.5718145903278        0.43585677547265        5.13379187966275        751.370084141676        28.8938687102698        5.13379187966275        0.0562982737613874      0.055256718320884       -0.0104894580547072     -0.0200393395054638     
-0.770156432563905      97.5676032937722        0.440614969344969       5.1348777384802         751.496571225087        28.8963006326086        5.13487773848021        0.055256718320884       0.0546659961242668      -0.0353265091057311     -0.00102477348874662    
-0.760330451772333      97.5590217547979        0.445393462205219       5.13595200444426        751.587679999763        28.8980522219398        5.13595200444426        0.0546659961242668      0.0546357836953941      -0.0200393395054638     0.0332126873704284      
-0.750502505804133      97.5443911608738        0.450150515256297       5.1370260112511         751.632111967591        28.8989063992931        5.13702601125112        0.0546357836953941      0.055615279759483       -0.00102477348874662    0.0236146569117851      
-0.740669236175903      97.5302652418844        0.454800983937366       5.13811966681293        751.683260923211        28.8998896753606        5.13811966681291        0.055615279759483       0.0563118888244338      0.0332126873704284      0.0243435808039354      
-0.730834401597696      97.5178237468336        0.459342536880945       5.13922723184501        751.749383084985        28.9011607434139        5.13922723184501        0.0563118888244338      0.0570298639334744      0.0236146569117851      -0.0133588606398392     
-0.72100053051068       97.5064418009254        0.463774469349383       5.14034840211547        751.825623461028        28.9026262447825        5.1403484021155         0.0570298639334744      0.0566360105337962      0.0243435808039354      -0.0315106100753694     
-0.711184399724344      97.4950677692894        0.468165153851967       5.14146119813836        751.900661918507        28.9040685701763        5.14146119813837        0.0566360105337962      0.0557073575637568      -0.0133588606398392     -0.065263705927277      
-0.701354119646312      97.482293946461         0.472573037331061       5.14255563151645        751.962179561272        28.9052509562857        5.14255563151642        0.0557073575637568      0.0537845696101951      -0.0315106100753694     -0.0414319852912406     
-0.69153857251062       97.4682430081863        0.477021088069935       5.1436118862759         752.008219907002        28.906135832822         5.14361188627586        0.0537845696101951      0.0525643345423494      -0.065263705927277      0.012386735619488       
-0.6817227055584        97.4551052374332        0.481465580821922       5.14464365106677        752.057682635706        28.9070864559714        5.14464365106674        0.0525643345423494      0.0529290517708878      -0.0414319852912406     0.0425552798739623      
-0.671912767807184      97.443226703501         0.485798195191496       5.14568256733719        752.117869429937        28.9082431425505        5.1456825673372         0.0529290517708878      0.0541820464400647      0.012386735619488       0.0544181921603568      
-0.662091571559764      97.4321888613127        0.489966009413394       5.14674621657292        752.188124091568        28.9095932576708        5.14674621657291        0.0541820464400647      0.0557842951357626      0.0425552798739623      0.0157993786869316      
-0.65228184709966       97.420961585586         0.493914612121583       5.14784113330009        752.261449943892        28.9110023259868        5.14784113330014        0.0557842951357626      0.0562494670781272      0.0544181921603568      -0.0422246027892867     
-0.642467116733359      97.4099771389525        0.497724470197507       5.14894513931824        752.337942466065        28.9124721735191        5.1489451393182         0.0562494670781272      0.0550063546600245      0.0157993786869316      -0.113135650532631      
-0.632652382719044      97.3990825794037        0.501488877265941       5.15002481773832        752.411538763309        28.913886297904         5.15002481773835        0.0550063546600245      0.0516758457809173      -0.0422246027892867     -0.119795225427627      
-0.622840083321064      97.389194323326         0.505317797197695       5.15103887656484        752.48328917517         28.9152648877365        5.15103887656484        0.0516758457809173      0.0481497205093437      -0.113135650532631      -0.0917959202628315     
-0.613032498691943      97.3796125914256        0.509206559545887       5.15198362653462        752.547254443964        28.9164938408661        5.15198362653462        0.0481497205093437      0.0454478721103813      -0.119795225427627      -0.0208825400261896     
-0.603217788586326      97.3706687666756        0.513102506699466       5.15287546220978        752.608394740139        28.9176684694888        5.1528754622098         0.0454478721103813      0.0448332308242603      -0.0917959202628315     0.0388919755136476      
-0.593408261795517      97.3618752382715        0.516845994442137       5.15375518503513        752.668904000978        28.9188309276725        5.15375518503509        0.0448332308242603      0.0459777847589737      -0.0208825400261896     0.0713878213018576      
-0.583597794847476      97.3530701467408        0.520310353578304       5.15465712814209        752.732545467622        28.9200535090104        5.15465712814212        0.0459777847589737      0.0480781328421024      0.0388919755136476      0.0033890565017012      
-0.573794390233759      97.3438014527352        0.523414754724846       5.15560002020425        752.798557104719        28.9213215677891        5.15560002020429        0.0480781328421024      0.0481778380926931      0.0713878213018576      -0.0671798475932265     
-0.563988343604005      97.3346259072559        0.526277898163708       5.15654492398228        752.865556724662        28.9226085484976        5.15654492398231        0.0481778380926931      0.0462015853061867      0.0033890565017012      -0.205824299902115      
-0.554178180242394      97.3260568790246        0.529022040331628       5.15745105811219        752.93156254892         28.9238763836101        5.15745105811216        0.0462015853061867      0.0401471114912382      -0.0671798475932265     -0.211851441860284      
-0.544379313862088      97.3186552117964        0.531886783749559       5.15823824796677        752.989214331268        28.9249837094215        5.15823824796679        0.0401471114912382      0.0339155401052705      -0.205824299902115      -0.182420846376014      
-0.534571942663932      97.3124579723628        0.534865609261419       5.15890334195395        753.038346971064        28.9259273734187        5.15890334195392        0.0339155401052705      0.0285494043070874      -0.211851441860284      -0.0508559824022554     
-0.524764947253637      97.3074427159256        0.537874203595852       5.1594632849437         753.08126706687         28.9267516912569        5.15946328494372        0.0285494043070874      0.0270534325098262      -0.182420846376014      0.0595366136161878      
-0.514960062463374      97.3030458983622        0.540643121737452       5.15999376660358        753.124665460636        28.9275851713404        5.15999376660356        0.0270534325098262      0.0288044467148303      -0.0508559824022554     0.0929418366959325      
-0.505159500067297      97.29829050892          0.54293605281886        5.16055847121519        753.170275980846        28.928461110141         5.16055847121521        0.0288044467148303      0.0315373733760576      0.0595366136161878      0.00677118672164689     
-0.4953559655653        97.2940599309589        0.544671684550615       5.16117666600828        753.227747785314        28.9295648042182        5.16117666600832        0.0315373733760576      0.0317364294948345      0.0929418366959325      -0.138350034510715      
-0.485559647686515      97.2914097470368        0.546005094968744       5.16179855641132        753.297987575215        28.930913638744         5.16179855641134        0.0317364294948345      0.0276706053075815      0.00677118672164689     -0.274639125563626      
-0.475764868433582      97.2924082670814        0.547208955956999       5.16234056894505        753.384819371279        28.9325810073326        5.16234056894504        0.0276706053075815      0.0196010045688087      -0.138350034510715      -0.343524374644956      
-0.465974692998743      97.2953381922054        0.548521958322809       5.16272449405662        753.463538463631        28.9340925104631        5.16272449405661        0.0196010045688087      0.0095051520356018      -0.274639125563626      -0.241933519753702      
-0.456175799134862      97.2934565620627        0.550066356646264       5.16291076239022        753.476150991629        28.9343346791322        5.1629107623902         0.0095051520356018      0.00239160133996091     -0.343524374644956      -0.0895048128729516     
-0.446370631478835      97.2884872456807        0.551643385518842       5.1629576578187         753.444510364027        28.9337271548472        5.16295765781871        0.00239160133996091     -0.000241144355691238   -0.241933519753702      0.102207251057944       
-0.436563100129803      97.286056946471         0.552950924116214       5.1629529283653         753.424998901345        28.9333525134603        5.16295292836527        -0.000241144355691238   0.00276552687839803     -0.0895048128729516     0.1707092685015         
-0.426758249499717      97.2850633289975        0.55360842352159        5.16300716324299        753.425218266243        28.9333567255328        5.16300716324298        0.00276552687839803     0.00778715207443245     0.102207251057944       0.124981331122725       
-0.416953388025088      97.2840195522306        0.553491193086974       5.16315986969435        753.439418571956        28.9336293873478        5.16315986969431        0.00778715207443245     0.0114632357104931      0.1707092685015         -0.156808206986942      
-0.407147859089713      97.2827743240427        0.552714840515059       5.16338464318044        753.462574486125        28.9340740013901        5.16338464318048        0.0114632357104931      0.00685174780878219     0.124981331122725       -0.34794830757053       
-0.397347366621333      97.2825809767163        0.551836096815706       5.16351895980791        753.480676998485        28.9344215808877        5.16351895980791        0.00685174780878219     -0.00337867134163505    -0.156808206986942      -0.486550536633019      
-0.387547350662876      97.2841803775608        0.551216791537203       5.1634527408468         753.483401717327        28.9344738968228        5.16345274084679        -0.00337867134163505    -0.0176823605928308     -0.34794830757053       -0.3457196400402        
-0.377749649224233      97.2891596382058        0.551125495213811       5.16310620365603        753.471395514753        28.9342433711483        5.16310620365606        -0.0176823605928308     -0.0278468803686474     -0.486550536633019      -0.115121520461584      
-0.36794926171886       97.2962851937384        0.551307459879577       5.16256034383201        753.446915315045        28.9337733321967        5.16256034383204        -0.0278468803686474     -0.0312322130750494     -0.3457196400402        0.202361038822495       
-0.358143359308193      97.3045398338863        0.551320255434207       5.16194795642489        753.42145581959         28.9332844819017        5.16194795642489        -0.0312322130750494     -0.0252805925385828     -0.115121520461584      0.273197511642831       
-0.348340437055746      97.3116945367608        0.55049330681836        5.16145226072658        753.404498642848        28.9329588808881        5.16145226072663        -0.0252805925385828     -0.0172452838019473     0.202361038822495       0.0592697836715598      
-0.338536671320033      97.3173488428189        0.54849174677483        5.16111412082764        753.398914971273        28.9328516659461        5.16111412082768        -0.0172452838019473     -0.0155019474756741     0.273197511642831       -0.574308980806464      
-0.328731777493178      97.3230167984954        0.54521460288564        5.16081012403075        753.398415592334        28.9328420770955        5.16081012403074        -0.0155019474756741     -0.0323958619777818     0.0592697836715598      -1.65790044386303       
-0.318924865529562      97.3330207290995        0.540644750207611       5.16017478472698        753.383098931411        28.9325479718951        5.16017478472695        -0.0323958619777818     -0.0811701145895145     -0.574308980806464      -3.52954849346256       
-0.309120098245641      97.3548961185168        0.534031816089777       5.15858276391362        753.319933649372        28.9313350625114        5.15858276391365        -0.0811701145895145     -0.185028972038801      -1.65790044386303       -6.76840211704068       
-0.299309772180939      97.4017406959514        0.522618451899854       5.15495255159903        753.152027596172        28.9281106575934        5.15495255159899        -0.185028972038801      -0.384303288322972      -3.52954849346256       -11.6226067749011       
-0.289495798166837      97.4959314118096        0.499558589973848       5.14740702219946        752.776862977538        28.92090483788          5.14740702219942        -0.384303288322972      -0.726855846496672      -6.76840211704068       -7.26743180604521       
-0.279665454848197      97.6721327624946        0.454540193614848       5.13311645168515        752.043647331506        28.9068167149301        5.13311645168515        -0.726855846496672      -0.941421996742102      -11.6226067749011       -10.0468186594048       
-0.269818507004166      97.9056387622517        0.393985123972764       5.11456838185626        751.11762662828         28.8890141870243        5.1145683818563         -0.941421996742102      -1.23878016149233       -7.26743180604521       -7.94655683415309       
-0.259938377102908      98.2203289830569        0.31060964436365        5.09009181946979        749.925739593434        28.8660842819126        5.09009181946983        -1.23878016149233       -1.47469941756573       -10.0468186594048       -1.06310301559201       
-0.250028383639317      98.6089606064817        0.207853284431886       5.06085634990409        748.568676664134        28.8399544741537        5.06085634990407        -1.47469941756573       -1.50637507213181       -7.94655683415309       11.3211006359909        
-0.24007910586229       99.0330851462011        0.100848214149527       5.03087887009847        747.335183254028        28.8161834016549        5.03087887009843        -1.50637507213181       -1.16774414429027       -1.06310301559201       9.01775040120543        
-0.230086837194845      99.4143051231004        0.0165090420646022      5.00754518290734        746.732437096893        28.8045605397034        5.00754518290738        -1.16774414429027       -0.896940981189177      11.3211006359909        8.30616227481284        
-0.220056954256745      99.7791050823689        -0.0463402238961206     4.98955322856773        746.779733860999        28.8054727412267        4.9895532285677         -0.896940981189177      -0.646573261234879      9.01775040120543        10.1058102619598        
-0.20999050895163       100.146355072283        -0.0885690418298657     4.9765368484093         747.573039376648        28.8207687339963        4.9765368484093         -0.646573261234879      -0.340897779147992      8.30616227481284        9.68122548047925        
-0.199890621054476      100.521042781677        -0.107455008723826      4.969650940134          749.331742144817        28.8546499650464        4.969650940134          -0.340897779147992      -0.0470298956360928     10.1058102619598        9.380743287953          
-0.18975817313054       100.927807488724        -0.106226473825206      4.96869758569212        752.219630097633        28.9101987021426        4.96869758569209        -0.0470298956360928     0.238811009662339       9.68122548047925        5.50514051807009        
-0.179580470909345      101.391728875888        -0.0879519784162943     4.9735585507357         756.41655018682         28.9907370299706        4.97355855073571        0.238811009662339       0.4073317317631         9.380743287953          -1.1116968899866        
-0.169358600131026      101.965378402387        -0.0620918741304511     4.98189111009784        761.970618300918        29.0969761372957        4.98189111009785        0.4073317317631         0.373097770640157       5.50514051807009        -5.33807639467561       
-0.159067152953547      102.716730930075        -0.0419081353033877     4.98957488844323        768.769231907525        29.2264954356968        4.98957488844324        0.373097770640157       0.20740587846821        -1.1116968899866        -6.8649687903213        
-0.14868283066766       103.690246606136        -0.0336545950861405     4.99388539787155        776.725812642126        29.3773497905014        4.99388539787158        0.20740587846821        -0.00785207473345642    -5.33807639467561       -4.87348051286188       
-0.138176989376148      104.913628070402        -0.0374979053941395     4.99372036206912        785.863981130568        29.5496565336416        4.9937203620691         -0.00785207473345642    -0.162470326982002      -6.8649687903213        -0.408773019281051      
-0.127536766093767      106.374652479162        -0.0474519885140401     4.99026277066942        796.256202014489        29.7443963352668        4.99026277066941        -0.162470326982002      -0.175609962958065      -4.87348051286188       2.88570241243911        
-0.116760310784309      108.01874049842         -0.0538754100525733     4.98647467834361        807.949071422912        29.961995769139         4.98647467834362        -0.175609962958065      -0.081500408597043      -0.408773019281051      4.55873144758863        
-0.105811332905918      109.783154852799        -0.051464143564073      4.98468949203301        820.852407595467        30.2003018306379        4.98468949203299        -0.081500408597043      0.0695282888326413      2.88570241243911        3.6764333494473         
-0.0946777105802847     111.599308041175        -0.0397044636119088     4.98623766649136        834.691009963919        30.4538085551785        4.9862376664914         0.0695282888326413      0.19328792643317        4.55873144758863        1.24020947951326        
-0.0833602768269378     113.408430069338        -0.0240629802009668     4.99061016068906        848.96589511775         30.7131150979467        4.99061016068902        0.19328792643317        0.235687558476599       3.6764333494473         -1.66553392556871       
-0.071885442067653      115.163122359397        -0.0118405390033243     4.99602200618495        863.036240412777        30.9665812774707        4.99602200618496        0.235687558476599       0.177886023685971       1.24020947951326        -3.54168321704535       
-0.0602286490515194     116.816787271291        -0.008019221380572      5.00016824003898        876.15538442595         31.2010573970739        5.00016824003901        0.177886023685971       0.0532108428105972      -1.66553392556871       -3.70574381454591       
-0.0484003231404867     118.301713996551        -0.0114465174613806     5.00142595416742        887.515894207259        31.4026873267464        5.0014259541674         0.0532108428105972      -0.078869131056993      -3.54168321704535       -1.98395233683654       
-0.0364409167338806     119.5010090057          -0.016411462412274      4.99954102919174        896.17529633071         31.5555118680769        4.99954102919177        -0.078869131056993      -0.150286762011174      -3.70574381454591       0.417360018725849       
-0.0243892538135861     120.295555282051        -0.016941531094078      4.99591854887551        901.480193971318        31.6487702757648        4.99591854887551        -0.150286762011174      -0.135155683100336      -1.98395233683654       2.2324051800837         
-0.012244409188625      120.647856320683        -0.0108802364230665     4.99264119574822        903.527186468028        31.684682357183         4.9926411957482         -0.135155683100336      -0.0538854021863391     0.417360018725849       2.92827436504018        
-8.83093518992859e-05   120.714829943199        -0.000101503596307763   4.9913314273231         903.79158665918         31.689317980445         4.99133142732312        -0.0538854021863391     0.0528661579767084      2.2324051800837         2.33887599473037        
0.0120677538680835      120.650445648838        0.0108485738489239      4.99261633812584        903.542079222825        31.684943483947         4.99261633812582        0.0528661579767084      0.138007372047483       2.92827436504018        0.359095102278039       
0.0242094834452793      120.296952035423        0.0169480130664475      4.99596253918201        901.498598920121        31.6490933505408        4.99596253918199        0.138007372047483       0.151025062644068       2.33887599473037        -2.062934925067         
0.0362630380205953      119.501774886333        0.0163138020582538      4.99960261726323        896.19207973397         31.5558073495544        4.99960261726325        0.151025062644068       0.0767752835398815      0.359095102278039       -3.6600290300247        
0.0482191530605118      118.302258355473        0.0113179995259552      5.00143713663861        887.52196243092         31.4027946815587        5.00143713663865        0.0767752835398815      -0.0536414659125942     -2.062934925067         -3.57433037339712       
0.0600426904582794      116.816970918755        0.00784350532256718     5.00016970282924        876.157018146366        31.2010864865377        5.00016970282919        -0.0536414659125942     -0.179431613409919      -3.6600290300247        -1.6077509605965        
0.07169524905899        115.163740750804        0.0117539131261221      4.99598844007912        863.035076260932        30.9665603920123        4.99598844007909        -0.179431613409919      -0.23521538120486       -3.57433037339712       1.24580444375716        
0.0831722362487226      113.408879994641        0.0238868527945868      4.99058819516632        848.965526592437        30.7131084318594        4.99058819516627        -0.23521538120486       -0.192632074619161      -1.6077509605965        3.67744512338456        
0.0944831503773223      111.599436121454        0.0395468739386629      4.98623151253495        834.690937754884        30.4538072379006        4.986231512535          -0.192632074619161      -0.0688634666261653     1.24580444375716        4.65174966920493        
0.105617535474795       109.782978642658        0.0514427448635678      4.98469846100091        820.852567026231        30.2003047634775        4.98469846100085        -0.0688634666261653     0.0852202362839112      3.67744512338456        2.85065743712842        
0.116562229875364       108.017606012421        0.0536758236320728      4.98656488362627        807.955201432372        29.9621094316059        4.98656488362634        0.0852202362839112      0.178180135551276       4.65174966920493        -0.820315033451923      
0.127340789949917       106.372902613463        0.0470621583737707      4.99040830867277        796.266325529796        29.7445854181862        4.99040830867273        0.178180135551276       0.15181247894095        2.85065743712842        -4.56509780321869       
0.13797986800871        104.914789560348        0.0378289175049907      4.99363913668552        785.859898748517        29.5495797817182        4.99363913668559        0.15181247894095        0.00697329292366665     -0.820315033451923      -6.66159746435115       
0.148486556819989       103.691618968045        0.0339815345870264      4.993785706174          776.720586978996        29.3772509677319        4.99378570617406        0.00697329292366665     -0.201923056731996      -4.56509780321869       -5.59893663362636       
0.158871482924103       102.716693690736        0.041840542788073       4.98958865199598        768.771073814765        29.2265304478038        4.98958865199602        -0.201923056731996      -0.375741160575908      -6.66159746435115       -0.720931666851264      
0.169165768396266       101.965936577789        0.0622496919148022      4.98184874680446        761.968310035204        29.0969320649905        4.98184874680439        -0.375741160575908      -0.39794579823741       -5.59893663362636       5.43889877531996        
0.179390340677112       101.39001001328         0.0874920189073207      4.97370665073478        756.426250681675        28.9909229219859        4.97370665073481        -0.39794579823741       -0.231437112705491      -0.720931666851264      8.9798084209163         
0.189567539058702       100.924256974436        0.105269758775836       4.9689957523137         752.238306317087        28.9105575932447        4.96899575231375        -0.231437112705491      0.0421791893050337      5.43889877531996        9.72394451623358        
0.199698535378393       100.518744763275        0.106815050532613       4.96985069436934        749.344730188345        28.8549000304078        4.96985069436926        0.0421791893050337      0.337311486852922       8.9798084209163         9.36201154495899        
0.209797916558693       100.14484756386         0.0881527306840439      4.97666337137855        747.580792055028        28.8209181759636        4.97666337137859        0.337311486852922       0.620452733888562       9.72394451623358        10.5354156493992        
0.219862139553216       99.7840287645745        0.0477929387040772      4.98915212002202        746.756547982672        28.8050255642748        4.98915212002205        0.620452733888562       0.937964171090384       9.36201154495899        7.6373774435415         
0.229891202107576       99.4094673301372        -0.0178212369364126     5.00796367707863        746.758502320592        28.8050632570925        5.00796367707864        0.937964171090384       1.16728893222024        10.5354156493992        11.2570955596476        
0.239880315905318       99.0284108106149        -0.10186562772149       5.0312861033569         747.360400723448        28.8166695724588        5.03128610335689        1.16728893222024        1.50400242591681        7.6373774435415         -1.14081127964642       
0.249833014468631       98.6048571605327        -0.209018219746156      5.06121896215652        748.591159232436        28.8403875615898        5.06121896215647        1.50400242591681        1.47001124273423        11.2570955596476        -7.95499120883995       
0.25974277285098        98.2173434777918        -0.311548719165755      5.09036151925487        749.942678644185        28.8664102883955        5.09036151925489        1.47001124273423        1.23384479531016        -1.14081127964642       -9.99117611196709       
0.269619991828262       97.9037204375484        -0.394670016225846      5.11473810244283        751.127833939259        28.8892104799479        5.11473810244285        1.23384479531016        0.938170071614956       -7.95499120883995       -7.26419023097851       
0.279469003766193       97.671006390842         -0.455065899500542      5.13322014361042        752.050166178258        28.9069419993472        5.13322014361048        0.938170071614956       0.723719282587657       -9.99117611196709       -11.5524224473601       
0.289293954389302       97.4955123234253        -0.499853763746391      5.14744739491001        752.779531386948        28.9209560965929        5.14744739491009        0.723719282587657       0.383232025076864       -7.26419023097851       -6.73216692222209       
0.299112084821149       97.4015375477577        -0.522732973177379      5.15497263605197        753.153391152119        28.9281368442583        5.15497263605194        0.383232025076864       0.185010723922018       -11.5524224473601       -3.55334437340162       
0.30892338006358        97.3546827065685        -0.534017746685715      5.15860298439876        753.321235132948        28.9313600543107        5.15860298439869        0.185010723922018       0.0804450328399776      -6.73216692222209       -1.64184384123543       
0.318727393395645       97.3330225973518        -0.540621267311341      5.16018072777175        753.38398107394         28.9325649105706        5.16018072777179        0.0804450328399776      0.0321497923437376      -3.55334437340162       -0.575155878247889      
0.328533448554874       97.3231072099978        -0.545190369571279      5.16081110777392        753.399259098642        28.9328582737237        5.16081110777397        0.0321497923437376      0.0152344279676419      -1.64184384123543       0.0639387543115909      
0.338332508345344       97.3174453749115        -0.54848799274816       5.16110977900713        753.399028488672        28.9328538456558        5.1611097790071         0.0152344279676419      0.0171148144593258      -0.575155878247889      0.277458534993069       
0.348138369422387       97.3118221470712        -0.550496871801576      5.16144534275588        753.404476824134        28.9329584619366        5.16144534275586        0.0171148144593258      0.0252755364368523      0.0639387543115909      0.201302139590238       
0.35794083744404        97.304639665199         -0.551301058615479      5.16194099454922        753.421212671445        28.9332798131503        5.16194099454917        0.0252755364368523      0.0311964771563142      0.277458534993069       -0.111127628707578      
0.367749923513694       97.2963998042843        -0.551257967378055      5.16255272747296        753.446691274362        28.9337690304054        5.16255272747287        0.0311964771563142      0.0279283767029262      0.201302139590238       -0.353316945687495      
0.377547360486125       97.289234227511         -0.551044765938634      5.16310020060479        753.471097135123        28.9342376420723        5.16310020060481        0.0279283767029262      0.0175402456322737      -0.111127628707578      -0.45343495684042       
0.387348910892455       97.2844102631475        -0.551146598570782      5.16344396263688        753.483901247907        28.9344834880441        5.16344396263682        0.0175402456322737      0.00421092044011342     -0.353316945687495      -0.368828656087805      
0.397145319287165       97.2824809429572        -0.551747643251029      5.16352648336991        753.481000075332        28.9344277841262        5.16352648336996        0.00421092044011342     -0.00663309935097677    -0.45343495684042       -0.150639432468407      
0.406944631625855       97.2826613334903        -0.552670313426194      5.16339645962877        753.463423668913        28.9340903063212        5.16339645962871        -0.00663309935097677    -0.0110632804246893     -0.368828656087805      0.110916561153528       
0.416754119506405       97.2838259414524        -0.553465163575378      5.16317949418177        753.440782824683        28.9336555823968        5.1631794941817         -0.0110632804246893     -0.00780036392261254    -0.150639432468407      0.147271547445697       
0.42655845592477        97.284824790867         -0.553597497532695      5.16302650285614        753.426193081443        28.9333754431614        5.16302650285607        -0.00780036392261254    -0.00346745802978944    0.110916561153528       0.118394989032546       
0.436367010048266       97.2859451081241        -0.552980203329225      5.16295849113044        753.424944545458        28.9333514697612        5.16295849113049        -0.00346745802978944    1.57454062220576e-05    0.147271547445697       -0.0704969568124797     
0.446174144358405       97.2884893496826        -0.551677561418284      5.16295879995686        753.444693333679        28.9337306680413        5.16295879995692        1.57454062220576e-05    -0.00205788511484372    0.118394989032546       -0.259054534578264      
0.455978817215363       97.2933568810115        -0.550074437205727      5.1629184517765         753.476501214375        28.9343414036058        5.16291845177649        -0.00205788511484372    -0.00967423152166555    -0.0704969568124797     -0.320004901183841      
0.465775585915388       97.295375593235         -0.548548215886925      5.16272888860772        753.464469454699        28.9341103861611        5.16272888860768        -0.00967423152166555    -0.0190781111933281     -0.259054534578264      -0.277775258092887      
0.475566673202467       97.2922382256852        -0.547217322252166      5.16235522561646        753.385641624431        28.9325967960098        5.16235522561655        -0.0190781111933281     -0.0272400025591199     -0.320004901183841      -0.138132153941312      
0.485359636134872       97.2912473933947        -0.546006612113317      5.16182161718985        753.300095937885        28.9309541252557        5.16182161718979        -0.0272400025591199     -0.0312998033162835     -0.277775258092887      0.00193727569895999     
0.495160917889437       97.2936216707884        -0.544657247183264      5.16120818250686        753.228954409499        28.9295879758941        5.1612081825068         -0.0312998033162835     -0.0312428450777536     -0.138132153941312      0.0718867900282838      
0.504962742101795       97.297916104183         -0.542907852754203      5.16059569521255        753.172810500598        28.9285097841904        5.16059569521264        -0.0312428450777536     -0.0291289092311483     0.00193727569895999     0.0445304367460375      
0.514765975752274       97.3026828249542        -0.540638095667947      5.16002462572416        753.126359288687        28.9276177013649        5.16002462572411        -0.0291289092311483     -0.0278192935130402     0.0718867900282838      -0.0416861307768766     
0.524567493573264       97.3072817679464        -0.537924887958196      5.15947917499138        753.082340785107        28.92677231265          5.15947917499131        -0.0278192935130402     -0.0290454503625786     0.0445304367460375      -0.164010472323023      
0.53437506934394        97.3124297013199        -0.53494954903736       5.15890954583617        753.039033771975        28.9259405642136        5.15890954583624        -0.0290454503625786     -0.0338699300537921     -0.0416861307768766     -0.215179541750305      
0.544181696433376       97.3185862681954        -0.531968808598033      5.15824531810139        752.989712973247        28.9249932867225        5.15824531810141        -0.0338699300537921     -0.0401994173402858     -0.164010472323023      -0.176408072163917      
0.553983134364148       97.3260906244635        -0.529110623759353      5.15745709554095        752.932705008601        28.923898327404         5.15745709554086        -0.0401994173402858     -0.0453884757366063     -0.215179541750305      -0.0762999505390214     
0.563789252568933       97.3344129792712        -0.526322152493237      5.1565669797713         752.867129946499        28.9226387674757        5.15656697977132        -0.0453884757366063     -0.0476330148785198     -0.176408072163917      -0.0064173413581185     
0.57359768274279        97.3435905302827        -0.52343154370187       5.15563272821042        752.801701829159        28.9213819753782        5.15563272821041        -0.0476330148785198     -0.0478218141097221     -0.0762999505390214     0.0561115553067747      
0.583401763963576       97.3527749169123        -0.520318734836497      5.15469480426951        752.73576456814         28.920115348013         5.15469480426952        -0.0478218141097221     -0.0461709239470453     -0.0064173413581185     0.0383025047969625      
0.593210949723653       97.3617314147025        -0.516874821340399      5.15378914699378        752.672752046427        28.9189048518329        5.1537891469938         -0.0461709239470453     -0.04504389426287       0.0561115553067747      -0.017133454544976      
0.603019129523432       97.3705536092301        -0.513156533891195      5.15290548467419        752.611889608146        28.9177356115229        5.15290548467412        -0.04504389426287       -0.0455480532707346     0.0383025047969625      -0.0932975454471777     
0.612829193524032       97.379604106811         -0.509275811732149      5.1520119807167         752.55133055361         28.9165721526526        5.15201198071663        -0.0455480532707346     -0.0482934081225694     -0.017133454544976      -0.127174783091766      
0.622634349870797       97.3891086909923        -0.505397241896991      5.15106462450666        752.486388885607        28.9153244431162        5.15106462450671        -0.0482934081225694     -0.0520359853324695     -0.0932975454471777     -0.0928162994580446     
0.632447328068971       97.399123644313         -0.501595499357086      5.15004362639989        752.414603911993        28.9139451920502        5.15004362639989        -0.0520359853324695     -0.0547678305056555     -0.127174783091766      -0.043735632639279      
0.642258216809956       97.4100130198355        -0.497820165845341      5.14896887619112        752.341687902758        28.9125441423069        5.14896887619112        -0.0547678305056555     -0.0560553339635712     -0.0928162994580446     0.014592519763684       
0.652070960943003       97.4209151554324        -0.493996436186824      5.14786871265648        752.265121630519        28.9110728812512        5.14786871265645        -0.0560553339635712     -0.0556257349619725     -0.043735632639279      0.0552422169277115      
0.661887352829825       97.4320292186616        -0.490035378130227      5.1467768987418         752.191375770216        28.9096557451008        5.14677689874177        -0.0556257349619725     -0.0539994150316713     0.014592519763684       0.0376588910103269      
0.671697536885472       97.4431206174407        -0.485871682302458      5.14571714758462        752.122105012982        28.9083245414224        5.14571714758458        -0.0539994150316713     -0.0528907476560507     0.0552422169277115      0.008070709029035       
0.681511244936576       97.4550006747237        -0.481537813534698      5.14467909068378        752.062056380737        28.9071705133814        5.14467909068373        -0.0528907476560507     -0.0526531203856884     0.0376588910103269      -0.0399890655400483     
0.691326517799132       97.4681024826609        -0.477100922470043      5.1436454454051         752.012042110824        28.906209292792         5.14364544540505        -0.0526531203856884     -0.0538308014513958     0.008070709029035       -0.0614861478035452     
0.701144714988966       97.4821255001869        -0.472661401694819      5.14258844603595        751.965678438431        28.9053182042189        5.14258844603586        -0.0538308014513958     -0.0556420253398552     -0.0399890655400483     -0.0417033928605793     
0.710964221152917       97.4950031228145        -0.468267545936219      5.14149559799425        751.90519407358         28.9041556811008        5.14149559799425        -0.0556420253398552     -0.0568709860069778     -0.0614861478035452     -0.00884651017226835    
0.720788401373533       97.5063413400004        -0.463882877816267      5.14037807007064        751.829188075441        28.9026947623966        5.14037807007065        -0.0568709860069778     -0.0571318201556161     -0.0417033928605793     0.0272093304412473      
0.730620993651447       97.5177620521165        -0.459447614946675      5.13925471173893        751.752927156864        28.9012288696224        5.13925471173892        -0.0571318201556161     -0.0563292485525474     -0.00884651017226835    0.0282905357856039      
0.740456766028555       97.5302854280668        -0.454896398048398      5.13814683908621        751.687391681096        28.899969082665         5.13814683908618        -0.0563292485525474     -0.0554946998371257     0.0272093304412473      0.0263350938882801      
0.750288238159157       97.5443834947929        -0.450229859343398      5.13705553376963        751.636372530109        28.89898830467          5.13705553376962        -0.0554946998371257     -0.054718011207089      0.0282905357856039      -0.00659049586932594    
0.760119595194892       97.558978208811         -0.445464907665682      5.13597983726171        751.591417536462        28.898124074765         5.13597983726179        -0.054718011207089      -0.0549123218388036     0.0263350938882801      -0.0131981168100237     
0.769943230825228       97.5675724530601        -0.440692682579988      5.13490069773263        751.499693797945        28.8963606666219        5.13490069773266        -0.0549123218388036     -0.0553013976536568     -0.00659049586932594    -0.0319896849693834     
0.779768696509798       97.5719297434275        -0.435924967529854      5.13381390637484        751.374194682955        28.8939477454085        5.13381390637481        -0.0553013976536568     -0.0562445910555916     -0.0131981168100237     -0.00989610389220066    
0.789598429363566       97.5793080130175        -0.431191782496086      5.13270815192986        751.269164547134        28.891928218163         5.1327081519299         -0.0562445910555916     -0.0565364779522665     -0.0319896849693834     0.0050178961718343      
0.799432992492215       97.5892355200748        -0.42644949482077       5.13159621886454        751.182827995045        28.8902680268142        5.1315962188645         -0.0565364779522665     -0.0563884243165786     -0.00989610389220066    0.028039711300858       
0.809269200073349       97.6002736494124        -0.42167226149341       5.1304868908928         751.105386758791        28.8887788049807        5.13048689089275        -0.0563884243165786     -0.0555609052138075     0.0050178961718343      0.0204387386997693      
0.819108168586201       97.6115037999766        -0.416822281120389      5.12939361829181        751.0317369952          28.8873624232543        5.12939361829186        -0.0555609052138075     -0.0549576510732244     0.028039711300858       0.0198182247564828      
0.828948048060949       97.6227572725744        -0.411915999909792      5.12831218113138        750.959962914863        28.8859820465618        5.12831218113144        -0.0549576510732244     -0.0543726825362161     0.0204387386997693      0.00205938100103384     
0.838784611055845       97.6338378476853        -0.406957299380269      5.12724227500809        750.888511325905        28.8846078065792        5.12724227500818        -0.0543726825362161     -0.0543118949019142     0.0198182247564828      -0.00415019661486068    
0.84862615178468        97.6450891666876        -0.401982328185676      5.12617345989636        750.818496863232        28.8832611436534        5.12617345989628        -0.0543118949019142     -0.0544344105968169     0.00205938100103384     -0.00800194680229458    
0.858464924629977       97.6564850777524        -0.397013107877108      5.1251021142841         750.749187218314        28.881927975395         5.12510211428405        -0.0544344105968169     -0.0546706685861632     -0.00415019661486068    0.0248861043499092      
0.868308645688025       97.6677778589827        -0.392048093854133      5.12402592726015        750.678339010969        28.8805651493443        5.12402592726012        -0.0546706685861632     -0.0539358249203777     -0.00800194680229458    0.0356307907538297      
0.878152244623598       97.6787292606874        -0.38703559987976       5.12296409130755        750.606933730581        28.8791915424426        5.12296409130761        -0.0539358249203777     -0.0528836272874494     0.0248861043499092      0.0210028365595415      
0.887995376395487       97.6895311274011        -0.381982928383351      5.12192297598911        750.537380992558        28.8778535096545        5.12192297598907        -0.0528836272874494     -0.0522633917857041     0.0356307907538297      0.0338377432686345      
0.897839337987369       97.7004219489151        -0.376887726677169      5.12089403159643        750.470261463978        28.8765622273685        5.12089403159649        -0.0522633917857041     -0.0512639714770604     0.0210028365595415      0.0245686674997001      
0.907683622343886       97.7112994333619        -0.371718883704092      5.11988453531517        750.405856341629        28.8753231120282        5.11988453531516        -0.0512639714770604     -0.0505380506439203     0.0338377432686345      0.0254425126550085      
0.917535332168656       97.7221571779693        -0.366513450507247      5.11888881003568        750.343285306281        28.8741192324792        5.11888881003564        -0.0505380506439203     -0.0497860476882441     0.0245686674997001      0.000945187363054267    
0.927392601913555       97.7328143941621        -0.361285032797895      5.11790757939851        750.281267315745        28.8729259440925        5.11790757939856        -0.0497860476882441     -0.0497581085506176     0.0254425126550085      0.0120880532865644      
0.93724424908354        97.7430112948506        -0.356072430127803      5.11692710211186        750.21579530497         28.8716661433734        5.11692710211187        -0.0497581085506176     -0.049400842150193      0.000945187363054267    0.0166612145614083      
0.947093434092993       97.7533240724976        -0.350824344663554      5.11595386248101        750.152243788577        28.8704432438856        5.11595386248095        -0.049400842150193      -0.0489084604780616     0.0120880532865644      0.0339543070997082      
0.956945159407261       97.7635294225378        -0.34551995124353       5.11499026057517        750.089251253602        28.8692310495602        5.11499026057512        -0.0489084604780616     -0.0479049157069586     0.0166612145614083      0.032488264215708       
0.966796827090798       97.7736005884313        -0.340168571359716      5.11404628042694        750.028077619824        28.8680538084696        5.11404628042687        -0.0479049157069586     -0.0469445004883193     0.0339543070997082      0.030137076155532       
0.976652341892591       97.783531273769         -0.33479539127859       5.11312099419003        749.968539962918        28.8669080044361        5.11312099418996        -0.0469445004883193     -0.0460534825383967     0.032488264215708       0.0204013031945267      
0.986510076276324       97.7935456826524        -0.329382339900121      5.11221319180065        749.912181467722        28.8658233415636        5.11221319180061        -0.0460534825383967     -0.0454502979358214     0.030137076155532       0.0135277143228355      
0.996362925143299       97.8050904027076        -0.323947822693419      5.11131739554618        749.869289922488        28.864997833256         5.11131739554622        -0.0454502979358214     -0.0450503230074239     0.0204013031945267      0.0186254545907399      
1.00621821171723        97.8201490243045        -0.318504463692357      5.11042937338996        749.854444324783        28.8647121032813        5.11042937338998        -0.0450503230074239     -0.0444994986900518     0.0135277143228355      0.022794236948378       
1.01607835415057        97.8351748084173        -0.313036399550535      5.10955185794068        749.84084882145         28.8644504311186        5.10955185794062        -0.0444994986900518     -0.0438250523105326     0.0186254545907399      0.024084910365797       
1.02594212360996        97.8454764248907        -0.307525052742125      5.10868715696536        749.792893168494        28.8635274114523        5.10868715696531        -0.0438250523105326     -0.0431121268018986     0.022794236948378       0.0329652011884134      
1.03581593424571        97.853127033971         -0.301969280763411      5.10783618613751        749.726614786243        28.8622516790481        5.10783618613754        -0.0431121268018986     -0.0421362075151702     0.024084910365797       0.0294183269913192      
1.04568164153296        97.8616831818997        -0.296370543539105      5.10700459690454        749.670098806166        28.8611638097166        5.10700459690448        -0.0421362075151702     -0.0412654405908263     0.0329652011884134      0.0264275659105314      
1.05554789617842        97.8714839308135        -0.290736058864033      5.10619044163362        749.625653634028        28.860308261117         5.10619044163368        -0.0412654405908263     -0.0404833456766511     0.0294183269913192      0.0387217857565071      
1.06540910420044        97.8775165238605        -0.285074915509804      5.10539178920543        749.554603813104        28.858940532896         5.10539178920544        -0.0404833456766511     -0.0393373530382049     0.0264275659105314      0.0239094999931228      
1.07527628454768        97.8799595739808        -0.279366746575211      5.10461559159496        749.45935161904         28.8571068007526        5.10461559159502        -0.0393373530382049     -0.0386295752412106     0.0387217857565071      0.0315800777990684      
1.08514435791556        97.8856095842647        -0.273624195189579      5.10385311435759        749.390659991161        28.8557843227154        5.10385311435761        -0.0386295752412106     -0.0376944415367893     0.0239094999931228      0.0281842795647694      
1.09501737674866        97.8932216458087        -0.267822937197339      5.10310887981033        749.339652980952        28.8548022766277        5.1031088798104         -0.0376944415367893     -0.03685971271867       0.0315800777990684      0.0394286857585177      
1.10489102660831        97.9010271417009        -0.261984313360435      5.10238103771813        749.292516691413        28.8538947244256        5.1023810377181         -0.03685971271867       -0.0356919383429673     0.0281842795647694      0.0366265559666093      
1.11476326177454        97.9087688555183        -0.256104742547937      5.10167633445196        749.248273508287        28.8530428495137        5.10167633445193        -0.0356919383429673     -0.0346071945147431     0.0394286857585177      0.038726177084665       
1.12463323322914        97.9162109596776        -0.250208453147272      5.10099307152209        749.204870542516        28.8522071280232        5.10099307152209        -0.0346071945147431     -0.0334601100919583     0.0366265559666093      0.0293468341345412      
1.13450781155953        97.9234624622714        -0.244281064826675      5.1003322582546         749.163291654459        28.8514065063359        5.10033225825468        -0.0334601100919583     -0.032590675441286      0.038726177084665       0.0301220471683296      
1.1443872544646         97.930567183114         -0.238328691659083      5.09968846507788        749.123075763391        28.8506321086806        5.0996884650778         -0.032590675441286      -0.0316982047051013     0.0293468341345412      0.0280110998437176      
1.15426160463984        97.9378694148474        -0.232353865281978      5.09906237868011        749.086958072           28.8499366082878        5.09906237868017        -0.0316982047051013     -0.0308682865953909     0.0301220471683296      0.0281863222704323      
1.16413641768408        97.9450024930014        -0.226361889215374      5.09845269017963        749.05194217514         28.8492623085956        5.09845269017961        -0.0308682865953909     -0.0300331500849245     0.0280110998437176      0.0290284439326543      
1.17401502273025        97.9519839205738        -0.220342180256104      5.09785939853937        749.018162752611        28.8486118047031        5.09785939853935        -0.0300331500849245     -0.0291729758488047     0.0281863222704323      0.0331535433181398      
1.18389211792321        97.9590422688092        -0.214282351095668      5.09728307451103        748.987452228167        28.8480203870824        5.09728307451107        -0.0291729758488047     -0.0281905137895677     0.0290284439326543      0.0351838850420019      
1.19377013765519        97.9659579340064        -0.208171269973136      5.09672614703539        748.958488982429        28.8474626071231        5.09672614703541        -0.0281905137895677     -0.027147799682447      0.0331535433181398      0.0285911227556399      
1.20364869688406        97.9729178706149        -0.2020324058198        5.09618974533079        748.932869058544        28.8469692045329        5.09618974533088        -0.027147799682447      -0.0263003040377636     0.0351838850420019      0.034409655618431       
1.21353069900079        97.9798685740371        -0.195867828818421      5.09566995595779        748.909608872121        28.8465212397559        5.09566995595775        -0.0263003040377636     -0.0252801846716963     0.0285911227556399      0.0338614115649025      
1.22341538757136        97.9865204072982        -0.189670594124642      5.09517026705047        748.887008026499        28.8460859664704        5.09517026705042        -0.0252801846716963     -0.0242762352227967     0.034409655618431       0.0350617622423714      
1.23329606979327        97.9927369668979        -0.183438201480886      5.09469043677615        748.863989848164        28.8456426489564        5.09469043677615        -0.0242762352227967     -0.0232366591055076     0.0338614115649025      0.0274503212766228      
1.24318088059402        97.9991665915582        -0.177155245347447      5.09423111382724        748.845605369782        28.845288569073         5.09423111382723        -0.0232366591055076     -0.0224226763155821     0.0350617622423714      0.0314327784770685      
1.25306491316928        98.0050634829269        -0.17083792312883       5.09378781312886        748.82549699138         28.844901282383         5.09378781312882        -0.0224226763155821     -0.0214904904258964     0.0274503212766228      0.0251462373846613      
1.26295242857629        98.0109838767449        -0.164469165014053      5.09336290167777        748.808263852125        28.8445693685643        5.09336290167783        -0.0214904904258964     -0.0207447679910303     0.0314327784770685      0.0348550525542009      
1.27283750239054        98.0166328345214        -0.158065654934178      5.09295278478996        748.791124725466        28.8442392616594        5.09295278478998        -0.0207447679910303     -0.0197112269017628     0.0251462373846613      0.0239241314627099      
1.28271914758228        98.0230879387719        -0.151622725866442      5.09256316770118        748.783150831984        28.8440856797751        5.09256316770119        -0.0197112269017628     -0.0190018081046312     0.0348550525542009      0.0292400278431694      
1.29260328846262        98.0307628174676        -0.145149709006413      5.09218751154466        748.786539249457        28.844150942791         5.09218751154471        -0.0190018081046312     -0.0181346285798753     0.0239241314627099      0.0301472135181896      
1.30249235215869        98.0396675398508        -0.138637198908855      5.0918289104861         748.801820330787        28.8444452640324        5.09182891048604        -0.0181346285798753     -0.0172404203399412     0.0292400278431694      0.0339084142298407      
1.31237884630957        98.0514434301903        -0.132103139698072      5.09148798484377        748.841619182103        28.8452117956459        5.09148798484384        -0.0172404203399412     -0.0162345398501775     0.0301472135181896      0.0277606169897188      
1.32226636856493        98.0664941290342        -0.12552984488612       5.09116691680145        748.909335834664        28.8465159813232        5.09116691680152        -0.0162345398501775     -0.0154108388590185     0.0339084142298407      0.0310677803629249      
1.33215852779483        98.0775241478701        -0.118935011940879      5.09086202016282        748.94871407399         28.8472743575539        5.09086202016278        -0.0154108388590185     -0.0144886811890932     0.0277606169897188      0.036080527731208       
1.34205580353421        98.0833772724932        -0.11231819198893       5.09057525609889        748.951220066949        28.847322619207         5.09057525609895        -0.0144886811890932     -0.0134175568540093     0.0310677803629249      0.0293193548480816      
1.35195365681601        98.0871634717731        -0.105664730835034      5.09030969138782        748.941058231662        28.8471269170521        5.09030969138774        -0.0134175568540093     -0.0125472863293788     0.036080527731208       0.0228516504587551      
1.36184533423901        98.0907177110815        -0.0989727320957751     5.09006144466158        748.931670450539        28.8469461208739        5.09006144466167        -0.0125472863293788     -0.0118691113268472     0.0293193548480816      0.0290583879222312      
1.37173391348331        98.0924492239293        -0.0922656194880932     5.08982664370291        748.910342409045        28.8465353669504        5.08982664370292        -0.0118691113268472     -0.0110066915982685     0.0228516504587551      0.0332764846026562      
1.3816301220435         98.0923894191634        -0.0855271695957914     5.08960883527355        748.877837791302        28.845909353577         5.08960883527362        -0.0110066915982685     -0.0100190567919108     0.0290583879222312      0.0321379964117692      
1.39152658223958        98.0929446247541        -0.0787668935230046     5.08941058551352        748.852906106123        28.845429179722         5.08941058551356        -0.0100190567919108     -0.00906533804824416    0.0332764846026562      0.0328630664059325      
1.40141198892995        98.0933710185357        -0.0719874661349366     5.08923127853839        748.829778007204        28.8449837350391        5.08923127853833        -0.00906533804824416    -0.00809021399968462    0.0321379964117692      0.0210755284380211      
1.41130352149573        98.0938840898839        -0.0651807969374177     5.08907124273376        748.810146914831        28.8446056369265        5.08907124273377        -0.00809021399968462    -0.00746486456443936    0.0328630664059325      0.0293844171597086      
1.4211978608837         98.0938053974297        -0.0583597358401636     5.08892356264981        748.787816455448        28.8441755425298        5.08892356264982        -0.00746486456443936    -0.00659321913011807    0.0210755284380211      0.0252233238318171      
1.43108436442805        98.0922269427148        -0.0515131049673661     5.08879321081477        748.756587749683        28.8435740532673        5.0887932108148         -0.00659321913011807    -0.00584554514212807    0.0293844171597086      0.0341024254386865      
1.44095819880822        98.0881105462826        -0.0446683989317271     5.08867775109219        748.70817867531         28.8426416318946        5.08867775109217        -0.00584554514212807    -0.004835311778061      0.0252233238318171      0.0336961749411646      
1.45082751841742        98.0832081384996        -0.0378082087891006     5.08858228590783        748.656713217869        28.8416503075725        5.0885822859078         -0.004835311778061      -0.00383757795996361    0.0341024254386865      0.0241826628767227      
1.46070171651735        98.0635793209712        -0.0309337016851205     5.08850653930075        748.495746962999        28.8385495659889        5.08850653930069        -0.00383757795996361    -0.00312203404843975    0.0336961749411646      0.0223306622291271      
1.47056025781466        97.981490277805         -0.0240514714952992     5.08844498100228        747.86013365283         28.826302295971         5.08844498100232        -0.00312203404843975    -0.00246210811613845    0.0241826628767227      0.0355586951772808      
1.48040371576526        97.7961797538728        -0.0171829818164479     5.08839651172742        746.438609879812        28.798892916218         5.08839651172734        -0.00246210811613845    -0.00141329551648924    0.0223306622291271      0.0289035238345173      
1.49023043290025        97.4895231379064        -0.0103012642889444     5.08836874859658        744.093964275759        28.7536271002027        5.08836874859652        -0.00141329551648924    -0.000562495477397992   0.0355586951772808      0.0289035238345173      
1.50002204119112        97.1717204907348        -0.00344757595598991    5.08835772325149        741.666711660998        28.7066912769092        5.08835772325148        -0.000562495477397992   -0.000562495477397992   0.0289035238345173      0.0289035238345173      
