# xp[i]                    V[i]                   up[i]                    p[i]                    e[i]                   cs[i]                  dd1[i]             dd2_left[i]            dd2_right[i]             dd3_left[i]            dd3_right[i]
-1.50006454339996       98.6182369194325        -0.000290778686443294   4.99917694938858        739.515025195453        28.6650198208248        4.99835753213139        -0.0544023730297155     -0.0544023730297155     0.59372678626217        0.59372678626217        
-1.49015823880065       98.8991361547041        0.000408288676541904    4.9983575321314         741.49986318023         28.7034621059363        4.99835753213139        -0.0544023730297155     -0.0544023730297155     0.59372678626217        0.59372678626217        
-1.48021540179467       99.154869496924         0.00349828605278439     4.99727609505886        743.256388568488        28.7374395474399        4.99727609505886        -0.0544023730297155     -0.0366802479342521     0.59372678626217        1.23536394666656        
-1.47025039877774       99.2985034421848        0.00803055629039737     4.99654526364663        744.224200591871        28.7561433164361        4.99654526364663        -0.0366802479342521     0.00026386110617674     0.59372678626217        1.11374883197331        
-1.46027447015528       99.3553844192386        0.0112410125685468      4.99655052807819        744.651297731037        28.7643934546213        4.99655052807819        0.00026386110617674     0.0336088519056392      1.23536394666656        -0.255232161828622      
-1.45028827966552       99.3609771894118        0.0111268062120586      4.99722166160371        744.793241293561        28.7671348222539        4.99722166160371        0.0336088519056392      0.0259623843861297      1.11374883197331        -1.94780911258035       
-1.44029868675291       99.3599216800643        0.009414503023521       4.99774033323461        744.862632131235        28.7684748781106        4.99774033323462        0.0259623843861297      -0.0324126711329365     -0.255232161828622      -2.00970056431319       
-1.43030843933198       99.3718231475283        0.0103236667532372      4.99709267276909        744.855313995329        28.7683335553237        4.99709267276909        -0.0324126711329365     -0.0926605528794656     -1.94780911258035       -0.583185852386816      
-1.42031511506967       99.3957394076463        0.0156561204656775      4.9952405165272         744.75843698888         28.7664626680461        4.9952405165272         -0.0926605528794656     -0.110151007425583      -2.00970056431319       1.50794910825897        
-1.41031477832368       99.4244107050189        0.0235906424720796      4.99303755883018        744.644725372075        28.7642665157865        4.99303755883018        -0.110151007425583      -0.0649068446652227     -0.583185852386816      2.10395999251962        
-1.40030991000305       99.4420003599427        0.0293927029762229      4.99173897132049        744.582762874188        28.7630697417943        4.99173897132049        -0.0649068446652227     -0.00176293551084591    1.50794910825897        1.40645001368616        
-1.39030609837128       99.4436330525819        0.0306231365979538      4.9917036961589         744.589726002062        28.7632042335354        4.99170369615889        -0.00176293551084591    0.040451050405688       2.10395999251962        -0.793869427352557      
-1.38029992633742       99.4353414576208        0.0280260307004892      4.99251313079611        744.64837183855         28.7643369438722        4.99251313079611        0.040451050405688       0.0166229519931853      1.40645001368616        -3.04224398132135       
-1.37029563119084       99.4344749979849        0.0262767571604949      4.99284575845328        744.691495106576        28.7651698163397        4.99284575845327        0.0166229519931853      -0.0746993473442333     -0.793869427352557      -3.29919242130098       
-1.36029010623083       99.4537796593873        0.0306853130691407      4.99135081247415        744.613055859762        28.7636548415562        4.99135081247415        -0.0746993473442333     -0.173759349538314      -3.04224398132135       -0.50030584454179       
-1.35027977417247       99.4942097531672        0.0424993597435082      4.9878720425131         744.396580829636        28.7594734310788        4.9878720425131         -0.173759349538314      -0.188787625969787      -3.29919242130098       2.92573008206018        
-1.34026472264499       99.5378203236449        0.0560211303789513      4.98409057910616        744.158268809761        28.7548695163051        4.98409057910616        -0.188787625969787      -0.100872209723772      -0.50030584454179       4.4823371382333         
-1.33024465710296       99.5591273980797        0.0635852436830296      4.98206946714718        744.015733178683        28.7521155391445        4.98206946714718        -0.100872209723772      0.0338270891907559      2.92573008206018        2.38716453031366        
-1.3202271187041        99.5431201396263        0.0613746341079314      4.9827471445776         743.997296457101        28.7517592979997        4.9827471445776         0.0338270891907559      0.10554344091612        4.4823371382333         -2.48518100903607       
-1.31021511683293       99.5057913572399        0.0536726040847942      4.9848605128575         744.033735206014        28.7524633767075        4.9848605128575         0.10554344091612        0.0309107868942591      2.38716453031366        -6.29990325402427       
-1.3002092953188        99.4897165125393        0.0510348933424384      4.98547923255117        744.005873288503        28.7519250232533        4.98547923255118        0.0309107868942591      -0.158260128779596      -2.48518100903607       -5.39120773641298       
-1.29020033310302       99.5224616147638        0.0618433913564942      4.98231107385076        743.777793900187        28.747517649359         4.98231107385075        -0.158260128779596      -0.320195803889264      -6.29990325402427       1.3781068975041         
-1.2801867212523        99.5960456474369        0.0842896441010307      4.97589767925326        743.369598599825        28.7396280537253        4.97589767925326        -0.320195803889264      -0.278779019633307      -5.39120773641298       7.74768933746758        
-1.27016370264781       99.6609865328512        0.103939824018963       4.9703103613956         743.019050986707        28.7328509431028        4.97031036139561        -0.278779019633307      -0.0458292535297002     1.3781068975041         8.39556561539035        
-1.26013914547857       99.6705468101033        0.107122129006774       4.9693915451927         742.95295893429         28.7315730113192        4.9693915451927         -0.0458292535297002     0.206608436688069       7.74768933746758        11.3562519253492        
-1.25011391125321       99.6194221548727        0.092496234748165       4.97353284417344        743.190702007257        28.7361696590678        4.97353284417344        0.206608436688069       0.547866786861458       8.39556561539035        9.48816704157182        
-1.24010055474192       99.4864148214132        0.0542209272834819      4.9845040774815         743.835660497025        28.7486359192731        4.98450407748149        0.547866786861458       0.832621267429349       11.3562519253492        11.9969729217049        
-1.2301017685957        99.2858648296305        -0.00344597496927214    5.00115004342825        744.815260806778        28.7675600635078        5.00115004342825        0.832621267429349       1.19193651124404        9.48816704157182        13.4495230026629        
-1.22012821322176       99.0016357275853        -0.0853304609827722     5.02492252685032        746.21332434386         28.7945466353895        5.02492252685033        1.19193651124404        1.59360565876818        11.9969729217049        13.1631245391604        
-1.21018526839012       98.6262404398596        -0.193988131410279      5.0566014400785         748.070384156584        28.8303540687508        5.0566014400785         1.59360565876818        1.98525049643907        13.4495230026629        6.87535787147592        
-1.20028718237959       98.1658315258931        -0.328115260413597      5.0958993380877         750.364793843441        28.8745330668055        5.09589933808771        1.98525049643907        2.18891244015117        13.1631245391604        -7.88221453952591       
-1.1904364358073        97.6670158419516        -0.474346820733491      5.13902419233051        752.869735806774        28.9226888216534        5.13902419233051        2.18891244015117        1.95650402865458        6.87535787147592        -10.5161951485184       
-1.18063301879704       97.2292381032646        -0.603650937493015      5.17739270496497        755.090922097716        28.9653226020686        5.17739270496497        1.95650402865458        1.64777503448697        -7.88221453952591       -11.6810464198601       
-1.17086909810744       96.8665243320473        -0.711421203018974      5.20957440839598        756.95004928575         29.0009587827282        5.20957440839598        1.64777503448697        1.30613468586159        -10.5161951485184       -12.7045886241986       
-1.16113955904888       96.5828472050838        -0.796111591704446      5.2349966752422         758.416326006058        29.0290338570438        5.2349966752422         1.30613468586159        0.935654985398641       -11.6810464198601       -11.6536087036991       
-1.15143507645356       96.3817860374119        -0.85633699453205       5.25316182163064        759.463678068457        29.0490710899191        5.25316182163063        0.935654985398641       0.596553224824271       -12.7045886241986       -9.8384809310841        
-1.14174485286631       96.2544929153348        -0.894619763292675      5.26472387196484        760.129989952851        29.0618113290516        5.26472387196485        0.596553224824271       0.310673110027343       -11.6536087036991       -9.64362861376603       
-1.13206693683096       96.1886633651255        -0.914496935623147      5.27073850023305        760.477936926785        29.0684620417766        5.27073850023305        0.310673110027343       0.0306774690702681      -9.8384809310841        -3.3385494147035        
-1.12239301271549       96.1823559778444        -0.916448981109413      5.27133211515909        760.513712966512        29.0691457843098        5.2713321151591         0.0306774690702681      -0.0662239607487133     -9.64362861376603       -1.0373464550174        
-1.11271839236499       96.1968992346469        -0.912135566991919      5.27005074179393        760.443810254741        29.0678098065491        5.27005074179392        -0.0662239607487133     -0.0963351562236144     -3.3385494147035        -0.302418790739722      
-1.10304337752895       96.217871416264         -0.905931022870896      5.26818638074672        760.340519669402        29.065835608712         5.26818638074672        -0.0963351562236144     -0.105115975537131      -1.0373464550174        -0.137269536582303      
-1.09336230224243       96.2409621855089        -0.899130560340952      5.26615128509967        760.229200038669        29.0637078012094        5.26615128509968        -0.105115975537131      -0.109102711865575      -0.302418790739722      -0.0207802040788208     
-1.08367850945965       96.2652988291583        -0.892213480964049      5.26403850234793        760.116359215077        29.0615507580239        5.26403850234794        -0.109102711865575      -0.109706311139853      -0.137269536582303      -0.0507272805394213     
-1.07399701016048       96.291862769433         -0.885183144806358      5.26191410474274        760.019266317647        29.0596946209703        5.26191410474276        -0.109706311139853      -0.111179874869656      -0.0207802040788208     -0.00718915088572548    
-1.06431498852971       96.3221414206585        -0.878143473100871      5.25976098451856        759.947162084488        29.0583161186162        5.25976098451858        -0.111179874869656      -0.111388751209673      -0.0507272805394213     -0.0543100909887602     
-1.05462833739611       96.348970907715         -0.870993364662737      5.2576030923373         759.846971081878        29.0564005395231        5.25760309233728        -0.111388751209673      -0.112967315234927      -0.00718915088572548    -0.0376412790795006     
-1.04493841713143       96.3725197574627        -0.863783691990439      5.25541362503938        759.716180119119        29.0538997214013        5.25541362503936        -0.112967315234927      -0.114061920333978      -0.0543100909887602     -0.0640095429612581     
-1.03524206321606       96.3978147478516        -0.856430526719906      5.25320177885706        759.595757867021        29.0515969701996        5.25320177885705        -0.114061920333978      -0.11592409060477       -0.0376412790795006     -0.0709268599313991     
-1.02554143786754       96.4246439582761        -0.848948042630396      5.2509529748996         759.481906569517        29.0494197029345        5.25095297489959        -0.11592409060477       -0.117987962075467      -0.0640095429612581     -0.0808425910916562     
-1.01584117146403       96.4495187657418        -0.841325590720608      5.24866399683671        759.346674986962        29.046833351732         5.2486639968367         -0.117987962075467      -0.120340256454702      -0.0709268599313991     -0.0782697729173327     
-1.00614213301261       96.4705334980596        -0.833558982913347      5.24632978447974        759.17434982328         29.0435372391036        5.24632978447973        -0.120340256454702      -0.122617477152525      -0.0808425910916562     -0.090493051008056      
-0.996446934976489      96.4924462227246        -0.82561910685187       5.24395163596353        759.00258184167         29.0402514115546        5.24395163596351        -0.122617477152525      -0.125250586648498      -0.0782697729173327     -0.115536399892163      
-0.986746654176665      96.5184828961666        -0.817486404616518      5.24152174345357        758.855590118113        29.0374392450335        5.24152174345357        -0.125250586648498      -0.128613514316459      -0.090493051008056      -0.102023589217345      
-0.977041916745502      96.5467330676039        -0.809189669627065      5.23902543946833        758.716185958102        29.0347719880472        5.23902543946831        -0.128613514316459      -0.131584332819001      -0.115536399892163      -0.116931443853798      
-0.967332983741426      96.5757529527558        -0.800685878507831      5.23647054171346        758.574128071354        29.0320537045092        5.23647054171347        -0.131584332819001      -0.134990448700872      -0.102023589217345      -0.0988439165011244     
-0.957622730713687      96.6055652436061        -0.791997170028887      5.23384871205465        758.428369841339        29.0292643501794        5.23384871205466        -0.134990448700872      -0.137870747183416      -0.116931443853798      -0.116916964836483      
-0.947907500627378      96.6360856575293        -0.783087335738826      5.23116984579925        758.279665961611        29.0264183491448        5.23116984579926        -0.137870747183416      -0.141279039542548      -0.0988439165011244     -0.0718420486429209     
-0.938187667843653      96.6674592290383        -0.774003062701561      5.22842357183109        758.127633693187        29.0235083585164        5.22842357183108        -0.141279039542548      -0.143374075811198      -0.116916964836483      -0.115000993690203      
-0.928465261144897      96.6993813170987        -0.764662285114962      5.22563578213567        757.973620681518        29.0205601577288        5.22563578213567        -0.143374075811198      -0.146728722320443      -0.0718420486429209     -0.0761475215016791     
-0.918741570231252      96.7321352047421        -0.755146655137104      5.22278198663239        757.816279913724        29.0175479459073        5.22278198663238        -0.146728722320443      -0.14895063376232       -0.115000993690203      -0.111955342280919      
-0.909012423931634      96.7653811959995        -0.745384228637857      5.21988400467557        757.656098266997        29.0144810256112        5.21988400467554        -0.14895063376232       -0.152218226360369      -0.0761475215016791     -0.0667301355024821     
-0.899282428574312      96.799394777163         -0.735469747413854      5.21692181472318        757.492311397475        29.011344742617         5.21692181472318        -0.152218226360369      -0.154166343323656      -0.111955342280919      -0.112244387472344      
-0.889551259877596      96.8339801880165        -0.725329958983302      5.21392106088873        757.327093067973        29.0081807056786        5.21392106088874        -0.154166343323656      -0.157444203734732      -0.0667301355024821     -0.0702314104805744     
-0.879814812587897      96.8693864556056        -0.71506226151042       5.21085525899047        757.158527771058        29.004952216457         5.21085525899045        -0.157444203734732      -0.159496036694205      -0.112244387472344      -0.0994501444758294     
-0.870074261510942      96.9053077640761        -0.704603469775382      5.20774803542664        756.987639196172        29.0016788632078        5.20774803542664        -0.159496036694205      -0.16240283253862       -0.0702314104805744     -0.0695396689482655     
-0.860328791832454      96.9418175558883        -0.694031295079521      5.20458277584236        756.812570865343        28.9983250639938        5.20458277584235        -0.16240283253862       -0.164436163960276      -0.0994501444758294     -0.0750305245339663     
-0.850579932788325      96.9786152108469        -0.683319150253025      5.20137678575571        756.633476808651        28.9948937421872        5.20137678575571        -0.164436163960276      -0.166630890798572      -0.0695396689482655     -0.0512439140852534     
-0.840829385729035      97.016082582407         -0.672503410297515      5.19812682433905        756.452851895854        28.9914326788652        5.19812682433907        -0.166630890798572      -0.168130319684209      -0.0750305245339663     -0.0551950500460337     
-0.83107142864088       97.0540607900867        -0.661546016070679      5.19484644701749        756.271414296003        28.9879556271222        5.19484644701749        -0.168130319684209      -0.169745948656643      -0.0512439140852534     -0.0387666618011957     
-0.821316048631665      97.0925865634417        -0.650488661294527      5.19153351303313        756.089125516766        28.9844618434078        5.19153351303313        -0.169745948656643      -0.170881180608965      -0.0551950500460337     -0.0362732607651762     
-0.81155073858674       97.1315130949487        -0.639294485740511      5.18819670794392        755.906094715237        28.9809534141772        5.18819670794392        -0.170881180608965      -0.171943868404238      -0.0387666618011957     -0.0420783747589402     
-0.801782641829571      97.1709616260142        -0.62799978091328       5.18483754696076        755.723475469262        28.9774524505071        5.18483754696078        -0.171943868404238      -0.173177143956983      -0.0362732607651762     -0.0226921685990922     
-0.792011382698108      97.2117478880031        -0.61662393162752       5.1814532659277         755.547192871251        28.9740725644162        5.1814532659277         -0.173177143956983      -0.173842368354493      -0.0420783747589402     -0.0247933066742611     
-0.782237382326686      97.2552008263892        -0.605159014484997      5.17805543422947        755.389231719244        28.9710436225024        5.17805543422946        -0.173842368354493      -0.174569318690068      -0.0226921685990922     -0.0146796647948953     
-0.772465691814145      97.3017952590525        -0.593650537364741      5.17464298860199        755.253078923463        28.9684326067659        5.174642988602          -0.174569318690068      -0.174999897236097      -0.0247933066742611     -0.0244271940122031     
-0.762687478943923      97.3440692071429        -0.582075652413867      5.1712202027213         755.081425948616        28.9651404651372        5.1712202027213         -0.174999897236097      -0.175716907328564      -0.0146796647948953     -0.00286339023930562    
-0.752898019303975      97.3806435351717        -0.570479359085588      5.16778001821261        754.862615732618        28.960943349672         5.1677800182126         -0.175716907328564      -0.175801028160121      -0.0244271940122031     -0.0218410057246178     
-0.743099164008101      97.4179105467901        -0.558827543191876      5.16433533468015        754.648136501247        28.9568287187294        5.16433533468015        -0.175801028160121      -0.176443080783991      -0.00286339023930562    0.0218524065366968      
-0.733297899809119      97.4571426696913        -0.547159459702169      5.16087660870574        754.446431932961        28.9529586270358        5.16087660870576        -0.176443080783991      -0.17580048651916       -0.0218410057246178     -0.0156950123207758     
-0.723494278024415      97.4975363478581        -0.535427904612993      5.15742985557733        754.255057208518        28.949286255038         5.1574298555773         -0.17580048651916       -0.176262093078389      0.0218524065366968      0.00660823741380444     
-0.713690685795829      97.5381028765083        -0.523753316891632      5.15397360407913        754.063211426218        28.9456043760672        5.15397360407913        -0.176262093078389      -0.176067705888258      -0.0156950123207758     -0.0109424206955919     
-0.703884307698081      97.5768551253504        -0.512065329806502      5.15052051426476        753.857391060837        28.9416537779189        5.15052051426478        -0.176067705888258      -0.176389643887455      0.00660823741380444     0.015009478509102       
-0.694076088539686      97.6140440745515        -0.500382009655834      5.14706043563007        753.63807632696         28.937443569937         5.14706043563005        -0.176389643887455      -0.175947953094474      -0.0109424206955919     0.0129973252631639      
-0.684266685210819      97.6519105352178        -0.488705849389333      5.14360830881304        753.424767600621        28.9333480722048        5.14360830881304        -0.175947953094474      -0.175565351459999      0.015009478509102       0.0290118703566005      
-0.674453393009035      97.6910483579238        -0.477103669949629      5.14016228745591        753.221763887147        28.9294498908244        5.14016228745591        -0.175565351459999      -0.174710959492131      0.0129973252631639      0.0227031546302017      
-0.664633100063442      97.7309822777877        -0.465556609643154      5.1367312455336         753.026685484504        28.9257034003497        5.13673124553356        -0.174710959492131      -0.174042035403036      0.0290118703566005      0.0205280867065979      
-0.654810198584899      97.7710862543898        -0.454041600057609      5.13331181828046        752.834208833666        28.9220064010025        5.13331181828043        -0.174042035403036      -0.173436921123821      0.0227031546302017      0.0224872189576612      
-0.644982025775859      97.8112924447931        -0.442549015940466      5.12990277926796        752.643631434503        28.9183454159102        5.12990277926795        -0.173436921123821      -0.172773768525109      0.0205280867065979      0.0380517652256709      
-0.635149700798992      97.8513813449943        -0.431113712786082      5.1265052412504         752.453428993057        28.9146911715799        5.12650524125035        -0.172773768525109      -0.171651157713375      0.0224872189576612      0.0571900083609131      
-0.625313196585807      97.891501560149         -0.419775557173116      5.12312852796148        752.266116431678        28.911091997357         5.12312852796147        -0.171651157713375      -0.16996328778374       0.0380517652256709      0.0462809410648295      
-0.615474626529659      97.9308859915609        -0.408541237426151      5.11978382784446        752.077449519109        28.9074663465477        5.11978382784444        -0.16996328778374       -0.168596770244891      0.0571900083609131      0.0608486336199484      
-0.605630358206532      97.9699709311927        -0.397409634424923      5.11646432015594        751.889791074243        28.9038596245139        5.11646432015592        -0.168596770244891      -0.166799233150726      0.0462809410648295      0.0633674401649141      
-0.595779395166552      98.0088067707396        -0.386358142511732      5.11317842432706        751.704774261278        28.9003032329589        5.1131784243271         -0.166799233150726      -0.164926528783067      0.0608486336199484      0.0871306143278957      
-0.585926177872717      98.0473324741508        -0.375429554393856      5.10992846701381        751.522282986647        28.896794958508         5.1099284670138         -0.164926528783067      -0.162350853625951      0.0633674401649141      0.0645578103269825      
-0.576072604599796      98.0853631888282        -0.364590049067341      5.1067286955104         751.343008208923        28.8933481043056        5.10672869551045        -0.162350853625951      -0.160441886617282      0.0871306143278957      0.0880085912471635      
-0.566214986557773      98.1229985730477        -0.353880295588726      5.10356534474891        751.165702560379        28.8899387053767        5.10356534474895        -0.160441886617282      -0.157838586697831      0.0645578103269825      0.0969446094307711      
-0.556350817056215      98.1601356534623        -0.343277430813254      5.10045206225933        750.991599488036        28.8865904970154        5.10045206225937        -0.157838586697831      -0.154969850757286      0.0880085912471635      0.113782210866709       
-0.546487833830051      98.1967433722404        -0.332829074893928      5.0973944139072         750.821296694305        28.8833149969995        5.09739441390723        -0.154969850757286      -0.151601392688196      0.0969446094307711      0.0928283613661907      
-0.536616767011935      98.2327332934604        -0.322514931177093      5.09440167224066        750.655501138463        28.880125829567         5.09440167224069        -0.151601392688196      -0.148851952027914      0.113782210866709       0.11278599311334        
-0.526740166543512      98.2681100558488        -0.31238197025773       5.09146162047865        750.492466299488        28.8769894225583        5.09146162047865        -0.148851952027914      -0.145509850965223      0.0928283613661907      0.0890722079607933      
-0.516861401627571      98.3029962383094        -0.302410006203583      5.088586578429          750.334960916426        28.8739590657284        5.08858657842896        -0.145509850965223      -0.142869611374989      0.11278599311334        0.114501996378244       
-0.506978729036239      98.3374098818898        -0.292668547412645      5.08576292032732        750.181129287517        28.870999083808         5.08576292032735        -0.142869611374989      -0.139474725462021      0.0890722079607933      0.107964039487603       
-0.497095075680723      98.3720840878796        -0.283132954003888      5.0830057249672         750.03879989347         28.8682601541222        5.08300572496724        -0.139474725462021      -0.136273183892679      0.114501996378244       0.118373596134411       
-0.487208209135491      98.4078035136102        -0.273825612844638      5.08031152042318        749.913446834601        28.8658476949761        5.08031152042315        -0.136273183892679      -0.132762918779024      0.107964039487603       0.105234744591581       
-0.47732436718824       98.4452345832066        -0.26476225024108       5.0776869485378         749.811124183335        28.8638783138167        5.07768694853784        -0.132762918779024      -0.129642125007343      0.118373596134411       0.105782646431295       
-0.467441192644979      98.4823432785092        -0.255938879065451      5.0751238989131         749.715140990589        28.8620308246471        5.0751238989131         -0.129642125007343      -0.126503840111557      0.105234744591581       0.104772114337727       
-0.457551000881131      98.5115437813435        -0.247320141481372      5.07262117401446        749.567614305143        28.8591909932259        5.07262117401446        -0.126503840111557      -0.123393220594147      0.105782646431295       0.112912927896444       
-0.447646986988625      98.5355364042811        -0.238903889764824      5.07017765500135        749.389012350837        28.8557526009563        5.07017765500135        -0.123393220594147      -0.120038318804605      0.104772114337727       0.116744042792341       
-0.437739805181605      98.5606802616478        -0.230715972820731      5.06779907310704        749.228586112167        28.8526637728875        5.06779907310704        -0.120038318804605      -0.116567868574812      0.112912927896444       0.108441048616214       
-0.427827806021776      98.5873350496934        -0.222729548875422      5.06548853443659        749.08952300232         28.8499860004264        5.06548853443662        -0.116567868574812      -0.113343276355163      0.116744042792341       0.105487317321037       
-0.417916180653828      98.614407563007         -0.214931121483066      5.06324135551396        748.962819933788        28.8475460141334        5.06324135551397        -0.113343276355163      -0.110205822669468      0.108441048616214       0.098040630136192       
-0.407998810739894      98.6411747095643        -0.207302499773574      5.06105590123514        748.84274905291         28.8452335568232        5.06105590123511        -0.110205822669468      -0.107289578335458      0.105487317321037       0.104911105527954       
-0.398083854493231      98.6672062428205        -0.199857754527743      5.05892826677521        748.725477998317        28.8429748426876        5.05892826677518        -0.107289578335458      -0.104168718032974      0.098040630136192       0.0832589837141876      
-0.388169606061533      98.6922338581467        -0.1925459710223        5.05686244476227        748.609576480436        28.8407423328803        5.05686244476224        -0.104168718032974      -0.101691740306436      0.104911105527954       0.0919147294676008      
-0.378250057611096      98.7166084064689        -0.185381134134807      5.05484532061001        748.495779104894        28.8385501851812        5.05484532061004        -0.101691740306436      -0.0989566255192543     0.0832589837141876      0.0658440675431059      
-0.368332056064957      98.7405552520613        -0.178342724039099      5.0528820023005         748.386561795449        28.8364461093451        5.05288200230051        -0.0989566255192543     -0.0969967872849531     0.0919147294676008      0.0771512611561549      
-0.358407226446211      98.7643664006242        -0.171451064757345      5.05095699760933        748.281851378526        28.8344287148102        5.05095699760936        -0.0969967872849531     -0.0946998775600278     0.0658440675431059      0.0567046432272104      
-0.348482754221395      98.7880910302344        -0.16468326765185       5.04907719587516        748.183046467194        28.8325249687685        5.04907719587518        -0.0946998775600278     -0.0930113476221161     0.0771512611561549      0.0817958810023814      
-0.33855633473919       98.8118507436147        -0.158070452889623      5.04723064345052        748.089301513846        28.8307186003989        5.04723064345051        -0.0930113476221161     -0.0905751378604649     0.0567046432272104      0.0691129679929087      
-0.328627685916404      98.83547793267          -0.151563687974106      5.04543195079578        748.001517350497        28.8290269876752        5.04543195079581        -0.0905751378604649     -0.0885161376854584     0.0817958810023814      0.0805099323647709      
-0.31869426438595       98.8590488539152        -0.145182762536438      5.04367364212213        747.919168484633        28.8274400236348        5.0436736421221         -0.0885161376854584     -0.0861169886935767     0.0691129679929087      0.0638623143956896      
-0.30876121140329       98.8831680357646        -0.138918637104722      5.04196263696841        747.847857992091        28.826065712054         5.0419626369684         -0.0861169886935767     -0.0842134922332772     0.0805099323647709      0.0675786286063885      
-0.298823976625996      98.9086654018056        -0.132766868719496      5.04028906070012        747.792396349753        28.8249967977208        5.04028906070011        -0.0842134922332772     -0.0821988105788557     0.0638623143956896      0.0719087981723288      
-0.288885462657559      98.9366379815203        -0.126719153470037      5.03865517322422        747.761404180498        28.8243994672048        5.03865517322419        -0.0821988105788557     -0.0800544819675668     0.0675786286063885      0.0817577429535366      
-0.278945196944423      98.9688185129339        -0.120801453739649      5.03706351077234        747.768336653624        28.8245330819584        5.03706351077239        -0.0800544819675668     -0.0776157256839        0.0719087981723288      0.0725596529625128      
-0.268999761633384      99.0077107897711        -0.115001021303726      5.03551975990865        747.832926097819        28.8257779329894        5.03551975990868        -0.0776157256839        -0.0754505024517557     0.0817577429535366      0.0735286979605645      
-0.259051565878352      99.057209183434         -0.109326368594813      5.0340184650741         747.983730192171        28.82868421463          5.03401846507408        -0.0754505024517557     -0.0732552503011958     0.0725596529625128      0.0880509174797798      
-0.249097903317083      99.1223867219998        -0.103776734090955      5.03256003336157        748.259042742819        28.8339892554067        5.03256003336159        -0.0732552503011958     -0.0706246428005617     0.0735286979605645      0.0927934457608184      
-0.239135617102598      99.2102484574181        -0.0983393489187459     5.03115283372213        748.712883991224        28.8427322636863        5.03115283372217        -0.0706246428005617     -0.0678496573766294     0.0880509174797798      0.0955456496041968      
-0.229163749250114      99.3301328285711        -0.0930159850007379     5.02979943674903        749.41596923003         28.8562715931145        5.029799436749          -0.0678496573766294     -0.0649886034182003     0.0927934457608184      0.0867872080695175      
-0.219175775370463      99.4945997701262        -0.0877807960150455     5.02850114060025        750.463062641467        28.876423729046         5.02850114060023        -0.0649886034182003     -0.0623852796960183     0.0955456496041968      0.0967572353565403      
-0.20916901185663       99.7193687717901        -0.0826534562276172     5.02725239263611        751.971652875217        28.9054330317026        5.02725239263611        -0.0623852796960183     -0.0594762608809891     0.0867872080695175      0.0953852581403292      
-0.199137095579476      100.02406913291         -0.0776383991698327     5.02605883725687        754.090284905784        28.946123995101         5.02605883725683        -0.0594762608809891     -0.0566000747622269     0.0967572353565403      0.111394021586006       
-0.189072169958983      100.430730875601        -0.0727363632328066     5.02491925015948        756.984469326587        29.0016181411886        5.02491925015944        -0.0566000747622269     -0.0532282316144145     0.0953852581403292      0.0945203239194696      
-0.178965895352426      100.963805512479        -0.067929307215979      5.02384291701463        760.839448798062        29.0753704246598        5.02384291701465        -0.0532282316144145     -0.0503524598605711     0.111394021586006       0.109112890488092       
-0.168801179561023      101.648866415294        -0.0632644658769357     5.02281878304674        765.845753259218        29.1708711876004        5.02281878304674        -0.0503524598605711     -0.0470098298039348     0.0945203239194696      0.0966206021317742      
-0.158558278558378      102.504096962331        -0.0586940955790986     5.02185512348893        772.141086763334        29.2905196411424        5.02185512348893        -0.0470098298039348     -0.0440236768819012     0.109112890488092       0.117519229347659       
-0.148210581223167      103.539551358034        -0.0541853709445118     5.02094373844757        779.799393109188        29.4354169347288        5.02094373844761        -0.0440236768819012     -0.0403528486162009     0.0966206021317742      0.106419597796488       
-0.137744564222879      104.768298014384        -0.049734784325435      5.02009872233505        788.920798504841        29.6070711993838        5.02009872233504        -0.0403528486162009     -0.0369884484328528     0.117519229347659       0.105087632489731       
-0.127142934438025      106.192424309591        -0.0453598871798896     5.01931428529333        799.519728490591        29.8052890252457        5.01931428529335        -0.0369884484328528     -0.0336217322998456     0.106419597796488       0.104940447459981       
-0.116396966523697      107.793472551854        -0.0410263560086027     5.01859130367902        811.457075913146        30.026970763579         5.01859130367898        -0.0336217322998456     -0.030210514794737      0.105087632489731       0.105099242616245       
-0.105483728804042      109.537590143753        -0.0367274734365857     5.01793173492969        824.478224625087        30.2669277636515        5.01793173492971        -0.030210514794737      -0.0267406619913768     0.104940447459981       0.0970448136567344      
-0.0943913254147986     111.375613475464        -0.0324718644854799     5.01733848238957        838.213727235289        30.5180042895499        5.0173384823896         -0.0267406619913768     -0.0234847699551731     0.105099242616245       0.106830212075641       
-0.0831185506488397     113.24614128251         -0.0282648180159214     5.01680895774105        852.201384023555        30.7715847283308        5.01680895774101        -0.0234847699551731     -0.0198424497862627     0.0970448136567344      0.109518929892949       
-0.0716613504474755     115.078226222885        -0.0241059625982021     5.01635432976278        865.909737561886        31.0180903768159        5.01635432976276        -0.0198424497862627     -0.0160501451840323     0.106830212075641       0.090192664969936       
-0.0600247505128722     116.792958090901        -0.0200026901086677     5.01598097216664        878.746883200526        31.2471666840109        5.01598097216661        -0.0160501451840323     -0.0128821633137988     0.109518929892949       0.076465049911585       
-0.0482312603799267     118.307759985609        -0.0159384640367772     5.01567724030121        890.090308666255        31.4481991829643        5.01567724030122        -0.0128821633137988     -0.0101629927306973     0.090192664969936       0.077619327084758       
-0.036299427628174      119.515183755494        -0.0118848271624109     5.01543489444055        899.130934534169        31.607504990186         5.01543489444053        -0.0101629927306973     -0.00737495911222201    0.076465049911585       0.0852951931917472      
-0.0242647532851574     120.320574468218        -0.00786874056046209    5.01525747755108        905.157991207457        31.7132638077764        5.01525747755106        -0.00737495911222201    -0.00428920373208202    0.077619327084758       0.0778818445662489      
-0.0121526132083957     120.699545402387        -0.00390988314856732    5.01515370407575        907.990158307557        31.7628391941757        5.01515370407575        -0.00428920373208202    -0.00146027128985497    0.0852951931917472      0.0814999034590119      
-2.334378448633e-05     120.783262740499        6.13733903493264e-06    5.0151182925253         908.613525601149        31.7737404785977        5.01511829252533        -0.00146027128985497    0.00150384670439936     0.0778818445662489      0.0758245044472515      
0.0121059384574897      120.700749962383        0.00391534590385083     5.01515475913004        907.999410906616        31.763001028566         5.01515475913002        0.00150384670439936     0.00425801176701641     0.0814999034590119      0.0847379395649458      
0.0242158730958378      120.321440255732        0.00787406568799147     5.0152577758198         905.164558260594        31.713378849743         5.01525777581981        0.00425801176701641     0.0073236928534698      0.0758245044472515      0.0801249571452075      
0.0362539480194124      119.516070943036        0.0118993844476502      5.01543397484793        899.137444122059        31.6076194070364        5.01543397484795        0.0073236928534698      0.010201874198336       0.0847379395649458      0.0776483455147902      
0.0481853997725114      118.308167196111        0.0159474218663973      5.01567726051773        890.093375908595        31.4482533680082        5.01567726051774        0.010201874198336       0.0129631518513173      0.0801249571452075      0.0859255068099345      
0.0599787302646864      116.793089759505        0.0200052732865356      5.01598288700033        878.748209330353        31.2471902617811        5.01598288700032        0.0129631518513173      0.0159810921965452      0.0776483455147902      0.108078953316952       
0.0716137306099739      115.078344735251        0.0241112910358354      5.01635461298677        865.91067820134         31.0181072243177        5.01635461298673        0.0159810921965452      0.0197232697059847      0.0859255068099345      0.109770875955884       
0.0830711230223402      113.246267930715        0.0282775511519223      5.01680647929154        852.201916065597        30.771594333909         5.01680647929149        0.0197232697059847      0.0234654967360262      0.108078953316952       0.0988683862531038      
0.0943419661246889      111.375658388557        0.0324838403282638      5.01733551031373        838.21356872622         30.5180014040205        5.01733551031369        0.0234654967360262      0.0267822561002232      0.109770875955884       0.106885346252296       
0.105433006685933       109.537565502699        0.0367359062799338      5.01792962380097        824.477692282548        30.2669179923954        5.017929623801          0.0267822561002232      0.0303107784965224      0.0988683862531038      0.101822043544001       
0.116346284104606       107.79345825216         0.0410275783735131      5.01859134678996        811.456975237283        30.0269689008857        5.01859134678994        0.0303107784965224      0.0336203892633729      0.106885346252296       0.104228346414314       
0.127091241880946       106.192451135043        0.0453583609382837      5.01931424278304        799.519923687243        29.8052926636127        5.0193142427831         0.0336203892633729      0.0369593321132113      0.101822043544001       0.108052344854912       
0.137691476829421       104.768365774576        0.0497292077287736      5.0200979936977         788.921194241901        29.6070786251063        5.02009799369768        0.0369593321132113      0.0403751126149789      0.104228346414314       0.114975901198021       
0.1481575793312         103.539645685726        0.0541710014290976      5.02094343560382        779.800056495739        29.4354294552923        5.0209434356039         0.0403751126149789      0.0439663880837846      0.108052344854912       0.0917908055778972      
0.158504497798599       102.504133171315        0.0586775556845476      5.0218536215734         772.141128588919        29.2905204344515        5.02185362157349        0.0439663880837846      0.0468032741153941      0.114975901198021       0.114814611152691       
0.168748276486638       101.648923723958        0.0632619602129044      5.02281306449172        765.84531310833         29.1708628049812        5.02281306449172        0.0468032741153941      0.0503206408692133      0.0917908055778972      0.101484143210505       
0.178912766479176       100.96389115396         0.0679327764456533      5.02383657805202        760.839134162589        29.0753644127844        5.02383657805204        0.0503206408692133      0.0534084210514619      0.114814611152691       0.105061894030655       
0.189019678916584       100.430806388406        0.0727337299985583      5.0249166084092         756.984640525547        29.001621420679         5.02491660840923        0.0534084210514619      0.0565886597878227      0.101484143210505       0.0891786471830068      
0.199085561272489       100.024105190121        0.0776374031643924      5.0260559895824         754.090129490143        28.9461210122482        5.02605598958248        0.0565886597878227      0.0592776329511173      0.105061894030655       0.100246171161619       
0.209115771123722       99.7194822799813        0.0826531775643489      5.02724546995592        751.971473337579        28.9054295810316        5.02724546995599        0.0592776329511173      0.0622913157712661      0.0891786471830068      0.0949942627302518      
0.219121988340694       99.4947585324437        0.0877709530029398      5.0284922166941         750.462928323377        28.8764211448906        5.02849221669408        0.0622913157712661      0.0651406026196275      0.100246171161619       0.0974159369899756      
0.229108896254091       99.3303039666411        0.0929903256673365      5.02979347130185        749.41637159076         28.8562793395661        5.02979347130189        0.0651406026196275      0.0680576245889525      0.0949942627302518      0.088394460109266       
0.239081045274279       99.2103217454118        0.0983085012673853      5.0311510459179         748.71317102292         28.8427377923594        5.03115104591797        0.0680576245889525      0.0707011749529889      0.0974159369899756      0.0814100847389048      
0.24904469678225        99.1224382758414        0.103747639004068       5.03255989137589        748.259410803572        28.8339963469739        5.03255989137586        0.0707011749529889      0.0731334976841651      0.088394460109266       0.0729493402426239      
0.258998767939586       99.0572835996599        0.109298317628297       5.03401594368586        747.98391746835         28.8286878236159        5.03401594368578        0.0731334976841651      0.0753115136958054      0.0814100847389048      0.0752932251974611      
0.2689459997624         99.0078104479183        0.114974613262994       5.03551446913812        747.832893102265        28.8257772970703        5.03551446913812        0.0753115136958054      0.0775583204426729      0.0729493402426239      0.0793855735583727      
0.278892852910245       98.9689299470854        0.120782743169199       5.03705711222228        747.768228718493        28.8245310016484        5.03705711222219        0.0775583204426729      0.079926387351053       0.0752932251974611      0.0737153356183855      
0.288832123421037       98.9367745998046        0.126708753645291       5.0386462804029         747.761116998548        28.8243939321184        5.03864628040297        0.079926387351053       0.0821246745059938      0.0793855735583727      0.0676910777222646      
0.29877252459003        98.9088156137441        0.132761650720265       5.04027877426123        747.792005887908        28.8249892721944        5.04027877426127        0.0821246745059938      0.0841427198220359      0.0737153356183855      0.0648860372794096      
0.308708928540165       98.8833264110706        0.138921965215053       5.04195092056536        747.847317940294        28.8260553038064        5.0419509205654         0.0841427198220359      0.0860766270878057      0.0676910777222646      0.0859991209467298      
0.318641197336589       98.8592474152216        0.145190423111391       5.04366094230661        747.918787460968        28.8274326806365        5.04366094230662        0.0860766270878057      0.0886391556823491      0.0648860372794096      0.0693776635338627      
0.328572801063441       98.8356545744647        0.151561794187029       5.04542156522028        748.001314504           28.8290230786808        5.04542156522035        0.0886391556823491      0.0907060118213156      0.0859991209467298      0.0732080286487812      
0.338502949458019       98.8119846521945        0.158064831024797       5.04722293589874        748.089172917345        28.8307161223995        5.04722293589882        0.0907060118213156      0.0928865314712135      0.0693776635338627      0.0609855563269245      
0.348429930685392       98.7882297508826        0.164687689781884       5.04906714010086        748.182606995874        28.8325165008744        5.04906714010084        0.0928865314712135      0.0947026240026875      0.0732080286487812      0.0857456839407719      
0.358354573577021       98.7645136692165        0.171455019722399       5.0509470340683         748.28149108309         28.8344217729645        5.05094703406821        0.0947026240026875      0.0972554751788313      0.0609855563269245      0.0616944343688645      
0.368279296632274       98.7406736192409        0.178325558821573       5.05287721929807        748.386750523212        28.8364497453254        5.05287721929812        0.0972554751788313      0.0990918455207175      0.0857456839407719      0.0855779957116862      
0.378198298972434       98.7166790555857        0.18535288924583        5.0548432899517         748.496014095664        28.8385547121223        5.05484328995174        0.0990918455207175      0.101638475870971       0.0616944343688645      0.0860683515622156      
0.388117356217039       98.6923417030154        0.192519845826145       5.05685940513461        748.609944533478        28.8407494226385        5.05685940513459        0.101638475870971       0.104199074825652       0.0855779957116862      0.103226946493874       
0.398032522262256       98.6672645183095        0.199832729886472       5.05892585317575        748.725563000709        28.8429764799511        5.05892585317581        0.104199074825652       0.107269849311673       0.0860683515622156      0.101569092848385       
0.407946595288759       98.6412717575743        0.207280087779183       5.06105308805162        748.843069557015        28.8452397296911        5.06105308805167        0.107269849311673       0.110291070722955       0.103226946493874       0.104444190812403       
0.417864658488492       98.6144469301301        0.214905363364714       5.06324025487613        748.96295611347         28.8475486367265        5.06324025487621        0.110291070722955       0.113397486198285       0.101569092848385       0.101877072621361       
0.427776179820323       98.5874239069947        0.222699416496274       5.0654885051822         749.09019383461         28.8499989184404        5.06548850518214        0.113397486198285       0.116426921214118       0.104444190812403       0.11713363685383        
0.437687633838117       98.5607706058846        0.230692603712973       5.06779624838333        749.228855271408        28.8526689555251        5.06779624838336        0.116426921214118       0.119909048851207       0.101877072621361       0.119807587311519       
0.447595980851808       98.5356857429699        0.238889694109668       5.0701724059081         749.389372276857        28.8557595305581        5.07017240590811        0.119909048851207       0.123469109553916       0.11713363685383        0.102453365745465       
0.457500496855182       98.5116686608326        0.247302962193977       5.07261770148689        749.568051377926        28.85919940712          5.07261770148696        0.123469109553916       0.126511167430123       0.119807587311519       0.100689433037717       
0.467392953650096       98.4824806653979        0.255928787275056       5.07512081234024        749.715730913784        28.8620421798786        5.07512081234029        0.126511167430123       0.12949849729072        0.102453365745465       0.109520109973782       
0.477274905843732       98.4453982027153        0.264761427558251       5.07768103208165        749.811496724479        28.8638854842764        5.07768103208166        0.12949849729072        0.132746357511463       0.100689433037717       0.120704346513166       
0.487159076713021       98.4080026813433        0.27382022400212        5.08030518506178        749.914029410402        28.8658589072974        5.08030518506177        0.132746357511463       0.136325708471716       0.109520109973782       0.0974980525069817      
0.497045129077659       98.3722661809005        0.283104914815758       5.08300045448847        750.039410559867        28.8682719060961        5.08300045448849        0.136325708471716       0.13921700506804        0.120704346513166       0.110775616930821       
0.506930469758641       98.3376735674798        0.292634790823816       5.0857527475013         750.181640293044        28.871008916925         5.08575274750126        0.13921700506804        0.142501550651835       0.0974980525069817      0.0989350605320471      
0.516813345599484       98.3033486744391        0.30237566231499        5.08856925383842        750.335096421163        28.8739616729361        5.08856925383839        0.142501550651835       0.145434168690239       0.110775616930821       0.120910691050777       
0.526691736589766       98.2684785212893        0.31233683708675        5.09144270431045        750.49249204636         28.8769899178944        5.09144270431054        0.145434168690239       0.14901683512869        0.0989350605320471      0.0815247185835193      
0.536567558494005       98.2330628659312        0.322452965384256       5.09438579429261        750.65567999108         28.8801292700839        5.0943857942926         0.14901683512869        0.151431416088902       0.120910691050777       0.11533785177436        
0.546437624197584       98.1971309779012        0.332771967878475       5.0973751520357         750.821423171923        28.8833174297306        5.09737515203578        0.151431416088902       0.154845973645979       0.0815247185835193      0.102626153198037       
0.556303012610306       98.1605438473376        0.343222672640894       5.10043055524985        750.991555738354        28.8865896556085        5.10043055524991        0.154845973645979       0.157882931833871       0.11533785177436        0.0943878703205668      
0.566165943561263       98.123427369248         0.353813965443071       5.10354475061564        751.16595399411         28.8899435404646        5.1035447506156         0.157882931833871       0.160675014344435       0.102626153198037       0.0624384302869948      
0.576024117316902       98.0857490894338        0.364519923577009       5.10671274556661        751.34361755019         28.893359820596         5.10671274556657        0.160675014344435       0.162521378376352       0.0943878703205668      0.0822687534786447      
0.585878411820626       98.0476865871536        0.375369787504818       5.10991610742412        751.523179481052        28.896812194063         5.10991610742416        0.162521378376352       0.16495340900862        0.0624384302869948      0.0626814265910206      
0.595732454979703       98.0091776847317        0.386317164868191       5.11316664417433        751.705887240788        28.9003246279497        5.11316664417427        0.16495340900862        0.166805784776389       0.0822687534786447      0.0644610862384106      
0.605581648245829       97.9703228040052        0.397383594987914       5.11645239428008        751.890739018417        28.9038778447617        5.11645239428012        0.166805784776389       0.168709884600425       0.0626814265910206      0.0445515697729539      
0.615425335544737       97.9312401974276        0.408526435754279       5.11977380778407        752.078697789901        28.9074903363183        5.11977380778415        0.168709884600425       0.170025252243114       0.0644610862384106      0.0524940743213803      
0.625263028553555       97.8918089030282        0.419771018116365       5.12311959324978        752.26716631465         28.9111121719016        5.12311959324971        0.170025252243114       0.171574508570651       0.0445515697729539      0.0508820377510686      
0.635100291092049       97.8517210926273        0.431135828388019       5.12649485593459        752.454517238549        28.9147120806952        5.12649485593454        0.171574508570651       0.17307565884251        0.0524940743213803      0.0221752077280229      
0.644932643629733       97.8115722554543        0.442573391660716       5.12989840265749        752.645142412009        28.9183744435573        5.12989840265754        0.17307565884251        0.173729622566513       0.0508820377510686      0.0192287825241486      
0.654760836545225       97.7713085234101        0.45405660214249        5.13331322382037        752.836126430164        28.9220432356084        5.13331322382033        0.173729622566513       0.174296432511416       0.0221752077280229      0.0114354209537685      
0.664584002644498       97.7311480608311        0.465555873536212       5.13673760659756        753.028895370039        28.9257458440293        5.13673760659749        0.174296432511416       0.17463335976116        0.0192287825241486      0.0277418911575755      
0.674403256844485       97.6912403153839        0.477099071608317       5.14016702096087        753.223937558849        28.9294916335648        5.14016702096086        0.17463335976116        0.175450331685402       0.0114354209537685      0.0051676212080144      
0.684217175142132       97.6521348679468        0.488687856161021       5.14361072934484        753.426852975301        28.9333881139132        5.14361072934476        0.175450331685402       0.175602447717134       0.0277418911575755      0.0223140222780747      
0.694025734089128       97.6143389888806        0.500353794629766       5.14705601213707        753.639705545256        28.9374748484701        5.14705601213704        0.175602447717134       0.176259074941846       0.0051676212080144      -0.0147373539667661     
0.70383427384953        97.577195557145         0.512026826321137       5.15051340877903        753.858981162194        28.9416843010253        5.15051340877903        0.176259074941846       0.175825505629167       0.0223140222780747      0.0142041183589236      
0.713639485119527       97.5385106498126        0.523723929306953       5.15396155856541        754.064601553285        28.9456310568871        5.15396155856543        0.175825505629167       0.176243327405186       -0.0147373539667661     -0.0186516961401039     
0.723442929990016       97.4979423634375        0.535399322593122       5.1574174543969         754.256384569462        28.9493117279431        5.15741745439683        0.176243327405186       0.175694734029537       0.0142041183589236      0.0231737170773895      
0.733248152917277       97.4576454737501        0.547140145005779       5.16086251036758        754.448263311257        28.9529937678924        5.16086251036754        0.175694734029537       0.176376229938063       -0.0186516961401039     -0.0255758888971376     
0.74305064496814        97.4183607458764        0.558805442989126       5.16432015572213        754.649405906009        28.9568530730735        5.1643201557222         0.176376229938063       0.175624380649347       0.0231737170773895      0.00633584567963381     
0.752848049484943       97.3811354800692        0.57045208640402        5.16776115410201        754.86367361437         28.9609636429294        5.16776115410194        0.175624380649347       0.175810506403485       -0.0255758888971376     -0.0219998511890502     
0.762636633264721       97.3445370376987        0.582041173347461       5.17120293931457        755.082534083346        28.9651617193127        5.1712029393146         0.175810506403485       0.175164756163076       0.00633584567963381     -0.0133232408336858     
0.772415411952994       97.3022173245309        0.593615995928244       5.1746290722697         755.254323845733        28.9684564818304        5.17462907226969        0.175164756163076       0.174773945475746       -0.0219998511890502     -0.0333317602806046     
0.782188246898213       97.2555997513816        0.605114399313869       5.17804578468073        755.390922493856        28.9710760451764        5.17804578468075        0.174773945475746       0.173796609888107       -0.0133232408336858     -0.0210583588408418     
0.791962445452008       97.2121625473207        0.616574475666863       5.18144275143958        755.548882473871        28.9741049612288        5.18144275143955        0.173796609888107       0.17317927093281        -0.0333317602806046     -0.0448123579705244     
0.801732502475429       97.1713874497993        0.627937863663696       5.18482703953505        755.725255678284        28.9774865806444        5.18482703953506        0.17317927093281        0.171865873884396       -0.0210583588408418     -0.0398181357959858     
0.811502406793905       97.1319532060757        0.639231480094273       5.18818472912136        755.907774500239        28.9809856150975        5.18818472912128        0.171865873884396       0.170699290373858       -0.0448123579705244     -0.0390060645360608     
0.821265912831275       97.0930940160857        0.650417272820233       5.19151811287271        756.090834329042        28.9844945968059        5.19151811287274        0.170699290373858       0.169556975992764       -0.0398181357959858     -0.0483983893532457     
0.831024621615612       97.0546403970948        0.661483880424073       5.19482767060065        756.273197242536        28.9879897973576        5.19482767060066        0.169556975992764       0.168140199569062       -0.0390060645360608     -0.0592022368104635     
0.84078140446236        97.0166451715825        0.672440309898367       5.19810844014827        756.45456315191         28.9914654712174        5.19810844014837        0.168140199569062       0.166407818175929       -0.0483983893532457     -0.0724277319132807     
0.85053334377894        96.9792295890745        0.683282050652913       5.20135411610326        756.634972499483        28.9949224003001        5.20135411610322        0.166407818175929       0.164289213890698       -0.0592022368104635     -0.0597133104404018     
0.860281377809025       96.9424644312335        0.694014953049871       5.20455725053661        756.813909210696        28.9983507042632        5.20455725053664        0.164289213890698       0.162543171996737       -0.0724277319132807     -0.0932426851040704     
0.870027219846562       96.9059563020143        0.704596176253286       5.20772528635094        756.989398548028        29.0017125652957        5.20772528635086        0.162543171996737       0.159817787277898       -0.0597133104404018     -0.0828445910254722     
0.879768355569912       96.8699788803509        0.715051005919079       5.21083885657479        757.160774977967        29.0049952590156        5.21083885657486        0.159817787277898       0.157397401015486       -0.0932426851040704     -0.107431332018528      
0.889504243240222       96.8345707795068        0.725337543295632       5.21390377672941        757.329201457863        29.0082210848707        5.21390377672936        0.157397401015486       0.154260062877602       -0.0828445910254722     -0.0592927615150279     
0.899236322814296       96.8000069140843        0.735487002581838       5.21690639999933        757.494863385098        29.01139361211          5.21690639999937        0.154260062877602       0.152529099936642       -0.107431332018528      -0.112838983179696      
0.908965642599158       96.7659087636352        0.745388447241305       5.21987454176562        757.658855499172        29.0145338197404        5.21987454176567        0.152529099936642       0.149235737086664       -0.0592927615150279     -0.077893468610014      
0.918693946350418       96.7326007943027        0.755135517636633       5.22277802642102        757.819352800562        29.0176067778122        5.22277802642109        0.149235737086664       0.146962845705659       -0.112838983179696      -0.112457775036991      
0.928419404661476       96.6997961570874        0.764647062950597       5.22563655286508        757.976984179617        29.0206245468367        5.22563655286505        0.146962845705659       0.14368232359075        -0.077893468610014      -0.0837248760618068     
0.938141532860006       96.6678462880668        0.773980532520229       5.22843034996015        758.131652096717        29.0235852769723        5.22843034996023        0.14368232359075        0.141240815526248       -0.112457775036991      -0.110588411749407      
0.947860347030866       96.6364787933581        0.783076006992751       5.23117568862303        758.283597746924        29.0264936020511        5.23117568862305        0.141240815526248       0.138017134902749       -0.0837248760618068     -0.0975875615923161     
0.957575170088482       96.605928437805         0.791978207986762       5.23385733199275        758.432470302259        29.0293428237755        5.23385733199278        0.138017134902749       0.135173498111177       -0.110588411749407      -0.121325913007325      
0.967286281429062       96.5760887520785        0.800658044289149       5.23648274167222        758.578533012695        29.0321379970675        5.23648274167215        0.135173498111177       0.131639350367262       -0.0975875615923161     -0.102128326720433      
0.976994271382272       96.5470455100352        0.80916307749417        5.23903870468492        758.720562375076        29.0348557269262        5.239038704685          0.131639350367262       0.128665478287957       -0.121325913007325      -0.101345296847182      
0.986699991231981       96.518797397141         0.817468590502951       5.24153602740994        758.860130819093        29.0375261193568        5.24153602741           0.128665478287957       0.125715589821094       -0.102128326720433      -0.101341078479823      
0.996399408067575       96.4926815522899        0.825585312447503       5.24397496643839        759.007809757079        29.0403514242028        5.24397496643844        0.125715589821094       0.122766787781148       -0.101345296847182      -0.0796541929714529     
1.00609575476777        96.4707530416669        0.833538990184802       5.24635605625074        759.179879206828        29.043643007011         5.24635605625066        0.122766787781148       0.120449276777293       -0.101341078479823      -0.0899259284074219     
1.01579410008172        96.4497203172745        0.841314530359956       5.24869238316522        759.352368581541        29.0469422483588        5.24869238316519        0.120449276777293       0.117832666425086       -0.0796541929714529     -0.0649308622016224     
1.02549460269079        96.4248622396919        0.848951649476299       5.25097834278819        759.487294990435        29.0495227535943        5.25097834278813        0.117832666425086       0.11594326117077        -0.0899259284074219     -0.0702648833387898     
1.0351953522039         96.3980714913648        0.856433431575876       5.25322756092768        759.601508968072        29.0517069486664        5.25322756092765        0.11594326117077        0.11389906475618        -0.0649308622016224     -0.0315851920454684     
1.04489195113934        96.3728550280812        0.86380341492568        5.25543630202796        759.722101266983        29.0540129426974        5.255436302028          0.11389906475618        0.112980547932164       -0.0702648833387898     -0.0572225968392581     
1.05458218701587        96.3492968543087        0.871023671533986       5.25762608436842        759.852864527654        29.0565132214153        5.25762608436848        0.112980547932164       0.111317286976          -0.0315851920454684     -0.00407289607163724    
1.06426899879321        96.3224928693258        0.878187245763302       5.25978264403455        759.953064336333        29.0584289614397        5.25978264403462        0.111317286976          0.11119894980373        -0.0572225968392581     -0.0582148567327542     
1.07395131661294        96.2922323210988        0.885220980625217       5.2619361533742         760.025367809246        29.0598112674388        5.26193615337426        0.11119894980373        0.109507914606404       -0.00407289607163724    -0.0112663590071005     
1.08363241736208        96.2657331445168        0.892253818149861       5.26405662166714        760.122404998553        29.0616663321013        5.26405662166705        0.109507914606404       0.109180682664005       -0.0582148567327542     -0.139037512218016      
1.09331511334018        96.2413793231231        0.899174579471176       5.26617072424788        760.235301379           29.0638244286796        5.26617072424787        0.109180682664005       0.105142850928876       -0.0112663590071005     -0.30360615841723       
1.10299529882072        96.2183157635576        0.905996533613747       5.26820622816197        760.346895553243        29.0659574751641        5.26820622816201        0.105142850928876       0.0963278701186537      -0.139037512218016      -1.07370352363579       
1.11267105862353        96.1973487918724        0.912194511569318       5.27007044423552        760.450207022794        29.0679320638702        5.27007044423545        0.0963278701186537      0.0651614567724274      -0.30360615841723       -3.40858554236206       
1.12234499648664        96.1830742374739        0.916458178143701       5.27133125632983        760.519268336833        29.0692519556859        5.27133125632976        0.0651614567724274      -0.0337741764989053     -1.07370352363579       -9.60846513886264       
1.13201945509976        96.1900097499133        0.914307755172433       5.27067770666149        760.479809988628        29.0684978396551        5.2706777066614         -0.0337741764989053     -0.312753852419653      -3.40858554236206       -10.0449364871846       
1.14169774604008        96.2563254481155        0.894303524658881       5.26462260998449        760.129840962262        29.0618084808962        5.26462260998458        -0.312753852419653      -0.604633992027792      -9.60846513886264       -11.2865065762832       
1.15138787000182        96.3853946902357        0.855492453338862       5.25290415912917        759.454860971468        29.0489024648564        5.25290415912914        -0.604633992027792      -0.933048171086169      -10.0449364871846       -12.9107819856927       
1.16109146164988        96.585907322547         0.795449557957201       5.2347902042144         758.410442275844        29.0289212544211        5.23479020421439        -0.933048171086169      -1.30954311076367       -11.2865065762832       -11.6919789706003       
1.17082163506467        96.8703847301909        0.710522723415507       5.20930070309047        756.940444925441        29.0007747966506        5.20930070309044        -1.30954311076367       -1.65152389160125       -12.9107819856927       -10.5601850984203       
1.18058654270814        97.2340072263131        0.602491061610506       5.1770426495122         755.076903590401        28.965053725527         5.17704264951222        -1.65152389160125       -1.96157397497236       -11.6919789706003       -7.92428701690571       
1.19039114609892        97.6730914577205        0.472818653408313       5.13857079309351        752.85014255369         28.9223124662083        5.13857079309358        -1.96157397497236       -2.19524582185433       -10.5601850984203       6.87233798604815        
1.20024252804519        98.1734924611459        0.326142898389783       5.09531719739484        750.337626698384        28.8740103572281        5.09531719739488        -2.19524582185433       -1.99165798490675       -7.92428701690571       13.5618158668998        
1.21014176868533        98.6355502641578        0.191564042806011       5.05588982967946        748.035713138089        28.8296859569378        5.05588982967954        -1.99165798490675       -1.5881373585828        6.87233798604815        13.5043270876922        
1.22008441382531        99.0097370819763        0.0832721358676805      5.02431946548914        746.184823940904        28.7939967497259        5.0243194654891         -1.5881373585828        -1.18483340807896       13.5618158668998        12.0089940553332        
1.23005760791535        99.2923325846916        0.0018664278344698      5.00068932406418        744.795161276546        28.7671719012517        5.00068932406425        -1.18483340807896       -0.825162139006003      13.5043270876922        9.39280387522765        
1.24005627739591        99.4911167955702        -0.0552967115809036     4.98419248589597        743.824315118819        28.7484166736732        4.98419248589595        -0.825162139006003      -0.543267682216464      12.0089940553332        11.2821940062148        
1.25007022106388        99.623060066157         -0.0932544237836194     4.97331310749081        743.185005653044        28.7360595314018        4.97331310749089        -0.543267682216464      -0.204221288118148      9.39280387522765        8.45237361130337        
1.26009529537212        99.6736411374927        -0.107704209367243      4.96921946057875        742.950295870757        28.7315215181042        4.9692194605788         -0.204221288118148      0.0499329770727454      11.2821940062148        7.87793066513696        
1.2701215085579         99.6630839703529        -0.104227695976279      4.97022059042669        743.021268082308        28.7328938110682        4.97022059042676        0.0499329770727454      0.286798491930308       8.45237361130337        1.0302172506284         
1.28014295276973        99.5962592846496        -0.0840245485957318     4.97596841293236        743.381760369957        28.7398631476282        4.97596841293233        0.286798491930308       0.317759367733848       7.87793066513696        -5.41362264423675       
1.29015650617626        99.5232706028548        -0.0617456210164026     4.98233279471967        743.787082443545        28.747697153058         4.98233279471969        0.317759367733848       0.155151756843889       1.0302172506284         -6.30750737894312       
1.30016582556288        99.4913101513209        -0.0511318471694101     4.98543881616617        744.011759249433        28.7520387537888        4.98543881616613        0.155151756843889       -0.0342515412451724     -5.41362264423675       -2.45484737041305       
1.31017212871982        99.5081761452658        -0.0539879603988761     4.98475321004876        744.035550699316        28.7524984556766        4.98475321004869        -0.0342515412451724     -0.107975865663395      -6.30750737894312       2.68391900218805        
1.32018379523211        99.5461453307418        -0.0618733642637191     4.98259106562142        743.996601513009        28.7517458699469        4.98259106562151        -0.107975865663395      -0.0273407251460168     -2.45484737041305       4.26915176428937        
1.3302028201825         99.5605983057914        -0.0636594344089336     4.98204329909598        744.022817465032        28.7522524231684        4.98204329909596        -0.0273407251460168     0.100956543734284       2.68391900218805        2.99669004736915        
1.34022274512843        99.5393011380906        -0.0560887373969865     4.98406614748689        744.165691720292        28.7550129295416        4.98406614748684        0.100956543734284       0.191006373205018       4.26915176428937        -0.604748128858424      
1.35023751615508        99.4952012895776        -0.0424143694917224     4.98789206040179        744.406986840543        28.7596744464757        4.98789206040171        0.191006373205018       0.172840615070598       2.99669004736915        -3.23424043960087       
1.36024862777084        99.4549995468965        -0.0306741692765915     4.99135253762322        744.622446551577        28.7638362174832        4.99135253762327        0.172840615070598       0.0757289166767021      -0.604748128858424      -3.18424283793036       
1.37025404160227        99.4354680097079        -0.0261995766668435     4.99286811412407        744.702266458013        28.7653778478769        4.99286811412416        0.0757289166767021      -0.0198584245235022     -3.23424043960087       -0.677622813836744      
1.38025846391444        99.4371316821449        -0.0281751635493224     4.99247073518066        744.655454870121        28.7644737455023        4.99247073518072        -0.0198584245235022     -0.0401978178671805     -3.18424283793036       1.39223846441271        
1.39026540079181        99.4453499254609        -0.0307504724158833     4.99166634124594        744.597009024522        28.7633449033183        4.99166634124601        -0.0401978178671805     0.00159051415273171     -0.677622813836744      2.14832279158214        
1.40026887592497        99.443784529516         -0.0295688146106637     4.99169816668983        744.590035387025        28.7632102092437        4.99169816668976        0.00159051415273171     0.0660672941064398      1.39223846441271        1.48854242628074        
1.41027405266663        99.425938249988         -0.0237257772810341     4.99302000191379        744.653547586853        28.7644369083085        4.99302000191387        0.0660672941064398      0.110731002664492       2.14832279158214        -0.589021624034748      
1.42027503749117        99.3971178374207        -0.0157134214778097     4.99523469609041        744.767897569307        28.7666453759926        4.99523469609034        0.110731002664492       0.0930644601349524      1.48854242628074        -2.03302427168338       
1.43026922989769        99.3730886059916        -0.0103185338964087     4.99709504981004        744.865153736003        28.7685235734398        4.99709504981003        0.0930644601349524      0.0321145834745718      -0.589021624034748      -1.98215057172552       
1.44025975628047        99.3611488384537        -0.00944321968577103    4.99773677361118        744.871301127291        28.7686422868776        4.99773677361127        0.0321145834745718      -0.0272910552774251     -2.03302427168338       -0.214283348821086      
1.4502491459753         99.362364114055         -0.0112337791014475     4.9971915546473         744.799150200819        28.7672489357992        4.99719155464729        -0.0272910552774251     -0.0337108010365203     -1.98215057172552       1.17448252534799        
1.46023571280898        99.3568146967614        -0.0113678291691893     4.99651837738383        744.657225826032        28.7645079496327        4.99651837738384        -0.0337108010365203     0.00145310450328206     -0.214283348821086      1.19356136933114        
1.47021156188217        99.2992582144023        -0.00808361249618225    4.9965473696312         744.230171156252        28.7562586647818        4.99654736963118        0.00145310450328206     0.0371514803406572      1.17448252534799        0.533560513697291       
1.48017716792469        99.1546148871331        -0.00350232199396515    4.99728772123856        743.256209219412        28.7374360802423        4.99728772123858        0.0371514803406572      0.0530835882471434      1.19356136933114        -0.396618971402588      
1.49012594026787        98.9001063395003        -0.000446804025932521   4.99834351428883        741.505057626776        28.7035626442816        4.99834351428879        0.0530835882471434      0.0412625121810259      0.533560513697291       -0.396618971402588      
1.50004130056576        98.6219368758834        0.000226137711079557    4.99916246897137        739.54062817077         28.6655160267286        4.9991624689714         0.0412625121810259      0.0412625121810259      -0.396618971402588      -0.396618971402588      
