# xp[i]                    V[i]                   up[i]                    p[i]                    e[i]                   cs[i]                  dd1[i]             dd2_left[i]            dd2_right[i]             dd3_left[i]            dd3_right[i]
-1.50017457898339       98.0924581807799        -0.00136588072815706    5.00192850050654        735.977193388783        28.596371047716         5.00193521598084        -0.000966755654354229   -0.000966755654354229   -0.131553750404244      -0.131553750404244      
-1.49030342994953       98.4298984060847        -0.00353046312936078    5.00193521598084        738.509962714218        28.645534123804         5.00193521598084        -0.000966755654354229   -0.000966755654354229   -0.131553750404244      -0.131553750404244      
-1.48038916882435       98.7562106204729        -0.00389050070835867    5.001916054284          740.955413044194        28.6929223375962        5.001916054284          -0.000966755654354229   -0.00488327030784394    -0.131553750404244      -0.144132675214788      
-1.47044759931992       98.9526444358931        -0.00198966447246134    5.00181898215914        742.41482291144         28.7211656934479        5.00181898215914        -0.00488327030784394    -0.00918538753740755    -0.131553750404244      -0.00519723591587576    
-1.46048798468851       99.0391121368085        0.00146824927243691     5.00163600558483        743.036383836922        28.7331860753559        5.00163600558483        -0.00918538753740755    -0.00934077183972229    -0.144132675214788      0.218029676458759       
-1.45050798772146       99.0609655593245        0.00486195050759089     5.00144968617403        743.17265266317         28.7358207094902        5.00144968617403        -0.00934077183972229    -0.0028170916235333     -0.00519723591587576    0.37365851606954        
-1.44053380292713       99.068406522095         0.00657592396891541     5.00139348164763        743.220123925236        28.7367384665467        5.00139348164763        -0.0028170916235333     0.00836760713919808     0.218029676458759       0.378129909433431       
-1.43055965021043       99.0733551511896        0.0058971104073782      5.00156046437157        743.28206429525         28.7379359093178        5.00156046437157        0.00836760713919808     0.0196931361771359      0.37365851606954        0.172241434436204       
-1.42057043780659       99.0718642312821        0.00327522791220762     5.00195387916879        743.329343412217        28.7388498844376        5.00195387916879        0.0196931361771359      0.0248563200069496      0.378129909433431       -0.155751052108484      
-1.41056850593467       99.066718864834         3.95770280493191e-05    5.00245087508571        743.364591715888        28.7395312672649        5.00245087508571        0.0248563200069496      0.0201855318901934      0.172241434436204       -0.480603722502288      
-1.40057208107966       99.0629022800125        -0.00220444927997872    5.00285444914941        743.39592212582         28.7401368999643        5.00285444914941        0.0201855318901934      0.00577346098600062     -0.155751052108484      -0.626573725639513      
-1.39058039454213       99.0639682077564        -0.00223792057875769    5.00296985054543        743.421069328194        28.7406229988958        5.00296985054543        0.00577346098600062     -0.0130163947452449     -0.480603722502288      -0.480036617016562      
-1.38058368746          99.0692687883255        0.000220749412199299    5.00270959809089        743.422172764804        28.7406443282912        5.00270959809089        -0.0130163947452449     -0.0274147855260675     -0.626573725639513      -0.0168074642767662     
-1.37058037975351       99.077717781081         0.00428221388836015     5.002161297925          743.404088056889        28.7402947494529        5.002161297925          -0.0274147855260675     -0.0279189800465498     -0.480036617016562      0.536982718142434       
-1.36058337721465       99.0845865089705        0.0081000702277118      5.00160296738002        743.372642857333        28.7396869011271        5.00160296738002        -0.0279189800465498     -0.0118085493181699     -0.0168074642767662     0.863398728873123       
-1.35058420416373       99.0869383215734        0.00987739058984164     5.00136677735234        743.355182086617        28.739349371871         5.00136677735234        -0.0118085493181699     0.0140996731964845      0.536982718142434       0.799632657829377       
-1.34057632779966       99.0834877770159        0.00883077234383197     5.00164890001682        743.371226474613        28.7396595215781        5.00164890001683        0.0140996731964845      0.038098243749564       0.863398728873123       0.401571003560189       
-1.33057292683429       99.0721949625725        0.00552187025434556     5.00241118755813        743.399784685069        28.7402115643081        5.00241118755814        0.038098243749564       0.0501478523502826      0.799632657829377       -0.197014110626726      
-1.32057066648382       99.0524426539077        0.00149940516364195     5.00341417135047        743.400592922163        28.7402271877312        5.00341417135047        0.0501478523502826      0.0442393862194824      0.401571003560189       -0.784669632299768      
-1.31057752149114       99.0305639913547        -0.00140237797504223    5.00429839436304        743.367738562204        28.7395920979753        5.00429839436304        0.0442393862194824      0.0207166375981532      -0.197014110626726      -1.18970346982224       
-1.30059160164863       99.0179142386455        -0.00178144081247529    5.00471231689272        743.334262474764        28.7389449755083        5.00471231689271        0.0207166375981532      -0.0149408890009215     -0.784669632299768      -1.14791195680433       
-1.29059618949988       99.0168352754983        0.000939209516587284    5.00441376440062        743.281820040138        28.7379311874304        5.00441376440062        -0.0149408890009215     -0.0493487814104989     -1.18970346982224       -0.411529485384071      
-1.28060844530649       99.025054642521         0.00614757175810077     5.00342759490786        743.197036478472        28.7362921229598        5.00342759490786        -0.0493487814104989     -0.0616860609903263     -1.14791195680433       0.569617824024189       
-1.27061201677853       99.0375890461204        0.0118031009734573      5.00219464401918        743.107946224614        28.7345696993208        5.00219464401917        -0.0616860609903263     -0.0446075827963162     -0.411529485384071      1.44645399863626        
-1.26061759388474       99.0472153001212        0.0156127623015548      5.00130292689584        743.047691672068        28.7334047112816        5.00130292689585        -0.0446075827963162     -0.00123565088854946    0.569617824024189       1.74813178026893        
-1.25062235065489       99.0467752026305        0.0159299491180551      5.00127822675314        743.040720376543        28.733269922137         5.00127822675314        -0.00123565088854946    0.051184795943125       1.44645399863626        0.949232526003348       
-1.2406280993196        99.0339705195571        0.0125771577252293      5.00230149887487        743.096668754265        28.7343516593383        5.00230149887488        0.051184795943125       0.0796492855604564      1.74813178026893        -0.280132536151331      
-1.23062840471253       99.0141308866803        0.00762282554143161     5.00389385525808        743.184301691368        28.7360459216753        5.00389385525809        0.0796492855604564      0.0712496378346908      0.949232526003348       -1.14865660055599       
-1.22063784773887       98.9965398258115        0.00381507367285432     5.00531796280347        743.263738568285        28.7375816381477        5.00531796280346        0.0712496378346908      0.0368135104405032      -0.280132536151331      -1.80295233714892       
-1.21064350445665       98.9872315062005        0.00289808512540296     5.00605365702974        743.303088421298        28.738342340297         5.00605365702975        0.0368135104405032      -0.0172294939621241     -1.14865660055599       -2.04991066305809       
-1.20065403990464       98.9903927875651        0.00594362872719388     5.00570937250813        743.275705447464        28.7378129811861        5.00570937250814        -0.0172294939621241     -0.0786762811407708     -1.80295233714892       -1.24549157493088       
-1.19066275821111       99.0081060308369        0.0131114530948065      5.00413714937867        743.175212217799        28.7358701938458        5.00413714937866        -0.0786762811407708     -0.116013343598739      -2.04991066305809       0.178757145452603       
-1.18066789634086       99.0349488715764        0.0224985367574573      5.00181834440538        743.032236004649        28.7331058769932        5.00181834440537        -0.116013343598739      -0.110653670749762      -1.24549157493088       1.82443547654387        
-1.17067410402563       99.0609170289732        0.031159723940929       4.99960638710615        742.89839023597         28.7305178480609        4.99960638710615        -0.110653670749762      -0.0559467275049536     0.178757145452603       2.67843840978171        
-1.16067672366241       99.0739921900663        0.0359171169492364      4.99848793618342        742.830232127365        28.7291998598284        4.99848793618342        -0.0559467275049536     0.0243759699196281      1.82443547654387        2.24017019454885        
-1.15068256555693       99.0682593377048        0.0353078983823621      4.99897528600497        742.859670085076        28.7297691154639        4.99897528600498        0.0243759699196281      0.0915530546925066      2.67843840978171        0.498683454491349       
-1.14068217557429       99.0466525626976        0.030444444976418       5.00080558925127        742.96958059825         28.7318944070919        5.00080558925127        0.0915530546925066      0.106503771503967       2.24017019454885        -1.34029671694559       
-1.13069366901974       99.021807304151         0.0249175247572526      5.00293386483515        743.099329678676        28.7344031061234        5.00293386483514        0.106503771503967       0.0663329926496064      0.498683454491349       -2.70752539007775       
-1.12070487084324       99.0067326961425        0.0223336516512424      5.00425900621235        743.183000655495        28.7360207686662        5.00425900621236        0.0663329926496064      -0.0148020887724331     -1.34029671694559       -3.70014033132134       
-1.11071675717509       99.0106895208785        0.0252722189962835      5.00396329221891        743.168783849639        28.735745912822         5.0039632922189         -0.0148020887724331     -0.125707576852411      -2.70752539007775       -3.11611142578089       
-1.10072607130071       99.0406911200483        0.0356456007742646      5.00145104345387        743.020751920137        28.7328838309801        5.00145104345385        -0.125707576852411      -0.219149584693001      -3.70014033132134       -0.409636893382639      
-1.09072582970581       99.0932530469082        0.0522672727010923      4.99706863572345        742.763680218768        28.7279128726897        4.99706863572345        -0.219149584693001      -0.231439421467769      -3.11611142578089       2.89131586933319        
-1.08072232812945       99.1491434570717        0.0696658443239689      4.99243838499821        742.493984452168        28.7226968799583        4.99243838499822        -0.231439421467769      -0.144662672871839      -0.409636893382639      4.31715706581489        
-1.07071693634466       99.186762451212         0.0811780838115816      4.98954353741469        742.345004378297        28.7198151568312        4.98954353741467        -0.144662672871839      -0.0150799763500652     2.89131586933319        3.80958339615102        
-1.06070918227237       99.1970267702852        0.0839965844595858      4.98924176747118        742.376923756896        28.7204325980437        4.98924176747117        -0.0150799763500652     0.0992665031011234      4.31715706581489        1.9037120127929         
-1.05070748050895       99.1766838355056        0.0792097603119069      4.99122798184293        742.520159259248        28.7232031496653        4.99122798184294        0.0992665031011234      0.156399358074298       3.80958339615102        -1.12321737111139       
-1.04070082122697       99.1390349803102        0.0706808572583551      4.99435699544794        742.703599313805        28.7267509729134        4.99435699544794        0.156399358074298       0.122693508693439       1.9037120127929         -4.14697389819094       
-1.03070271562428       99.1110890560733        0.0645304877515168      4.99681137166047        742.859125279561        28.7297585804058        4.99681137166046        0.122693508693439       -0.00174210311310494    -1.12321737111139       -6.24350556598609       
-1.02069733728657       99.1137831551982        0.0668991041812748      4.99677652266042        742.874137112925        28.7300488670529        4.99677652266043        -0.00174210311310494    -0.189101770665129      -4.14697389819094       -5.14723740360573       
-1.01069823475224       99.158625680111         0.0820898126494073      4.99299316595675        742.647510549686        28.7256662344107        4.99299316595676        -0.189101770665129      -0.343595455918129      -6.24350556598609       -1.33193387334095       
-1.00068784377472       99.2353350533112        0.107928413720932       4.98611691579391        742.198474130686        28.7169805386346        4.9861169157939         -0.343595455918129      -0.383584879119983      -5.14723740360573       4.28014070776437        
-0.990682459917737      99.3220830071538        0.13665128462704        4.97843799406359        741.703247538528        28.7073983406239        4.9784379940636         -0.383584879119983      -0.255019243309693      -1.33193387334095       8.47622645613734        
-0.980665952119739      99.3818500040498        0.156703495509639       4.973330003241          741.388104604107        28.7012989370034        4.97333000324102        -0.255019243309693      -0.000310190598910222   4.28014070776437        10.6662378967554        
-0.97064470151427       99.3823336105776        0.159328158868194       4.97332378737163        741.390785684983        28.7013508331922        4.97332378737161        -0.000310190598910222   0.320236921565754       8.47622645613734        8.25475642644117        
-0.960625968448757      99.3060955359911        0.139903322351667       4.979739292357          741.777698866699        28.7088391124619        4.97973929235698        0.320236921565754       0.568149725673507       10.6662378967554        11.8894794222831        
-0.950617444006406      99.171098465931         0.103456761806439       4.99110951945314        742.4607204119          28.7220534783504        4.99110951945313        0.568149725673507       0.924741243351962       8.25475642644117        8.29386739622454        
-0.940627765827553      98.9520395896409        0.0425741661715804      5.00958451838587        743.562908386456        28.743364613738         5.00958451838586        0.924741243351962       1.17297315156915        11.8894794222831        10.024969679861         
-0.930658525507401      98.6761966005746        -0.0350046146364623     5.03296242636769        744.950384801344        28.7701694430059        5.03296242636767        1.17297315156915        1.47219913898678        8.29386739622454        -2.61123889878498       
-0.920725741302344      98.3336158023518        -0.132347492505596      5.06221297663657        746.67855893139         28.8035213690462        5.06221297663658        1.47219913898678        1.39449574657122        10.024969679861         -9.26882470699312       
-0.910823330393914      98.012452199411         -0.223623820698679      5.08983274629367        748.300483123658        28.8347876921005        5.08983274629366        1.39449574657122        1.11950971797506        -2.61123889878498       -7.97675700352804       
-0.90094838151921       97.7575889907553        -0.295710469176257      5.11194333708117        749.596883535616        28.8597544367703        5.11194333708118        1.11950971797506        0.883469789891694       -9.26882470699312       -11.0949769460299       
-0.891100200931614      97.5584128399556        -0.351496207804093      5.12934970974497        750.616824875709        28.8793818200173        5.12934970974498        0.883469789891694       0.555843191033614       -7.97675700352804       -8.08166949303228       
-0.881266943076745      97.4346649383936        -0.385153529515648      5.14028187125352        751.262462721729        28.8917993501756        5.14028187125353        0.555843191033614       0.317524861609428       -11.0949769460299       -4.39757049588723       
-0.871446223613297      97.3646789310112        -0.402911243338625      5.14652060943521        751.633990124237        28.8989425051475        5.14652060943522        0.317524861609428       0.18795129220102        -8.08166949303228       -2.15881378834836       
-0.8616248592925        97.3240444572505        -0.412028112463568      5.15021156291703        751.859128670374        28.9032702623072        5.15021156291705        0.18795129220102        0.124376757326294       -4.39757049588723       -1.03639912057362       
-0.851812669133987      97.2974831762975        -0.41691903353173       5.15265280324541        752.010224155609        28.9061743530419        5.15265280324544        0.124376757326294       0.0938672052650595      -2.15881378834836       -0.527395459117649      
-0.842002842540274      97.2775838647953        -0.419713704968272      5.15449459573712        752.125170476178        28.9083834529435        5.15449459573714        0.0938672052650595      0.0783460483803702      -1.03639912057362       -0.228702900677372      
-0.832192173306824      97.2612731404575        -0.421476953407902      5.15603165261489        752.223304328732        28.9102693082643        5.1560316526149         0.0783460483803702      0.0716167956717444      -0.527395459117649      -0.108253581349841      
-0.822385702021183      97.2465643776915        -0.422652135894416      5.1574362949249         752.314441017385        28.912020587703         5.15743629492488        0.0716167956717444      0.0684323022004595      -0.228702900677372      -0.0549348676436138     
-0.812582696750749      97.2325627886535        -0.423517983267166      5.15877814356728        752.401829635708        28.9136997447329        5.15877814356727        0.0684323022004595      0.066816342302655       -0.108253581349841      -0.0858528564797752     
-0.802778358472106      97.2189785215971        -0.424113934538635      5.16008849127304        752.48779830392         28.9153515225221        5.16008849127303        0.066816342302655       0.0642907669659645      -0.0549348676436138     -0.0533944970645805     
-0.792967668628363      97.2063469236733        -0.424525567152349      5.1613494785324         752.573892006811        28.9170056081348        5.16134947853241        0.0642907669659645      0.0627202021942827      -0.0858528564797752     -0.0821241045729474     
-0.78316575504206       97.1951414830447        -0.424711723149225      5.16257922365443        752.666427090779        28.9187833440632        5.16257922365443        0.0627202021942827      0.0603056955865397      -0.0533944970645805     -0.0662640714067206     
-0.773366587185063      97.1869542804436        -0.424739140972172      5.16376087780042        752.775288518899        28.9208745933317        5.16376087780043        0.0603056955865397      0.0583584424324173      -0.0821241045729474     -0.0956752519390337     
-0.763578029043442      97.1822591710347        -0.424537235644088      5.16490386980369        752.905539703114        28.9233765453005        5.16490386980371        0.0583584424324173      0.0555473243558482      -0.0662640714067206     -0.0889541566594011     
-0.753782876947819      97.1736511530734        -0.424133859397497      5.16599193133411        752.997446692579        28.9251418260727        5.1659919313341         0.0555473243558482      0.0529332763445176      -0.0956752519390337     -0.101604595827996      
-0.74398571980497       97.1595970343646        -0.423462749515736      5.16702913811482        753.039703386085        28.9259534249105        5.16702913811484        0.0529332763445176      0.0499465036145567      -0.0889541566594011     -0.0845369822203013     
-0.734185970919004      97.1469226501425        -0.422539284039842      5.16800808384455        753.084122364836        28.9268065289089        5.16800808384454        0.0499465036145567      0.0474609824066985      -0.101604595827996      -0.0998259451973432     
-0.72438285572543       97.1366180960629        -0.421340572474359      5.16893846771285        753.139802850408        28.9278758841212        5.16893846771284        0.0474609824066985      0.0445265475802156      -0.0845369822203013     -0.110092119004388      
-0.714582572459526      97.1281691707468        -0.419896391434267      5.16981092447165        753.201405079286        28.9290589215774        5.16981092447169        0.0445265475802156      0.0412912656992725      -0.0998259451973432     -0.101636163265326      
-0.704798093132015      97.1203209623497        -0.418213534399273      5.17061962812229        753.258356786193        28.9301526052393        5.1706196281223         0.0412912656992725      0.0383053921447886      -0.110092119004388      -0.0987674451332814     
-0.694996646680388      97.1114672966614        -0.416276964574296      5.17136986532041        753.298973332504        28.9309325680722        5.17136986532039        0.0383053921447886      0.0354044655374857      -0.101636163265326      -0.101167299567012      
-0.685212656547566      97.1016322136939        -0.414082640169578      5.17206302528901        753.323642501487        28.9314062818608        5.17206302528902        0.0354044655374857      0.0324340556376966      -0.0987674451332814     -0.0960636417517109     
-0.675425442535583      97.0930789980454        -0.411638645909848      5.17269771583015        753.349721934159        28.9319070680367        5.17269771583019        0.0324340556376966      0.0296140339259534      -0.101167299567012      -0.0798846014969713     
-0.665646569428943      97.0865254877994        -0.408947589163624      5.17327726730504        753.383272901496        28.932551312425         5.17327726730506        0.0296140339259534      0.0272687196870633      -0.0960636417517109     -0.0897725755444405     
-0.655851203394367      97.0815563632259        -0.405983259450113      5.17381107250585        753.422446872238        28.9333035113563        5.17381107250583        0.0272687196870633      0.0246329422274416      -0.0798846014969713     -0.0692419388510062     
-0.646069340742248      97.0774075935698        -0.402791285334645      5.17429322513194        753.46045863717         28.9340333755015        5.17429322513194        0.0246329422274416      0.0225999378561961      -0.0897725755444405     -0.101679763868313      
-0.63628145388755       97.0739455247824        -0.399338842603493      5.17473555715657        753.497996370856        28.9347541197021        5.17473555715658        0.0225999378561961      0.0196148805876947      -0.0692419388510062     -0.0658270060457036     
-0.626494555652382      97.0709323221381        -0.39571099844461       5.17511947062914        753.530507838631        28.9353783424496        5.17511947062911        0.0196148805876947      0.0176824726331877      -0.101679763868313      -0.0879012574134441     
-0.616711114355151      97.0685531058026        -0.391846309941605      5.17546548940678        753.562420058595        28.9359910464958        5.17546548940676        0.0176824726331877      0.0151020972067179      -0.0658270060457036     -0.0562438983081953     
-0.606927973010753      97.0663047272172        -0.38781271828677       5.17576104072932        753.587997562037        28.9364821167182        5.17576104072932        0.0151020972067179      0.0134508910973721      -0.0879012574134441     -0.0729216735481354     
-0.597137262590349      97.0644477865111        -0.383557219306341      5.1760243374642         753.611916068256        28.936941327811         5.17602433746421        0.0134508910973721      0.011309853598988       -0.0562438983081953     -0.0469398674346918     
-0.587352487681399      97.0631425874199        -0.379147852391588      5.17624571493274        753.634013844057        28.9373655762476        5.17624571493271        0.011309853598988       0.00993174718908891     -0.0729216735481354     -0.057230619180272      
-0.577565031892432      97.0623714529146        -0.374537606318925      5.17644009146774        753.656326442701        28.9377939426914        5.1764400914677         0.00993174718908891     0.00825172302426276     -0.0469398674346918     -0.0352308173550782     
-0.567782253053335      97.0619790168331        -0.369776176416639      5.17660157127203        753.676789633966        28.9381867978775        5.17660157127207        0.00825172302426276     0.00721748374465689     -0.057230619180272      -0.0562992722019336     
-0.557996821398737      97.0619514926238        -0.364838012591416      5.17674282449736        753.697141381726        28.938577508266         5.17674282449735        0.00721748374465689     0.00556480863408419     -0.0352308173550782     -0.0372822282300173     
-0.548208504859671      97.0624379218306        -0.359781838965166      5.17685173376746        753.716775058988        28.9389544282249        5.17685173376742        0.00556480863408419     0.00447040899551388     -0.0562992722019336     -0.0461734272083067     
-0.538428425726811      97.0629327510984        -0.354591572150917      5.17693920887481        753.73335343131         28.9392726897648        5.17693920887482        0.00447040899551388     0.00311496357472671     -0.0372822282300173     -0.0273051071593967     
-0.528641730802316      97.0634901957225        -0.349291819353998      5.17700017286121        753.746558282651        28.9395261859902        5.17700017286116        0.00311496357472671     0.00231327134421023     -0.0461734272083067     -0.0352080186843906     
-0.518852535751894      97.0642203526669        -0.343873565836102      5.17704546008909        753.758821970792        28.9397616125249        5.17704546008912        0.00231327134421023     0.00127946173383572     -0.0273051071593967     -0.0255959112375695     
-0.50906334856024       97.0654384602108        -0.338359326956048      5.17707050549783        753.771927833357        28.9400132042003        5.17707050549786        0.00127946173383572     0.00052796795004846     -0.0352080186843906     -0.0234513491651555     
-0.499281003507026      97.0668769085591        -0.332749564098103      5.17708083821292        753.784602702711        28.94025652007          5.17708083821294        0.00052796795004846     -0.000160450020052375   -0.0255959112375695     -0.017870113255603      
-0.489493432617062      97.0696516091088        -0.327046424385231      5.17707769830423        753.805692791517        28.9406613759856        5.17707769830423        -0.000160450020052375   -0.000684941330123832   -0.0234513491651555     -0.0178807707178499     
-0.479712143366739      97.0741690841778        -0.321260134152198      5.17706429726468        753.838822428498        28.9412973376665        5.17706429726471        -0.000684941330123832   -0.00120962647746377    -0.017870113255603      -0.0159034795650952     
-0.469931818549726      97.0816071810429        -0.315396287846093      5.17704063804498        753.893138374468        28.9423399648041        5.17704063804499        -0.00120962647746377    -0.00167622486059201    -0.0178807707178499     -0.0057484917713327     
-0.460155533486185      97.0892384386065        -0.309470187934512      5.1770078534626         753.947624825054        28.9433858271445        5.17700785346264        -0.00167622486059201    -0.00184492220382903    -0.0159034795650952     -0.0253325487082078     
-0.450371263275952      97.0899439909215        -0.303452806328533      5.17697175191241        753.947846153637        28.943390075449         5.17697175191238        -0.00184492220382903    -0.00258872257580401    -0.0057484917713327     0.00119596535527879     
-0.440579966721402      97.08610257904          -0.297409686901933      5.17692106168841        753.91063385801         28.9426757930993        5.17692106168843        -0.00258872257580401    -0.00255359255229919    -0.0253325487082078     -0.00748544181489247    
-0.430784484548192      97.0841929407732        -0.291289512747517      5.17687104703278        753.888521339449        28.9422513395103        5.17687104703275        -0.00255359255229919    -0.00277348825474262    0.00119596535527879     -0.0112330850266549     
-0.420994751760353      97.0843361580836        -0.285125766445319      5.17681673364587        753.881723997102        28.9421208621065        5.17681673364585        -0.00277348825474262    -0.0031034310533352     -0.00748544181489247    -0.00859480114402259    
-0.411203579508716      97.0856527902524        -0.278906634151711      5.17675596907329        753.883098889973        28.9421472537116        5.17675596907327        -0.0031034310533352     -0.00335584464869373    -0.0112330850266549     0.00637184122479443     
-0.401416048266769      97.0875830142819        -0.272657847862303      5.17669026928925        753.888519388269        28.9422513020568        5.17669026928927        -0.00335584464869373    -0.00316872272120708    -0.00859480114402259    -0.0122231085978318     
-0.391626844727057      97.089594698191         -0.26635605940355       5.17662823311752        753.895105584889        28.9423777258824        5.17662823311748        -0.00316872272120708    -0.00352764775994052    0.00637184122479443     0.00398851146906217     
-0.381837465751127      97.0911871658608        -0.260029040214178      5.17655917554226        753.897413681592        28.9424220302923        5.1765591755423         -0.00352764775994052    -0.00341053641439909    -0.0122231085978318     -0.0128945433718594     
-0.372053232986273      97.0930793382983        -0.253650576519709      5.176492421532          753.90238406686         28.9425174376702        5.17649242153197        -0.00341053641439909    -0.0037891644855526     0.00398851146906217     0.000470264422136328    
-0.362265323146631      97.0950734541075        -0.247240079572778      5.17641824246854        753.907064222497        28.9426072737543        5.17641824246853        -0.0037891644855526     -0.00377535443678372    -0.0128945433718594     0.00329327872881086     
-0.352472119658236      97.0973726095342        -0.240804516670965      5.17634431918045        753.914149672065        28.94274327918          5.17634431918044        -0.00377535443678372    -0.00367863622901165    0.000470264422136328    -0.00471102859103795    
-0.342685457376503      97.0997620588988        -0.234349084053267      5.17627229954989        753.922212957545        28.942898053419         5.17627229954986        -0.00367863622901165    -0.00381698352817149    0.00329327872881086     -0.0050398826271671     
-0.332896371174894      97.1022186358501        -0.227869022421652      5.17619757540423        753.930403003887        28.9430552599773        5.17619757540423        -0.00381698352817149    -0.00396499348557663    -0.00471102859103795    -0.00582913627581138    
-0.32310769887014       97.1052329511125        -0.221339778728961      5.17611994136814        753.942499034178        28.9432874396768        5.17611994136816        -0.00396499348557663    -0.00413620005796795    -0.0050398826271671     0.00237139036781167     
-0.313314400236084      97.1087851642962        -0.21479348460135       5.17603894650107        753.958281086704        28.9435903686753        5.17603894650108        -0.00413620005796795    -0.00406654728388406    -0.00582913627581138    0.00628853427166287     
-0.303525767701968      97.1133700238925        -0.208229656128086      5.17595931887173        753.982278843308        28.9440509881336        5.17595931887169        -0.00406654728388406    -0.00388183778479138    0.00237139036781167     0.00153500895800398     
-0.29373405253137       97.1197625880291        -0.20165827531916       5.175883306824          754.020836913135        28.944791066848         5.17588330682398        -0.00388183778479138    -0.00383674809263466    0.00628853427166287     -0.000489510530846061   
-0.283943197262347      97.1291182553032        -0.195071133646853      5.17580816776901        754.082525391           28.9459750683349        5.17580816776897        -0.00383674809263466    -0.0038511283844483     0.00153500895800398     0.0121496685930875      
-0.274148528952796      97.1432050532259        -0.188486429185031      5.17573274113146        754.180900458643        28.9478631039906        5.17573274113142        -0.0038511283844483     -0.00349418112409184    -0.000489510530846061   -0.0124944390799021     
-0.264357532546121      97.1644692167081        -0.181853418868517      5.17566430265014        754.336012216297        28.9508397923925        5.17566430265018        -0.00349418112409184    -0.00386129728484651    0.0121496685930875      -0.00176026114479625    
-0.254561363861803      97.1964021111416        -0.175209237311674      5.17558866164368        754.572895078476        28.9553851272086        5.17558866164368        -0.00386129728484651    -0.00391302728287459    -0.0124944390799021     -2.61244918806099e-07   
-0.24476563375577       97.2435448153726        -0.168546264404563      5.17551198939066        754.927698124214        28.9621917932906        5.17551198939067        -0.00391302728287459    -0.00391303496392415    -0.00176026114479625    0.00826192503196681     
-0.23496506003022       97.3136171208737        -0.161869240839967      5.17543527133083        755.460489642231        28.9724100489918        5.17543527133083        -0.00391303496392415    -0.00366992354682863    -2.61244918806099e-07   -0.00234345242868582    
-0.225150399459496      97.4160031019299        -0.155162419481019      5.17536324040083        756.244802220752        28.9874456009408        5.17536324040083        -0.00366992354682863    -0.00373896455278182    0.00826192503196681     0.0119150778635079      
-0.21532556376721       97.5623828120523        -0.148454783194783      5.17528975621518        757.370400538737        29.009010104884         5.17528975621518        -0.00373896455278182    -0.00338738338629567    -0.00234345242868582    0.00533394409243108     
-0.205482657253324      97.7680557531075        -0.141706862443786      5.17522306710266        758.957246038892        29.0393841004265        5.17522306710264        -0.00338738338629567    -0.00322967261142107    0.0119150778635079      0.00370916943505484     
-0.195618304720949      98.0531574218867        -0.134939812042961      5.17515933431548        761.161069336474        29.0815151167365        5.1751593343155         -0.00322967261142107    -0.00311969983408815    0.00533394409243108     -0.00559369681793244    
-0.185722889883646      98.4400744519266        -0.128146898478164      5.17509757902723        764.155486463138        29.13866248862          5.17509757902721        -0.00311969983408815    -0.00328615218456465    0.00370916943505484     0.00648113902120214     
-0.175787539942134      98.9516418208807        -0.121312876165297      5.17503225937842        768.116907812275        29.2140930186533        5.1750322593784         -0.00328615218456465    -0.00309233756388463    -0.00559369681793244    0.00454458866853792     
-0.165799166649945      99.6117157634402        -0.114427389265959      5.17497044656597        773.231527811299        29.3111948240353        5.17497044656598        -0.00309233756388463    -0.00295552643834233    0.00648113902120214     0.00852646975948072     
-0.155733213471275      100.438965933079        -0.107475957951303      5.17491091540477        779.644051708587        29.4324849199842        5.17491091540481        -0.00295552643834233    -0.00269658780824461    0.00454458866853792     0.00355918504628787     
-0.14556885184863       101.4450521361          -0.100451718294587      5.1748560624029         787.445314570915        29.579371839377         5.17485606240294        -0.00269658780824461    -0.00258734999064557    0.00852646975948072     0.00822718179121621     
-0.135280260545147      102.64162019782         -0.0933431566478178     5.1748028234109         796.725218998722        29.7531551828023        5.17480282341091        -0.00258734999064557    -0.00233185765340083    0.00355918504628787     0.00538817453090272     
-0.124868507216287      104.028120070286        -0.0861489962510038     5.17475425505056        807.479935467937        29.9532957835646        5.1747542550506         -0.00233185765340083    -0.00216237801674944    0.00822718179121621     0.00218915225284975     
-0.114324237140876      105.587181316248        -0.0788429858145148     5.17470862059956        819.574346072999        30.1767818413981        5.17470862059957        -0.00216237801674944    -0.00209253713665958    0.00538817453090272     0.00726376645440853     
-0.10361687712501       107.289928247441        -0.0714448686201184     5.17466378767581        832.783959726554        30.4189991749775        5.17466378767584        -0.00209253713665958    -0.00185715460789592    0.00218915225284975     -0.00224363903775704    
-0.0927255656090555     109.08815657048         -0.0639028660266884     5.17462334031697        846.735181712638        30.6727381981068        5.17462334031694        -0.00185715460789592    -0.00193103206118534    0.00726376645440853     0.0115611439172351      
-0.0816571300657738     110.916565639969        -0.0562446465700069     5.17458061009749        860.920064848787        30.9285927554421        5.1745806100975         -0.00193103206118534    -0.00154432428039162    -0.00224363903775704    0.00520424027923767     
-0.0704289584618576     112.705022256322        -0.0484744389470666     5.1745459106031         874.795968031324        31.1768426886817        5.1745459106031         -0.00154432428039162    -0.00136752457497216    0.0115611439172351      0.00714273810183128     
-0.0590156437882365     114.380090231195        -0.0405974195225822     5.17451469830767        887.792187142614        31.4075749380909        5.17451469830766        -0.00136752457497216    -0.00112124973714698    0.00520424027923767     0.00967074874154888     
-0.0474225697208442     115.853310165808        -0.0326051517134599     5.17448873206002        899.222472037245        31.6091138762444        5.17448873206004        -0.00112124973714698    -0.00078356257644276    0.00714273810183128     0.012545979974851       
-0.0357054149776595     116.997525358854        -0.0245409280679489     5.17447038477409        908.100345091865        31.7647663840836        5.17447038477407        -0.00078356257644276    -0.000341131877987125   0.00967074874154888     0.00151504232733694     
-0.0239023691047981     117.70688602344         -0.0164132426365719     5.17446233077875        913.604771702334        31.8608915914573        5.17446233077878        -0.000341131877987125   -0.000287335999736137   0.012545979974851       0.0096024951764145      
-0.0120063681349903     117.979752376393        -0.0082256502861863     5.17445550719869        915.721469132945        31.8977789044411        5.1744555071987         -0.000287335999736137   5.49748358157323e-05    0.00151504232733694     0.00255175793598502     
-0.000105939601473505   118.01370358251         -3.94356547459017e-05   5.17445681552226        915.985219241311        31.9023722427121        5.17445681552226        5.49748358157323e-05    0.000146059288789223    0.0096024951764145      0.00690921246429727     
0.0117943820232786      117.981976874805        0.00814513865652089     5.17446029123251        915.739581629689        31.8980943636605        5.17446029123251        0.000146059288789223    0.000392338403696254    0.00255175793598502     0.00151784065483328     
0.0236864523644088      117.708963135011        0.0163235073784056      5.17446960717421        913.622178351155        31.8611951082113        5.17446960717418        0.000392338403696254    0.000446228404253749    0.00690921246429727     0.0116825495652262      
0.0354913083923617      116.999220832818        0.0244615054232499      5.17448014181919        908.115217211602        31.7650264916132        5.17448014181916        0.000446228404253749    0.000858151518778121    0.00151784065483328     0.00472888901836658     
0.0472059061108779      115.853986359285        0.0325365258510383      5.17450023220179        899.229718976435        31.6092412467626        5.17450023220183        0.000858151518778121    0.00102323998871806     0.0116825495652262      0.00789209703096655     
0.058794314858397       114.380203373486        0.0405324072703568      5.17452392112625        887.794647689081        31.4076184616458        5.1745239211263         0.00102323998871806     0.00129529056715932     0.00472888901836658     0.00481343661163694     
0.0702046953710317      112.705021606602        0.0484112087611467      5.17455347935018        874.797242542017        31.1768653998088        5.17455347935015        0.00129529056715932     0.00145878932410297     0.00789209703096655     0.0101439410298861      
0.081435051737623       110.91665187068         0.0561880510255494      5.17458625508191        860.921673344588        30.9286216480713        5.17458625508198        0.00145878932410297     0.00179806709769555     0.00481343661163694     0.00238586735422907     
0.0924994831679247      109.08818165358         0.0638396854333554      5.17462603907633        846.735818010152        30.6727497229517        5.17462603907639        0.00179806709769555     0.00187662001588579     0.0101439410298861      0.00846099498657925     
0.103392221447839       107.289809592066        0.0713952250268079      5.17466690598011        832.783540567458        30.4189915196897        5.17466690598006        0.00187662001588579     0.00215077125139125     0.00238586735422907     -0.00228837955544465    
0.114096046577955       105.587120374127        0.0787977359947545      5.17471298235632        819.574563854423        30.176785850761         5.17471298235637        0.00215077125139125     0.00207776746212621     0.00846099498657925     0.0082932862717873      
0.124642033523002       104.028146503775        0.086097306950211       5.17475683088895        807.480542587686        29.9533070440512        5.17475683088903        0.00207776746212621     0.00233862517274418     -0.00228837955544465    0.00739723472933823     
0.135053587791232       102.64170450824         0.093283838549609       5.17480554252551        796.726292075256        29.753175219448         5.17480554252544        0.00233862517274418     0.0025683592994398      0.0082932862717873      0.00390846863849559     
0.145342845241568       101.445110475268        0.100385311057654       5.17485839419002        787.446122238711        29.5793870088748        5.17485839418997        0.0025683592994398      0.0026883299580101      0.00739723472933823     0.00753236909851005     
0.155508750274673       100.439038077509        0.107399550018869       5.17491308731888        779.64493893753         29.4325016669503        5.17491308731888        0.0026883299580101      0.00291712323411173     0.00390846863849559     0.00594989648346141     
0.165576980397831       99.6116960291255        0.11434543551747        5.17497185887913        773.23158564892         29.3111959202721        5.17497185887912        0.00291712323411173     0.00309628879117069     0.00753236909851005     0.00153222484310577     
0.175568806021513       98.9516845473784        0.121224056354469       5.17503377014767        768.117463718525        29.2141035901521        5.17503377014771        0.00309628879117069     0.00314211915095194     0.00594989648346141     -0.0022470765869927     
0.185507553927847       98.4401409804238        0.128061451771403       5.17509623849501        764.155804957065        29.1386685610007        5.17509623849508        0.00314211915095194     0.00307524683016078     0.00153222484310577     0.00462545642190915     
0.195400153900897       98.0532398035016        0.134860232005551       5.1751571111958         761.161381867317        29.0815210871348        5.17515711119573        0.00307524683016078     0.00321237896310818     -0.0022470765869927     0.00140151418897871     
0.205265028678108       97.7680630140238        0.141620343195828       5.1752204965442         758.956925426401        29.0393779667541        5.17522049654422        0.00321237896310818     0.00325381313963969     0.00462545642190915     0.0149425631358892      
0.215105861557111       97.5624681184806        0.148360705196912       5.1752845482717         757.370300617234        29.0090081912735        5.17528454827173        0.00325381313963969     0.00369464386665166     0.00140151418897871     0.00293557532583866     
0.224929576632611       97.4162087019493        0.155071615564786       5.1753571436895         756.245507425171        28.9874591164519        5.17535714368955        0.00369464386665166     0.00378111236206264     0.0149425631358892      0.00550113530638137     
0.234738967418318       97.3137626107142        0.161778602926945       5.17543134086957        755.461045370147        28.9724207052567        5.17543134086949        0.00378111236206264     0.00394296720085814     0.00293557532583866     -0.00268183652079564    
0.244542688723598       97.2436799525354        0.16846436626139        5.1755086448166         754.928259372189        28.9622025592014        5.17550864481661        0.00394296720085814     0.00386411964299561     0.00550113530638137     0.00265652929501496     
0.2543369079102         97.1965222801221        0.175129444801499       5.17558435848198        754.573200617768        28.9553909894699        5.17558435848197        0.00386411964299561     0.00394218923985535     -0.00268183652079564    -0.00890400466100792    
0.264132802618344       97.1644542066513        0.181766495534738       5.17566158142304        754.335499075954        28.9508299454236        5.17566158142299        0.00394218923985535     0.00368058754953844     0.00265652929501496     0.00293897653579031     
0.273924487585833       97.1431757518011        0.188398406755556       5.17573366636111        754.180807793747        28.9478613256038        5.17573366636107        0.00368058754953844     0.00376692618206602     -0.00890400466100792    -0.00403886491813502    
0.283715565780991       97.1290956853221        0.194991191109206       5.17580743527678        754.0822434447          28.9459696569833        5.17580743527682        0.00376692618206602     0.00364827744598005     0.00293897653579031     0.00705494017961531     
0.293508361718098       97.1197188036506        0.201589717794399       5.1758788881447         754.019853267548        28.9447721871142        5.17587888814472        0.00364827744598005     0.00385552562511936     -0.00403886491813502    0.00207877222240071     
0.303302433983736       97.1133655533591        0.20815783618085        5.17595439623435        753.981527053534        28.9440365581877        5.17595439623434        0.00385552562511936     0.00391658723658405     0.00705494017961531     -0.000414026235957439   
0.313090259054828       97.1088630765917        0.214725131015331       5.1760310847694         753.957740836581        28.9435799988833        5.17603108476949        0.00391658723658405     0.00390442814705574     0.00207877222240071     0.00331479936739761     
0.322881433886473       97.1054206498445        0.221271579038113       5.17610752164885        753.942147327803        28.943280688804         5.17610752164883        0.00390442814705574     0.00400176561017711     -0.000414026235957439   -0.00318946013557123    
0.332665202553552       97.1023529400448        0.22778686672506        5.17618585625566        753.929738846107        28.9430425116125        5.17618585625563        0.00400176561017711     0.00390810913364879     0.00331479936739761     -0.000761137448557264   
0.342456512867918       97.0998861549479        0.234269210469969       5.17626236489711        753.921729509476        28.9428887736882        5.17626236489702        0.00390810913364879     0.00388575506590694     -0.00318946013557123    -0.00454961739608957    
0.352243913180151       97.0973848576715        0.24072531397318        5.17633845478974        753.913390647426        28.9427287097089        5.17633845478982        0.00388575506590694     0.00375212092001259     -0.000761137448557264   0.000907774203023498    
0.36204130663721        97.0951421899667        0.247158703650465       5.17641193353647        753.906679080846        28.94259988093          5.1764119335364         0.00375212092001259     0.00377878071943467     -0.00454961739608957    -0.0130897895338591     
0.37182563250756        97.0930966079787        0.253551473431146       5.1764859066412         753.901569335032        28.9425017987778        5.17648590664117        0.00377878071943467     0.0033944359640279      0.000907774203023498    0.00437850732484732     
0.381611425036055       97.0913725979742        0.259915326266035       5.17655234023451        753.897858057935        28.9424305601834        5.17655234023451        0.0033944359640279      0.00352298416147449     -0.0130897895338591     -0.0159756220715542     
0.391398154621102       97.089562910352         0.266242985318917       5.17662129859686        753.893848849781        28.9423536025547        5.1766212985968         0.00352298416147449     0.00305385642505373     0.00437850732484732     0.00211535992176402     
0.401186602222451       97.0876609435867        0.272549176089694       5.17668108994156        753.887787709985        28.9422372572602        5.17668108994159        0.00305385642505373     0.00311598921802002     -0.0159756220715542     -0.00306943917276671    
0.410980905292946       97.0857727531385        0.278812945733736       5.17674211540641        753.882012926922        28.9421264082291        5.17674211540649        0.00311598921802002     0.00302581594246054     0.00211535992176402     -0.00461751890203676    
0.420773091639991       97.0844465742993        0.285038150508235       5.17680138022932        753.880345536948        28.9420944020019        5.17680138022927        0.00302581594246054     0.00289015044912545     -0.00306943917276671    -0.0179833513412571     
0.430567203583034       97.0842266975691        0.291204627688057       5.17685799064383        753.886882117182        28.9422198741098        5.17685799064391        0.00289015044912545     0.00236180403504714     -0.00461751890203676    0.0030720181074136      
0.440361511504355       97.0862966733011        0.297334700764856       5.17690425036302        753.909692850026        28.9426577304164        5.17690425036308        0.00236180403504714     0.0024520384637883      -0.0179833513412571     -0.0213209331331886     
0.450151990712358       97.0900661320673        0.303388591982193       5.17695225834194        753.945955687462        28.9433537887651        5.17695225834202        0.0024520384637883      0.00182610516864466     0.0030720181074136      -0.00320997636494771    
0.459934331119952       97.0895505069378        0.309400135752348       5.17698798662661        753.947154902092        28.9433768071786        5.17698798662666        0.00182610516864466     0.00173191947453465     -0.0213209331331886     -0.0216324747671924     
0.469709759249893       97.0817727261796        0.315315811792356       5.17702185456128        753.891688624474        28.942312136472         5.17702185456131        0.00173191947453465     0.0010972916341529      -0.00320997636494771    -0.0161519751333079     
0.47948685050524        97.0745162799723        0.321179489147734       5.17704331531163        753.83846339151         28.9412904456113        5.17704331531154        0.0010972916341529      0.000623327020040448    -0.0216324747671924     -0.0110777714033086     
0.489273094868674       97.0698116117743        0.326970299327801       5.1770555124535         753.803704946339        28.9406232165549        5.17705551245354        0.000623327020040448    0.000298147785993025    -0.0161519751333079     -0.0215257334876926     
0.49905912623449        97.0671825641735        0.332663265250323       5.17706134796386        753.784138513101        28.9402476091899        5.17706134796382        0.000298147785993025    -0.000333790025429156   -0.0110777714033086     -0.0289479726103628     
0.50884590459355        97.0656285346154        0.338262453291337       5.17705481529903        753.771119407736        28.9399976850137        5.17705481529898        -0.000333790025429156   -0.00118366556550007    -0.0215257334876926     -0.040681023306153      
0.518628677546029       97.0643704344901        0.343773371072923       5.17703164821876        753.757976480677        28.9397453816772        5.17703164821871        -0.00118366556550007    -0.00237811276928483    -0.0289479726103628     -0.0287131197955523     
0.528420991684517       97.0636747957457        0.349203876403621       5.176985093067          753.745796243818        28.9395115570356        5.17698509306692        -0.00237811276928483    -0.00322117192402589    -0.040681023306153      -0.0419921174568569     
0.538206613292935       97.0631323404787        0.35450985977023        5.17692204211277        753.732403934899        28.9392544620029        5.17692204211271        -0.00322117192402589    -0.00445396787891319    -0.0287131197955523     -0.0444790244651148     
0.547990891381286       97.0626838932683        0.359699741791163       5.17683488318758        753.716231751721        28.9389439980821        5.17683488318749        -0.00445396787891319    -0.00575967162862991    -0.0419921174568569     -0.0541625551100578     
0.557774366847784       97.0621685884089        0.364755760634311       5.17672216327779        753.695819021132        28.9385521219077        5.17672216327779        -0.00575967162862991    -0.00734966223730936    -0.0444790244651148     -0.0347414241499918     
0.567564226754914       97.062321254496         0.369685260679682       5.17657831551003        753.676061188638        28.9381728131745        5.17657831551005        -0.00734966223730936    -0.00836954519999083    -0.0541625551100578     -0.0598154754970942     
0.577345080028665       97.062741361726         0.374435866034621       5.17641452579454        753.655476447415        28.9377776242486        5.17641452579456        -0.00836954519999083    -0.0101254775062574     -0.0347414241499918     -0.0419555091721842     
0.58713296776702        97.0636703886781        0.379048638411734       5.17621636551184        753.633838743784        28.9373622145754        5.17621636551186        -0.0101254775062574     -0.0113571149595503     -0.0598154754970942     -0.0738396784612598     
0.596917264978358       97.064997760738         0.383452673418127       5.17599409055965        753.611782214648        28.9369387579775        5.17599409055961        -0.0113571149595503     -0.0135245901867987     -0.0419555091721842     -0.0585857677901933     
0.606703637855132       97.0669573202959        0.387702344931101       5.17572944532091        753.588463755545        28.936491067231         5.17572944532095        -0.0135245901867987     -0.015244120380569      -0.0738396784612598     -0.0859161915840523     
0.616482011934935       97.0691481595167        0.391738779958603       5.17543118934913        753.562045362471        28.9359838525297        5.17543118934913        -0.015244120380569      -0.017765784981596      -0.0585857677901933     -0.0589881970887548     
0.626269514951652       97.0715974137027        0.395614147570726       5.17508355006277        753.530440430952        28.9353770482308        5.17508355006285        -0.017765784981596      -0.019497176004294      -0.0859161915840523     -0.0923620620637745     
0.636051955365908       97.0746357140124        0.399246769779138       5.17470201872118        753.498470093885        28.9347632153183        5.17470201872119        -0.019497176004294      -0.0222084213373528     -0.0589881970887548     -0.0795196182764805     
0.645836659022074       97.0779621267697        0.402689448865927       5.1742674096265         753.46100343825         28.9340438360967        5.17426740962652        -0.0222084213373528     -0.0245426663210227     -0.0923620620637745     -0.0936199287225479     
0.655623936771759       97.0820587603887        0.405888699855853       5.17378709108518        753.422853585708        28.9333113207617        5.17378709108509        -0.0245426663210227     -0.0272908022497966     -0.0795196182764805     -0.0786908435600715     
0.665406190208462       97.0870600748008        0.408863137193443       5.17325305959103        753.383895867992        28.9325632744681        5.17325305959112        -0.0272908022497966     -0.0296006621283423     -0.0936199287225479     -0.0982658343690784     
0.67519077754557        97.0936694852471        0.411564813624671       5.17267380901037        753.350821750571        28.9319281868967        5.17267380901033        -0.0296006621283423     -0.0324853004618613     -0.0786908435600715     -0.0971555921521182     
0.684977026712293       97.1021489697553        0.414022269872436       5.17203800556715        753.324007340726        28.9314132876883        5.1720380055672         -0.0324853004618613     -0.0353378222185946     -0.0982658343690784     -0.102699582360255      
0.694764011380424       97.11196170817          0.41622257983455        5.17134627026679        753.299371466754        28.9309402133724        5.17134627026675        -0.0353378222185946     -0.0383538172156679     -0.0971555921521182     -0.103965313038331      
0.704553647453687       97.1208783985802        0.418173281265476       5.17059528172253        753.259133406669        28.9301675189425        5.17059528172253        -0.0383538172156679     -0.0414082215010006     -0.102699582360255      -0.100756029358677      
0.714348475440325       97.1286903415982        0.419867619613887       5.16978406317811        753.201533108034        28.9290613802498        5.16978406317816        -0.0414082215010006     -0.0443697723003871     -0.103965313038331      -0.106643661041335      
0.724150704114566       97.137139146486         0.421302447004625       5.16891436887127        753.14033142798         28.9278860353731        5.16891436887128        -0.0443697723003871     -0.0475052987277486     -0.100756029358677      -0.0794991410085698     
0.733953526962161       97.1475239703963        0.422501908250923       5.1679831047684         753.085143823637        28.9268261465919        5.16798310476841        -0.0475052987277486     -0.0498427650933083     -0.106643661041335      -0.102515991072648      
0.743752399116105       97.1601742306776        0.423419167371715       5.1670061923255         753.040832846003        28.9259751174538        5.16700619232551        -0.0498427650933083     -0.0528562957991577     -0.0794991410085698     -0.0780333556960476     
0.753551601117482       97.1741334635344        0.424098894054171       5.16597048029058        752.998057380653        28.9251535553526        5.16597048029051        -0.0528562957991577     -0.0551495760153011     -0.102515991072648      -0.0950446989889246     
0.763344057019904       97.1826321216964        0.424511285234792       5.16489013187705        752.90642645278         28.9233935778402        5.164890131877          -0.0551495760153011     -0.0579424764403745     -0.0780333556960476     -0.0825856945747938     
0.773138790688544       97.1873706266764        0.424710121719792       5.16375507951289        752.777668107003        28.9209203039945        5.16375507951281        -0.0579424764403745     -0.0603697050954174     -0.0950446989889246     -0.0847236702282396     
0.782935460906434       97.1955474726987        0.424688089226715       5.1625720246574         752.668521455722        28.918823578649         5.16257202465739        -0.0603697050954174     -0.0628606322676383     -0.0825856945747938     -0.0396487836254875     
0.792741047051005       97.2067514263683        0.424497999684427       5.16133964804842        752.575590292353        28.9170382356983        5.16133964804851        -0.0628606322676383     -0.0640266894724963     -0.0847236702282396     -0.0825232033719902     
0.802543010886191       97.21935962285          0.424088882781189       5.16008417873688        752.490119185199        28.9153961139736        5.16008417873692        -0.0640266894724963     -0.0664540881306181     -0.0396487836254875     -0.0660179141312114     
0.812350558641577       97.2329123074973        0.423510948622691       5.15878094986976        752.404943568411        28.9137595766063        5.15878094986977        -0.0664540881306181     -0.0683962177857249     -0.0825232033719902     -0.12097319880154       
0.822155431423577       97.2470001662757        0.422658898080795       5.15743946296241        752.318274468394        28.9120942488394        5.15743946296244        -0.0683962177857249     -0.0719555409147591     -0.0660179141312114     -0.214686007050307      
0.831965070550513       97.2618020037348        0.421491744892041       5.1560279686556         752.22685711965         28.9103375805582        5.15602796865554        -0.0719555409147591     -0.0782729516902302     -0.12097319880154       -0.506553430295682      
0.841773320215277       97.2781140934707        0.419745881670391       5.15449232965397        752.128939406997        28.9084558834146        5.15449232965403        -0.0782729516902302     -0.0931819342513339     -0.214686007050307      -1.05522583634562       
0.851585231898699       97.2978731197906        0.416959240738375       5.15266379661359        752.014842467771        28.9062631134917        5.15266379661361        -0.0931819342513339     -0.124247542188949      -0.506553430295682      -2.1703856307252        
0.861399672799507       97.32441452204          0.412074191527687       5.15022485572332        751.863928110195        28.9033625131555        5.15022485572338        -0.124247542188949      -0.188161923631132      -1.05522583634562       -4.29910049071372       
0.871218261790191       97.3651018551754        0.402953530972666       5.14653025449942        751.638663645116        28.8990323491427        5.14653025449935        -0.188161923631132      -0.314816533849053      -2.1703856307252        -8.83198785443638       
0.881037087775238       97.4342895865668        0.385411504718377       5.14034593289884        751.268931301794        28.8919237331472        5.14034593289879        -0.314816533849053      -0.575220910120043      -4.29910049071372       -8.67780694980958       
0.890869263626296       97.5625515981772        0.3504179464044         5.12903391216354        750.602453556384        28.8791053561872        5.12903391216355        -0.575220910120043      -0.831455751236899      -8.83198785443638       -10.3050388574878       
0.900717134363221       97.7497624295885        0.298096624325385       5.11265248582768        749.640848812052        28.8606007639799        5.11265248582768        -0.831455751236899      -1.13643451705597       -8.67780694980958       -9.16649854059425       
0.910593421799649       98.0085540560442        0.224857817401282       5.09020212260507        748.325024834295        28.8352605297036        5.09020212260499        -1.13643451705597       -1.40846691498284       -10.3050388574878       -2.07273525523257       
0.920503151014291       98.3330354280742        0.132610451010173       5.06229373546584        746.686063855321        28.8036661218927        5.06229373546591        -1.40846691498284       -1.47016054782093       -9.16649854059425       8.64529345946112        
0.930436858765412       98.6752407413698        0.0353608600040254      5.03307966209157        744.960520991067        28.7703651734262        5.03307966209149        -1.47016054782093       -1.21210160779867       -2.07273525523257       11.454071702053         
0.940402412106529       98.9603159443569        -0.0448836334034481     5.00892499041297        743.527199389279        28.7426744172277        5.00892499041302        -1.21210160779867       -0.869315498505982      8.64529345946112        8.57066269118421        
0.950393450553922       99.1662382657226        -0.101936732315059      4.99155834552304        742.491096314091        28.7226410174214        4.99155834552301        -0.869315498505982      -0.612282885784757      11.454071702053         10.4666104823254        
0.960400577641128       99.3119059017641        -0.141420823817446      4.97930563312828        741.75649874004         28.708428857897         4.97930563312823        -0.612282885784757      -0.297944938836164      8.57066269118421        9.79741771464916        
0.970418328874534       99.3827039053           -0.159287382368244      4.9733367930104         741.39548688163         28.70144183141          4.97333679301049        -0.297944938836164      -0.00350389394450358    10.4666104823254        8.6431552059784         
0.980442432060178       99.3831411870081        -0.156919452438037      4.97326657327874        741.388281019184        28.7013023517746        4.97326657327883        -0.00350389394450358    0.256245278646352       9.79741771464916        4.19038118041268        
0.990457443097262       99.3231361704604        -0.136781718301756      4.97839959148829        741.705390804533        28.7074398178229        4.97839959148827        0.256245278646352       0.382117803654386       8.6431552059784         -1.15043526575086       
1.00046663714273        99.2368218425548        -0.108159557285895      4.98604916408359        742.199508891574        28.7170005569982        4.98604916408366        0.382117803654386       0.347579946392067       4.19038118041268        -5.43673521500827       
1.01047100920584        99.1590895542026        -0.0820510696563489     4.99300404899743        742.652603458548        28.7257647313068        4.99300404899742        0.347579946392067       0.184401858169965       -1.15043526575086       -5.87343601792458       
1.02047197883336        99.1154938247989        -0.0671789212056355     4.99669341418011        742.874602856372        28.7300578731747        4.99669341418008        0.184401858169965       0.00813628684590689     -5.43673521500827       -4.09578604260124       
1.03048007104976        99.1112614462086        -0.0643602226035063     4.99685620475282        742.867082577549        28.7299124525399        4.99685620475277        0.00813628684590689     -0.114772835384803      -5.87343601792458       -1.52790696424835       
1.0404788544227         99.1374291467003        -0.0699496945706716     4.99456027213709        742.721797646872        28.7271029139706        4.99456027213702        -0.114772835384803      -0.160617783540641      -4.09578604260124       1.76663038207122        
1.05048148850384        99.1759944468325        -0.0787498242462708     4.99134765506825        742.532800981889        28.7234476610213        4.99134765506818        -0.160617783540641      -0.107613110377166      -1.52790696424835       3.92760267935411        
1.06048069187618        99.1984043433968        -0.0840975092276751     4.9891951181587         742.380292018813        28.7204977521633        4.98919511815877        -0.107613110377166      0.0102467262738237      1.76663038207122        4.49675818039955        
1.07048475641101        99.1893621398383        -0.0816050014436021     4.98940012611918        742.343123955286        28.7197787819414        4.98940012611927        0.0102467262738237      0.145200518663044       3.92760267935411        2.99385994806644        
1.08049175733166        99.1516358739052        -0.0700597287003723     4.99230554755067        742.492892733031        28.7226757638752        4.99230554755075        0.145200518663044       0.235046238123796       4.49675818039955        -0.375122800972455      
1.09049312694979        99.094781408594         -0.0524411249405414     4.9970075209485         742.766051978237        28.7279587389907        4.99700752094852        0.235046238123796       0.223793055219486       2.99385994806644        -3.17432808460633       
1.10049230959288        99.0411780314482        -0.0355374535071402     5.00148214645463        743.029025532184        28.7330438023345        5.00148214645455        0.223793055219486       0.128617975065302       -0.375122800972455      -3.79065560524331       
1.11048153235878        99.0104529129977        -0.0249832051126161     5.00405225156878        743.180219742196        28.7359670050192        5.00405225156873        0.128617975065302       0.0150072898608742      -3.17432808460633       -2.81466024714309       
1.12046884863092        99.0064724778206        -0.0220303928514083     5.00435205290175        743.194865692413        28.7362501553625        5.00435205290171        0.0150072898608742      -0.0693486791732324     -3.79065560524331       -1.35005165057615       
1.13045908706534        99.0222938633548        -0.0248117911741592     5.00296633146712        743.107803394512        28.7345669378366        5.00296633146706        -0.0693486791732324     -0.109819911482005      -2.81466024714309       0.610860323569634       
1.14045518223966        99.0479309166568        -0.0305471498658002     5.0007711669197         742.974055606606        28.7319809350449        5.00077116691978        -0.109819911482005      -0.0915034594604354     -1.35005165057615       2.18683751152446        
1.15045028608541        99.069647178164         -0.035376002251432      4.99894187419843        742.865111611482        28.7298743395845        4.99894187419848        -0.0915034594604354     -0.0259204385008131     0.610860323569634       2.71294522181815        
1.16044701188515        99.0758459255476        -0.0360679443259519     4.99842361336767        742.834571682952        28.7292837765648        4.99842361336764        -0.0259204385008131     0.0554405948286605      2.18683751152446        1.87303189713571        
1.170447041573          99.0627666472868        -0.0313478133155151     4.99953209338107        742.901221668345        28.7305725987791        4.99953209338102        0.0554405948286605      0.11160401045843        2.71294522181815        0.200818746892658       
1.1804382838278         99.036790690654         -0.0226465689803495     5.0017627136019         743.037790426963        28.7332132717322        5.00176271360181        0.11160401045843        0.117623938543709       1.87303189713571        -1.21811824357869       
1.19042960590433        99.0095215307543        -0.0131859212635535     5.00411299126328        743.182249426213        28.7360062450928        5.00411299126332        0.117623938543709       0.0811161719376926      0.200818746892658       -2.07231607697403       
1.20041829328213        98.9912877564318        -0.00589182920086917    5.00573363917322        743.28602866117         28.7380125474793        5.00573363917323        0.0811161719376926      0.0190072850007392      -1.21811824357869       -1.88288429782779       
1.2104082846177         98.9877019647684        -0.00273607776433612    5.00611341907535        743.315494693887        28.7385821712803        5.00611341907543        0.0190072850007392      -0.0374268653066813     -2.07231607697403       -1.18113839980378       
1.22040112429392        98.997372123592         -0.00365103384629227    5.00536552392637        743.277050080105        28.7378389754326        5.00536552392635        -0.0374268653066813     -0.0728312606985676     -1.88288429782779       -0.249886048661701      
1.23039113830619        99.0151874708617        -0.00750215059275701    5.00391010834205        743.194646197242        28.7362459118801        5.00391010834205        -0.0728312606985676     -0.0803224466967218     -1.18113839980378       0.984982277856409       
1.24038505328458        99.0352647122104        -0.012476552929317      5.00230470508847        743.106855959358        28.7345486200721        5.00230470508851        -0.0803224466967218     -0.0507885372063455     -0.249886048661701      1.74662556103623        
1.25038117225025        99.0479256993732        -0.0158106438072323     5.00128932849199        743.051000714314        28.7334686909866        5.00128932849196        -0.0507885372063455     0.00159105626848454     0.984982277856409       1.42035100024082        
1.26037949821736        99.0483395410149        -0.0154809885170724     5.00132114007999        743.058831654448        28.7336201001631        5.00132114007999        0.00159105626848454     0.0441824256576782      1.74662556103623        0.55545607348488        
1.27037473863201        99.038752296722         -0.0117110514773225     5.00220431528779        743.118111179072        28.7347662283682        5.00220431528781        0.0441824256576782      0.0608349736528618      1.42035100024082        -0.38852239088194       
1.2803645067859         99.0265068344549        -0.00613733393618512    5.00341999100817        743.206805902829        28.7364809935391        5.0034199910082         0.0608349736528618      0.0491887945379909      0.55545607348488        -1.11869530318568       
1.29035607334913        99.0183366426727        -0.000979902584904927   5.00440293379404        743.291481590996        28.7381179618637        5.00440293379411        0.0491887945379909      0.0156566396711833      -0.38852239088194       -1.19290773226829       
1.30034929830324        99.0192015994911        0.00175297397592735     5.00471581097686        743.344445752918        28.7391418288507        5.00471581097686        0.0156566396711833      -0.0201010506869054     -1.11869530318568       -0.801346046565379      
1.31033862978335        99.0317843946392        0.00141361024335254     5.00431413489982        743.379237675667        28.7398143826772        5.00431413489976        -0.0201010506869054     -0.0441256703326383     -1.19290773226829       -0.222510918490693      
1.32033242160916        99.0537803038436        -0.00144543151463839    5.00343210455054        743.413296674021        28.7404727532837        5.00343210455058        -0.0441256703326383     -0.0507993369740376     -0.801346046565379      0.389083815832033       
1.33033361185393        99.0736455240505        -0.00547565823650269    5.00241606833588        743.411394477186        28.7404359836487        5.00241606833588        -0.0507993369740376     -0.0391249501001659     -0.222510918490693      0.81886091887364        
1.3403393874073         99.0852279917902        -0.0088590129186405     5.00163328288874        743.381961249535        28.739867030728         5.00163328288867        -0.0391249501001659     -0.0145521369447192     0.389083815832033       0.899719914350228       
1.35034128864105        99.0887897227918        -0.00996715314927676    5.00134216669112        743.365413430483        28.7395471515874        5.00134216669113        -0.0145521369447192     0.0124420187367559      0.81886091887364        0.556425036702576       
1.3603418065454         99.0863255036487        -0.00815423430168111    5.00159099468603        743.383910003367        28.7399047010592        5.00159099468596        0.0124420187367559      0.0291338234373432      0.899719914350228       -0.0370743576181743     
1.37033687948773        99.0791837894089        -0.00424348334772774    5.00217358636287        743.416914164661        28.7405426795718        5.00217358636281        0.0291338234373432      0.0280216364393014      0.556425036702576       -0.518899011140378      
1.38034039484276        99.0705741917734        -0.000125885079089159   5.00273404781499        743.435601968648        28.7409039131156        5.00273404781494        0.0280216364393014      0.0124570121516489      -0.0370743576181743     -0.642513302159863      
1.39034034127363        99.0654278495502        0.00231393621372195     5.00298314053011        743.433998011052        28.7408729089399        5.00298314053012        0.0124570121516489      -0.00681170561771403    -0.518899011140378      -0.476875567760821      
1.40032930235815        99.0646322134715        0.00224735052992729     5.00284698904095        743.407795484422        28.7403664146677        5.0028469890409         -0.00681170561771403    -0.0211117615259701     -0.642513302159863      -0.143109893647054      
1.41032717459613        99.0686894060301        -1.11719313442769e-06   5.00242491169212        743.375519780122        28.7397425137333        5.00242491169218        -0.0211117615259701     -0.0254032808790653     -0.476875567760821      0.202981679318303       
1.42032751227393        99.0739718061607        -0.00323575343907809    5.00191699435058        743.339674912568        28.7390496037199        5.00191699435052        -0.0254032808790653     -0.0193185402464929     -0.143109893647054      0.420578449604045       
1.43031729091852        99.0752793636416        -0.00584661794257788    5.00153105449924        743.292129705662        28.738130490994         5.00153105449926        -0.0193185402464929     -0.00672158925240188    0.202981679318303       0.380138252577553       
1.44029278039963        99.0698006002894        -0.00649040249101781    5.00139691556519        743.231092721919        28.736950521003         5.00139691556523        -0.00672158925240188    0.00465691214876018     0.420578449604045       0.173373069861132       
1.45026488536034        99.0617068835445        -0.00475391107526854    5.00148982049936        743.184177869009        28.7360435278107        5.00148982049944        0.00465691214876018     0.00984416989642211     0.380138252577553       -0.0466135688280592     
1.46024498704842        99.0393999562327        -0.00136347520388997    5.00168617064597        743.045995665246        28.7333719192557        5.00168617064591        0.00984416989642211     0.00845057689195704     0.173373069861132       -0.146915279045296      
1.47020434017974        98.9523514293129        0.00209184198517935     5.00185451138314        742.417898113017        28.7212251772297        5.00185451138313        0.00845057689195704     0.0040643718103554      -0.0466135688280592     -0.11794110860654       
1.48014677368997        98.7549662021122        0.00398762391773541     5.00193533389177        740.948932265449        28.6927968557625        5.00193533389184        0.0040643718103554      0.00055041436088753     -0.146915279045296      -0.041574874440561      
1.49007377156513        98.4295671329232        0.00361558497102807     5.0019462559163         738.50910718798         28.6455175316019        5.00194625591634        0.00055041436088753     -0.000685748053323304   -0.11794110860654       -0.041574874440561      
1.49996389582677        98.0958054824856        0.00145239358670291     5.00193267900648        736.002922674462        28.5968708986464        5.00193267900641        -0.000685748053323304   -0.000685748053323304   -0.041574874440561      -0.041574874440561      
