# xp[i]                    V[i]                   up[i]                    p[i]                    e[i]                   cs[i]                  dd1[i]             dd2_left[i]            dd2_right[i]             dd3_left[i]            dd3_right[i]
-131.812343343031       20612.7194795465        -72.0386279966905       1e-09                   3.09190792193197e-05    0.00586127396270732     0.00051195367677851     2.63040964227659e-05    2.63040964227659e-05    -1.33138068566708e-07   -1.33138068566708e-07   
-128.600303554392       20612.7194795465        -72.0386279966905       0.00051195367677851     15.8291362889367        4.19379651508388        0.00051195367677851     2.63040964227659e-05    2.63040964227659e-05    -1.33138068566708e-07   -1.33138068566708e-07   
-126.458943695299       18775.013711371         -70.938613806219        0.000636269191053019    17.918944179215         4.4620553534112         0.000636269191053019    2.63040964227659e-05    2.54223060028649e-05    -1.33138068566708e-07   -3.41150088522671e-07   
-124.501524174456       17659.124016281         -69.8314200913008       0.000736596486238879    19.5114730506737        4.6561158169389         0.000736596486238879    2.54223060028649e-05    2.34663878053105e-05    -1.33138068566708e-07   -2.17462028875459e-07   
-122.664867472399       16820.8849702862        -68.7625971417455       0.000823044718958684    20.7665108145083        4.80353004622738        0.000823044718958684    2.34663878053105e-05    2.22964660333677e-05    -3.41150088522671e-07   -1.04530879766e-07      
-120.92776573639        16140.5138072803        -67.7482496937137       0.000900700005475449    21.8066413118909        4.92235730698784        0.000900700005475449    2.22964660333677e-05    2.1763063047024e-05     -2.17462028875459e-07   -1.39511896804937e-08   
-119.27292234107        15558.4169673038        -66.7842457485657       0.000972865184165382    22.7043632823267        5.02265570328052        0.000972865184165382    2.1763063047024e-05     2.16950938340134e-05    -1.04530879766e-07      5.64141734688836e-08    
-117.687815482957       15042.4069433418        -65.8624909135185       0.00104176786856221     23.5060443291158        5.11056034426274        0.00104176786856221     2.16950938340134e-05    2.19589043366451e-05    -1.39511896804937e-08   8.67692041086089e-08    
-116.160958661888       14573.6699642883        -64.9747550401241       0.0011088817656572      24.2407153231579        5.18981002897429        0.0011088817656572      2.19589043366451e-05    2.23499167512353e-05    5.64141734688836e-08    9.56877652196312e-08    
-114.687097393861       14143.9027630266        -64.11725388722         0.00117482225143        24.9248575320989        5.26253609458182        0.00117482225143        2.23499167512353e-05    2.27666834265129e-05    8.67692041086089e-08    9.2666655671127e-08     
-113.260940161514       13748.0315068459        -63.2869152291484       0.00123982401190183     25.5677093678557        5.32996866447488        0.00123982401190183     2.27666834265129e-05    2.31577181163234e-05    9.56877652196312e-08    7.88039891354711e-08    
-111.876862955404       13382.3082742738        -62.4807802441634       0.00130396602938574     26.1751130766311        5.39290821116349        0.00130396602938574     2.31577181163234e-05    2.34806016017906e-05    9.2666655671127e-08     6.58962680332428e-08    
-110.531594477118       13044.2520607033        -61.6972821645992       0.00136718007113716     26.7507621904252        5.45188674684942        0.00136718007113717     2.34806016017906e-05    2.3743237878221e-05     7.88039891354711e-08    5.14993419224421e-08    
-109.221845596343       12731.392973794         -60.9347770701926       0.00142940940794143     27.2975593394108        5.50732434928561        0.00142940940794143     2.3743237878221e-05     2.39432022660229e-05    6.58962680332428e-08    3.42182771860703e-08    
-107.944754165088       12441.3478069272        -60.1918206209454       0.00149059254015167     27.817470345657         5.5595233954057         0.00149059254015167     2.39432022660229e-05    2.40728251818468e-05    5.14993419224421e-08    1.46110631166356e-08    
-106.697996742366       12172.5140117808        -59.4672704885472       0.0015506469962465      28.3129084337047        5.60881334584783        0.0015506469962465      2.40728251818468e-05    2.41268996809397e-05    3.42182771860703e-08    -2.79844154809603e-09   
-105.479204754325       11922.9111712673        -58.7599587819151       0.00160949260149867     28.784755977721         5.65535694695461        0.00160949260149867     2.41268996809397e-05    2.4116768030768e-05     1.46110631166356e-08    -2.97867421094992e-08   
-104.285538118084       11691.0081260246        -58.0684415939755       0.00166707589252653     29.2346967093411        5.69938561107355        0.00166707589252653     2.4116768030768e-05     2.40111502799447e-05    -2.79844154809603e-09   -4.95403240829223e-08   
-103.116289584374       11475.8175668039        -57.3924897347337       0.00172325161194023     29.6635816804903        5.74103955747954        0.00172325161194023     2.40111502799447e-05    2.38389219628484e-05    -2.97867421094992e-08   -6.79951094334349e-08   
-101.969317240095       11275.7530290649        -56.731005201401        0.00177796361323577     30.0718178962657        5.78040924120869        0.00177796361323577     2.38389219628484e-05    2.36068786907944e-05    -4.95403240829223e-08   -8.73121628496797e-08   
-100.842369903087       11089.5333788796        -56.0827858212118       0.00183118617247256     30.4605002738659        5.81764559803151        0.00183118617247256     2.36068786907944e-05    2.33140265543337e-05    -6.79951094334349e-08   -1.00905626453607e-07   
-99.7341648044025       10916.1226994371        -55.4471403730958       0.00188287621274134     30.830561649204         5.85287789127936        0.00188287621274134     2.33140265543337e-05    2.29810446509181e-05    -8.73121628496797e-08   -1.10745740183158e-07   
-98.6432784171368       10754.426159206         -54.8232469712054       0.00193302907344128     31.1829276508839        5.88622947139092        0.00193302907344128     2.29810446509181e-05    2.26211824112663e-05    -1.00905626453607e-07   -1.16712834079663e-07   
-97.5685408075059       10603.380166144         -54.2103794708851       0.00198166234649308     31.5184788311986        5.91781480232908        0.00198166234649308     2.26211824112663e-05    2.22474361205667e-05    -1.10745740183158e-07   -1.1479797685291e-07    
-96.5091030341759       10462.0432207753        -53.6079451916683       0.00202881490703488     31.838323866528         5.94776558106096        0.00202881490703488     2.22474361205667e-05    2.1884896773022e-05     -1.16712834079663e-07   -1.09554881940865e-07   
-95.4637953290909       10329.4131697629        -53.0151218138683       0.00207457570571381     32.1437244244055        5.97622367055071        0.00207457570571381     2.1884896773022e-05     2.15434526289801e-05    -1.1479797685291e-07    -9.6777332402003e-08    
-94.4318960772157       10204.5442212959        -52.431300323656        0.00211904734960717     32.4358685791294        6.00332024606471        0.00211904734960716     2.15434526289801e-05    2.12455939091965e-05    -1.09554881940865e-07   -8.19955019636869e-08   
-93.4124492022686       10086.5675379189        -51.8557073650003       0.00216237073014869     32.7163476174956        6.02922029393294        0.00216237073014869     2.12455939091965e-05    2.09962303653536e-05    -9.6777332402003e-08    -6.19172917683975e-08   
-92.4049019395401       9974.67059954671        -51.2877798432252       0.00220468889669699     32.9865682785458        6.05406826288881        0.00220468889669699     2.09962303653536e-05    2.08100708622124e-05    -8.19955019636869e-08   -4.43125512868524e-08   
-91.4084181690515       9867.99092958066        -50.7267943921791       0.0022461651649997      33.2477062118356        6.07798451716755        0.0022461651649997      2.08100708622124e-05    2.06783046974382e-05    -6.19172917683975e-08   -2.65480345100362e-08   
-90.4227602607727       9765.90387978844        -50.172383209741        0.00228693342544166     33.5009580185079        6.10108897552158        0.00228693342544166     2.06783046974382e-05    2.06002040660887e-05    -4.43125512868524e-08   -1.36596655402271e-08   
-89.4474647983473       9667.85707141616        -49.6240868827772       0.00232712010394255     33.7473968294036        6.12348818797148        0.00232712010394255     2.06002040660887e-05    2.05604345335331e-05    -2.65480345100362e-08   -4.25011359844078e-09   
-88.4821330090749       9573.41770716495        -49.081531359812        0.00236682190385793     33.987862086149         6.14526575559041        0.00236682190385793     2.05604345335331e-05    2.05481839461578e-05    -1.36596655402271e-08   -2.93737143671576e-09   
-87.526130878882        9482.23131496782        -48.544266211953        0.00240611209618475     34.2229671986488        6.16648352869039        0.00240611209618475     2.05481839461578e-05    2.05397991638509e-05    -4.25011359844078e-09   -6.95694503613846e-09   
-86.5792659743556       9394.09625432963        -48.0121446130466       0.00244501143485557     34.4530091429547        6.18717393241451        0.00244501143485557     2.05397991638509e-05    2.0520127281096e-05     -2.93737143671576e-09   -1.33049495751349e-08   
-85.6412940163524       9308.89945526052        -47.4850388318341       0.00248351186336878     34.67814334807          6.20735615111171        0.00248351186336878     2.0520127281096e-05     2.04828510858486e-05    -6.95694503613846e-09   -2.68769233424108e-08   
-84.7116476999547       9226.56412794578        -46.9626755775222       0.00252159481676623     34.898484422384         6.22704535093883        0.00252159481676623     2.04828510858486e-05    2.04082262785307e-05    -1.33049495751349e-08   -3.87294772268444e-08   
-83.7903915401177       9147.07991940404        -46.4451574787601       0.00255920165069693     35.1138330431933        6.24622846588184        0.00255920165069692     2.04082262785307e-05    2.03016302697484e-05    -2.68769233424108e-08   -4.90427371561837e-08   
-82.8770918303797       9070.37935952885        -45.9323129473043       0.00259629011413712     35.3240043939272        6.26489375576555        0.00259629011413711     2.03016302697484e-05    2.01677958985886e-05    -3.87294772268444e-08   -6.30394563814267e-08   
-81.9712050306427       8996.40746435783        -45.423901696187        0.00263282721496737     35.5289796136454        6.28304416785061        0.00263282721496737     2.01677958985886e-05    1.99971797221509e-05    -4.90427371561837e-08   -6.54798061265532e-08   
-81.072967095138        8925.16234547712        -44.920104242848        0.00266876024648598     35.7286776915644        6.30067700873524        0.00266876024648599     1.99971797221509e-05    1.98213815488539e-05    -6.30394563814267e-08   -7.45479253096092e-08   
-80.1815198368956       8856.50718212335        -44.4204656127953       0.00270409596079412     35.9232679468858        6.31781150108219        0.00270409596079412     1.98213815488539e-05    1.96227981149426e-05    -6.54798061265532e-08   -7.0502831257683e-08    
-79.2972384229506       8790.37883639228        -43.9251998522075       0.00273880855772162     36.1127471740893        6.3344514078077         0.00273880855772162     1.96227981149426e-05    1.94364093029091e-05    -7.45479253096092e-08   -7.26670382172291e-08   
-78.4192620584077       8726.58733337976        -43.4338088071927       0.00277293582986495     36.2974000337616        6.35062551895145        0.00277293582986495     1.94364093029091e-05    1.92457088784144e-05    -7.0502831257683e-08    -6.68193976191601e-08   
-77.5478113411885       8665.0180256734         -42.9463854072215       0.00280648447730655     36.4773578769508        6.36634884694959        0.00280648447730655     1.92457088784144e-05    1.90715954385073e-05    -7.26670382172291e-08   -6.39536409693855e-08   
-76.6823382186679       8605.49592114616        -42.4625842074134       0.0028394977602877      36.6529295913892        6.38165161410162        0.00283949776028771     1.90715954385073e-05    1.89060905314854e-05    -6.68193976191601e-08   -6.18959800282207e-08   
-75.822698343203        8547.88180463643        -41.9822836861705       0.00287200539931535     36.8243440434379        6.39655671639376        0.00287200539931535     1.89060905314854e-05    1.87469312334166e-05    -6.39536409693855e-08   -4.94135448227635e-08   
-74.9685975865487       8492.03958702421        -41.5052817977784       0.00290404096335278     36.9918462346975        6.41108815817457        0.00290404096335277     1.87469312334166e-05    1.8620656461648e-05     -6.18959800282207e-08   -6.67063262484791e-08   
-74.1187527803337       8437.78065208835        -41.0308311926029       0.00293566998206666     37.1558090633979        6.42528071703208        0.00293566998206666     1.8620656461648e-05     1.84511969875409e-05    -4.94135448227635e-08   -4.05968844295235e-08   
-73.2753461946242       8385.22708491485        -40.5601275247856       0.00296682313202683     37.316228524235         6.43913628820192        0.00296682313202684     1.84511969875409e-05    1.83486794009831e-05    -6.67063262484791e-08   -7.03446578567709e-08   
-72.4351880251848       8334.02676087159        -40.0913762003523       0.00299762380868477     37.473415560907         6.45268381381017        0.00299762380868477     1.83486794009831e-05    1.81720746001254e-05    -4.05968844295235e-08   -4.49270885966933e-08   
-71.6016473576821       8284.45271838833        -39.6264498056631       0.00302794904192495     37.6273510072747        6.46592358336076        0.00302794904192496     1.81720746001254e-05    1.80599206934566e-05    -7.03446578567709e-08   -6.43922989121833e-08   
-70.7713226150625       8236.12503556385        -39.1634485832673       0.0030579195587735      37.7781117521322        6.47886407671834        0.0030579195587735      1.80599206934566e-05    1.79001297169387e-05    -4.49270885966933e-08   -6.74276451936556e-08   
-69.9465040791996       8189.2088736443         -38.7036504615371       0.00308744744062956     37.925627966571         6.49150110756544        0.00308744744062957     1.79001297169387e-05    1.77337699068212e-05    -6.43922989121833e-08   -5.1158093683187e-08    
-69.1272851252491       8143.59650818071        -38.247108363196        0.00311652484390685     38.0695812547474        6.5038092474716         0.00311652484390686     1.77337699068212e-05    1.7608307415918e-05     -6.74276451936556e-08   -8.0302916129094e-08    
-68.3112159174375       8099.23627991462        -37.7924580403577       0.0031452339181061      38.2109889875143        6.51587710370381        0.00314523391810609     1.7608307415918e-05     1.74125146736636e-05    -5.1158093683187e-08    -5.87308823261178e-08   
-67.5017176555061       8056.1717542608         -37.3416045425407       0.00317345147548432     38.348805210471         6.52761698992749        0.00317345147548432     1.74125146736636e-05    1.72701294348905e-05    -8.0302916129094e-08    -7.09764670451367e-08   
-66.6957170728579       8014.28438457323        -36.8928335825623       0.00320128373464918     38.4839973677808        6.5391128660784         0.00320128373464917     1.72701294348905e-05    1.70989896719287e-05    -5.87308823261178e-08   -6.91169762273022e-08   
-65.894049091899        7973.53691845192        -36.4466062227065       0.00322870143405531     38.6162551246479        6.55033969642016        0.0032287014340553      1.70989896719287e-05    1.69331691793369e-05    -7.09764670451367e-08   -6.87758269708343e-08   
-65.0964476907519       7933.9199554399         -36.0027693102964       0.00325571481729027     38.745871137181         6.56132364162911        0.00325571481729026     1.69331691793369e-05    1.67690072373117e-05    -6.91169762273022e-08   -7.17087125239559e-08   
-64.3027304690235       7895.33548398197        -35.5612155379787       0.00328233190521233     38.8726673421436        6.57205086730024        0.00328233190521233     1.67690072373117e-05    1.65987085421381e-05    -6.87758269708343e-08   -7.00890945742933e-08   
-63.5132089238686       7857.8000465557         -35.1221121614414       0.00330854472266473     38.9968243136799        6.58253786870821        0.00330854472266474     1.65987085421381e-05    1.64330897149998e-05    -7.17087125239559e-08   -6.98110863497677e-08   
-62.7275527379163       7821.22003361826        -34.6852694180558       0.00333436696194775     39.1182265233309        6.59277605694554        0.00333436696194776     1.64330897149998e-05    1.62689546697294e-05    -7.00890945742933e-08   -7.50266076112366e-08   
-61.9456740268749       7785.54526412006        -34.2506328010047       0.00335980416644909     39.2368611247028        6.60276550854117        0.00335980416644909     1.62689546697294e-05    1.60934111736709e-05    -6.98110863497677e-08   -6.62459036981274e-08   
-61.1680023343819       7750.70683545819        -33.8184357493074       0.00338484523147753     39.3524146088714        6.61248101101003        0.00338484523147754     1.60934111736709e-05    1.5939144182271e-05     -7.50266076112366e-08   -7.59352583616638e-08   
-60.393259569981        7716.55737059667        -33.3879632281129       0.00340953380456817     39.4647948149085        6.62191603816939        0.00340953380456817     1.5939144182271e-05     1.57631289319762e-05    -6.62459036981274e-08   -7.06895150757833e-08   
-59.6225625014462       7683.06553567674        -32.9598315082471       0.00343383672677415     39.5735889159292        6.63103720024496        0.00343383672677414     1.57631289319762e-05    1.56000120497842e-05    -7.59352583616638e-08   -7.13870250312583e-08   
-58.8551844090542       7650.14719458919        -32.5336330084247       0.00345777949688973     39.6787831764585        6.63984464146049        0.00345777949688973     1.56000120497842e-05    1.54360304402951e-05    -7.06895150757833e-08   -7.52679929033348e-08   
-58.0910541211314       7617.7977371228         -32.1093248734452       0.00348136638500775     39.7805174547111        6.64835129559795        0.00348136638500775     1.54360304402951e-05    1.52638960190823e-05    -7.13870250312583e-08   -7.24315453071089e-08   
-57.330610695045        7586.09550195061        -31.6871478881074       0.00350458581743819     39.8791840588016        6.65659105772463        0.0035045858174382      1.52638960190823e-05    1.5098959543439e-05     -7.52679929033348e-08   -7.26163038565668e-08   
-56.5732286466992       7555.09280995859        -31.2667520977151       0.00352745846258909     39.9754141022017        6.66461752692712        0.00352745846258909     1.5098959543439e-05     1.49342915507599e-05    -7.24315453071089e-08   -7.69529066823487e-08   
-55.8187379859589       7524.88723674154        -30.8480407965372       0.00354999030890543     40.069915149058         6.67249038541067        0.00354999030890544     1.49342915507599e-05    1.47605022909734e-05    -7.26163038565668e-08   -7.46246761342941e-08   
-55.0676369866487       7495.61070227137        -30.4312882400874       0.00357216719975318     40.163362039159         6.6802662986806         0.0035721671997532      1.47605022909734e-05    1.45926543476409e-05    -7.69529066823487e-08   -7.70716912140692e-08   
-54.3194331444435       7467.38424443241        -30.0162189822348       0.00359400412347664     40.2567146491119        6.68802533962437        0.00359400412347665     1.45926543476409e-05    1.44199731718907e-05    -7.46246761342941e-08   -7.69762124791002e-08   
-53.5740766230777       7440.31535990442        -29.6028032807107       0.00361550248942056     40.3507180587127        6.69582938674123        0.00361550248942054     1.44199731718907e-05    1.42481229673528e-05    -7.70716912140692e-08   -7.73982947945352e-08   
-52.8312451111727       7414.38912844077        -29.1908602375082       0.00363667135804768     40.4455448712309        6.70369258702752        0.00363667135804766     1.42481229673528e-05    1.40759232016191e-05    -7.69762124791002e-08   -8.0513588890074e-08    
-52.0908039698256       7389.47226489326        -28.7803130196319       0.00365751439638662     40.5406517858201        6.71156976056356        0.00365751439638663     1.40759232016191e-05    1.389738457554e-05      -7.73982947945352e-08   -7.78818727763644e-08   
-51.3530014162006       7365.40100325075        -28.3712970166818       0.00367802499702689     40.6351935046248        6.7193909698081         0.00367802499702689     1.389738457554e-05      1.37252377262846e-05    -8.0513588890074e-08    -8.10870920017434e-08   
-50.6173267091358       7342.01834033271        -27.9635268917195       0.00369821806803112     40.7285773230514        6.72710746185836        0.0036982180680311      1.37252377262846e-05    1.35465583487302e-05    -7.78818727763644e-08   -7.981131920417e-08     
-49.8840056346135       7319.24286724978        -27.5571256761939       0.00371808829979918     40.8203869021651        6.73468525224825        0.00371808829979918     1.35465583487302e-05    1.33712000908015e-05    -8.10870920017434e-08   -8.00057395387106e-08   
-49.152701823901        7296.98514556571        -27.1519048942206       0.00373764585084818     40.9103193795367        6.74209985254649        0.00373764585084817     1.33712000908015e-05    1.31959072995368e-05    -7.981131920417e-08     -8.13946227882941e-08   
-48.4233058046117       7275.19756276381        -26.7478019656481       0.00375689459225012     40.9982255716478        6.74933952090852        0.00375689459225012     1.31959072995368e-05    1.30180670445746e-05    -8.00057395387106e-08   -8.15754017564198e-08   
-47.6960211411409       7253.85993890135        -26.3449278233974       0.0037758302056862      41.0840151976811        6.75639739618691        0.00377583020568619     1.30180670445746e-05    1.28403369191454e-05    -8.13946227882941e-08   -8.12943354747288e-08   
-46.9708582164482       7232.9735827799         -25.9432864436947       0.0037944535953107      41.1677739239497        6.76328108440059        0.0037944535953107      1.28403369191454e-05    1.26637255828521e-05    -8.15754017564198e-08   -8.23245510099933e-08   
-46.247705339405        7212.52395644378        -25.5428142670353       0.0038127687456614      41.2495288776945        6.76999334298823        0.00381276874566141     1.26637255828521e-05    1.24853829464468e-05    -8.12943354747288e-08   -8.24510059480651e-08   
-45.5266365526677       7192.50421062733        -25.1435506687988       0.00383077489118278     41.3292968021964        6.77653605401235        0.00383077489118279     1.24853829464468e-05    1.23072631906312e-05    -8.23245510099933e-08   -8.22178563350891e-08   
-44.8075708567039       7172.89045917134        -24.745449210566        0.0038484751903217      41.4070364625242        6.78290633074743        0.0038484751903217      1.23072631906312e-05    1.21301316246883e-05    -8.24510059480651e-08   -8.36044339122254e-08   
-44.0903721374598       7153.67046463689        -24.3484330134772       0.00386587404442691     41.4827834574347        6.78910757164533        0.00386587404442691     1.21301316246883e-05    1.19504896658885e-05    -8.22178563350891e-08   -8.25405299447777e-08   
-43.3751353033479       7134.84510021101        -23.9525531285814       0.00388297018894688     41.5565862403096        6.79514420093165        0.00388297018894687     1.19504896658885e-05    1.17735969992289e-05    -8.36044339122254e-08   -8.43034059154444e-08   
-42.6616455128736       7116.40383857427        -23.5576891860848       0.00389976973333083     41.6285044497469        6.80102152864201        0.00389976973333084     1.17735969992289e-05    1.15933959355807e-05    -8.25405299447777e-08   -8.41112792592549e-08   
-41.9500961017276       7098.36699795164        -23.1639467602526       0.00391626906882911     41.698672669913         6.80675095196861        0.00391626906882909     1.15933959355807e-05    1.14140619113384e-05    -8.43034059154444e-08   -8.32998076454735e-08   
-41.2403512346517       7080.72692006416        -22.7712492605679       0.00393247229702431     41.7671436839198        6.81233714862804        0.00393247229702433     1.14140619113384e-05    1.12369069728096e-05    -8.41112792592549e-08   -8.64459021607199e-08   
-40.5322208851461       7063.48648072491        -22.379490171783        0.00394838451824065     41.8340409979446        6.81779053473293        0.00394838451824066     1.12369069728096e-05    1.10535150239264e-05    -8.32998076454735e-08   -8.36906980996761e-08   
-39.8260910148827       7046.65694192401        -21.9888816264713       0.0039639979100987      41.8994000864539        6.82311431715378        0.0039639979100987      1.10535150239264e-05    1.08763967776497e-05    -8.64459021607199e-08   -8.59725353307871e-08   
-39.1214264821554       7030.22213761972        -21.5991262138684       0.00397932507164931     41.9633088172413        6.82831594800824        0.00397932507164932     1.08763967776497e-05    1.06948786183823e-05    -8.36906980996761e-08   -8.59569366698096e-08   
-38.4184590834993       7014.18216238966        -21.2103507681809       0.00399436157199396     42.0257695326221        6.83339589667474        0.00399436157199397     1.06948786183823e-05    1.05138119474959e-05    -8.59725353307871e-08   -8.63288702009254e-08   
-37.7171517278842       6998.53566866911        -20.822533368513        0.00400910893046608     42.0868377741701        6.83835894659027        0.00400910893046608     1.05138119474959e-05    1.03323728251711e-05    -8.59569366698096e-08   -8.57039158970058e-08   
-37.0174033742313       6983.26909079045        -20.4356167203436       0.00402356994103179     42.1465074057612        6.84320485394585        0.00402356994103178     1.03323728251711e-05    1.01526443026138e-05    -8.63288702009254e-08   -8.82067015550784e-08   
-36.3190419772164       6968.37371649489        -20.0495042887265       0.00403774870391365     42.2048129132447        6.84793666517674        0.00403774870391363     1.01526443026138e-05    9.96806697612664e-06    -8.57039158970058e-08   -8.63843149545736e-08   
-35.6223958917461       6953.85343968271        -19.6643762028257       0.0040516392010761      42.2617577921345        6.85255490003015        0.0040516392010761      9.96806697612664e-06    9.78768428242759e-06    -8.82067015550784e-08   -8.77224582605641e-08   
-34.9270502961252       6939.6913393423         -19.2800017500643       0.00406525032675468     42.3173737272569        6.85706235507572        0.00406525032675468     9.78768428242759e-06    9.60488408152324e-06    -8.63843149545736e-08   -8.82469911678342e-08   
-34.2331115762231       6925.88387804647        -18.8964384215951       0.00407858047839056     42.3716621709004        6.86145936622332        0.00407858047839057     9.60488408152324e-06    9.4213602422272e-06     -8.77224582605641e-08   -8.83866085275107e-08   
-33.5406318498553       6912.43285107417        -18.5137137631496       0.00409162924127583     42.4246685727161        6.8657498233151         0.00409162924127585     9.4213602422272e-06     9.23790693880274e-06    -8.82469911678342e-08   -8.78287874546168e-08   
-32.8494920343919       6899.32342007676        -18.131760774367        0.00410439943573341     42.476368728458         6.8699319686473         0.00410439943573342     9.23790693880274e-06    9.05596043987776e-06    -8.83866085275107e-08   -9.00344468260379e-08   
-32.1595137639601       6886.54964697131        -17.7504798057712       0.00411689480093705     42.5268006570166        6.87400907258773        0.00411689480093706     9.05596043987776e-06    8.86979355960629e-06    -8.78287874546168e-08   -8.85531152195918e-08   
-31.4710209443845       6874.11570221766        -17.3700488400674       0.00412911001844493     42.5759700209648        6.87798177931779        0.00412911001844497     8.86979355960629e-06    8.68702437148615e-06    -9.00344468260379e-08   -8.95670533345606e-08   
-30.7836439720038       6862.00681130228        -16.990262709678        0.00414105219504228     42.6238925525076        6.8818515396583         0.00414105219504229     8.68702437148615e-06    8.50249305612955e-06    -8.85531152195918e-08   -9.02446275656043e-08   
-30.0974621433859       6850.22016484933        -16.6111643537034       0.00415272037003231     42.6705732266638        6.88561892858053        0.00415272037003234     8.50249305612955e-06    8.31688831720342e-06    -8.95670533345606e-08   -8.98930682421431e-08   
-29.4125548413864       6838.75763615264        -16.232796775038        0.00416411371887476     42.7160467391441        6.88928691190929        0.00416411371887474     8.31688831720342e-06    8.13232190693746e-06    -9.02446275656043e-08   -9.03265807940164e-08   
-28.728740804544        6827.60687981746        -15.8550589948945       0.00417523574880633     42.7603024851148        6.89285479360208        0.00417523574880631     8.13232190693746e-06    7.94717165205891e-06    -8.98930682421431e-08   -9.09430402444965e-08   
-28.0460106413445       6816.76241490427        -15.4779449907381       0.00418608702656909     42.8033410623518        6.89632277718043        0.0041860870265691      7.94717165205891e-06    7.7610587243132e-06     -9.03265807940164e-08   -9.08717360365367e-08   
-27.3644322590114       6806.22057688631        -15.1014914254017       0.00419666694732476     42.8451613968306        6.89969092680008        0.00419666694732477     7.7610587243132e-06     7.57538794856261e-06    -9.09430402444965e-08   -9.11399055726886e-08   
-26.6839074609821       6795.96161241078        -14.725643205981        0.00420697753383065     42.8856867362815        6.9029532115112         0.00420697753383067     7.57538794856261e-06    7.3894593380149e-06     -9.08717360365367e-08   -9.16152730581039e-08   
-26.0044077870566       6785.98909087875        -14.3503837749067       0.00421701968755547     42.9249743936586        6.90611439182367        0.00421701968755551     7.3894593380149e-06     7.20284421906843e-06    -9.11399055726886e-08   -9.17148661709329e-08   
-25.3259648218192       6776.30737640311        -13.9757297499916       0.0042267934508075      42.9630774588589        6.90917887538493        0.00422679345080753     7.20284421906843e-06    7.0162973149147e-06     -9.16152730581039e-08   -9.14491133371126e-08   
-24.6484882476785       6766.91490816631        -13.6016304593233       0.0042363006481749      43.000029017414         6.91214945001545        0.00423630064817492     7.0162973149147e-06     6.83055284048828e-06    -9.17148661709329e-08   -9.26485754867874e-08   
-23.9718517212805       6757.81421220565        -13.2280153883665       0.00424554350687253     43.035891373921         6.9150312423108         0.00424554350687252     6.83055284048828e-06    6.64262969331499e-06    -9.14491133371126e-08   -9.18996715122303e-08   
-23.2962732036465       6749.00827717959        -12.8550041725084       0.0042545196064992      43.0706820595289        6.9178257711131         0.00425451960649919     6.64262969331499e-06    6.45647180104104e-06    -9.26485754867874e-08   -9.23096274082152e-08   
-22.6214926219099       6740.49436329433        -12.4824525373381       0.00426323298237802     43.1044468306943        6.9205368152971         0.00426323298237802     6.45647180104104e-06    6.26972129731383e-06    -9.18996715122303e-08   -9.28463920600752e-08   
-21.9475185618494       6732.27935267273        -12.1103645803026       0.00427168399298331     43.1372549206562        6.92317002861937        0.00427168399298331     6.26972129731383e-06    6.08211130414604e-06    -9.23096274082152e-08   -9.24660012187713e-08   
-21.2744302713607       6724.38127439479        -11.7387834182436       0.0042798721687467      43.1692384024855        6.92573609425064        0.00427987216874671     6.08211130414604e-06    5.89548661341035e-06    -9.28463920600752e-08   -9.30344795983513e-08   
-20.6020370394103       6716.82263608921        -11.3676031347435       0.00428780027108609     43.2005908797907        6.9282506113088         0.00428780027108607     5.89548661341035e-06    5.70791532785662e-06    -9.24660012187713e-08   -9.28518155053405e-08   
-19.9303620214965       6709.65197216044        -10.9968358741119       0.00429546832619827     43.2316462893434        6.93074040371697        0.00429546832619823     5.70791532785662e-06    5.52090124675715e-06    -9.30344795983513e-08   -9.3735283434569e-08    
-19.2592906917479       6702.94080988944        -10.6264177650388       0.00430287781306035     43.2629029396951        6.93324542730291        0.00430287781306031     5.52090124675715e-06    5.33228851257105e-06    -9.28518155053405e-08   -9.33806864292111e-08   
-18.5889499207801       6696.80231264654        -10.2564181711555       0.00431002740872285     43.2951022774577        6.9358250552602         0.00431002740872281     5.33228851257105e-06    5.14455168205957e-06    -9.3735283434569e-08    -9.40460650164266e-08   
-17.9190790784996       6691.39817986543        -9.88669256913705       0.00431691977029967     43.3293436404124        6.93856722645344        0.00431691977029969     5.14455168205957e-06    4.95562035704027e-06    -9.33806864292111e-08   -9.4617528979641e-08    
-17.2496815704357       6686.97183312742        -9.51724219137523       0.00432355444119407     43.3672301508865        6.94160005177213        0.00432355444119407     4.95562035704027e-06    4.76565622624797e-06    -9.40460650164266e-08   -9.48068948181895e-08   
-16.5807125753359       6683.87241246252        -9.14804168016677       0.0043299312290066      43.4110618341258        6.94510713733263        0.00432993122900664     4.76565622624797e-06    4.57539204179868e-06    -9.4617528979641e-08    -9.57213260236401e-08   
-15.9119054775604       6682.57839469649        -8.77894331689718       0.00433605162549765     43.4640073662588        6.94934108517242        0.00433605162549762     4.57539204179868e-06    4.38331816663112e-06    -9.48068948181895e-08   -9.63662218743727e-08   
-15.2431347597074       6683.73664148467        -8.40987731039933       0.00434191521798587     43.5303267550081        6.95464087698184        0.00434191521798591     4.38331816663112e-06    4.18989860103556e-06    -9.57213260236401e-08   -9.71672118685165e-08   
-14.5740706193283       6688.18665167275        -8.04066118598823       0.0043475227327899      43.6155652639338        6.96144662998638        0.00434752273278991     4.18989860103556e-06    3.99471964209018e-06    -9.63662218743727e-08   -9.83304999191632e-08   
-13.9042867967299       6696.97953977074        -7.67105929155414       0.00435287475484941     43.7266697586166        6.97030764175335        0.00435287475484939     3.99471964209018e-06    3.79692281699267e-06    -9.71672118685165e-08   -9.94729899023355e-08   
-13.2333703090863       6711.38094328842        -7.30084333810269       0.00435797070792206     43.8720023408359        6.98188149910864        0.00435797070792208     3.79692281699267e-06    3.59638380878532e-06    -9.83304999191632e-08   -1.00668434808224e-07   
-12.5607328735785       6732.83885143119        -6.92968832171518       0.00436281023404227     44.0611473677721        6.99691577830087        0.00436281023404228     3.59638380878532e-06    3.39277844161857e-06    -9.94729899023355e-08   -1.0180637409871e-07    
-11.8855951764329       6762.92234286125        -6.55716383603877       0.00436739305458308     44.3045101033454        7.01621218665468        0.00436739305458306     3.39277844161857e-06    3.18594583278127e-06    -1.00668434808224e-07   -1.02889425579878e-07   
-11.2069932332302       6803.21102358826        -6.18273757693861       0.00437171873982657     44.6125876842232        7.04056403076906        0.00437171873982656     3.18594583278127e-06    2.97566340008588e-06    -1.0180637409871e-07    -1.03558189296226e-07   
-10.5238553513136       6855.14017912771        -5.80581780691566       0.00437578617788437     44.9949414649302        7.07067036464563        0.0043757861778844      2.97566340008588e-06    2.7624001102081e-06     -1.02889425579878e-07   -1.03871673862655e-07   
-9.83493053369386       6919.80449784159        -5.42571385426218       0.00437959411097591     45.4589025417774        7.10703114620205        0.00437959411097589     2.7624001102081e-06     2.54648570483915e-06    -1.03558189296226e-07   -1.03543731031962e-07   
-9.13894372449346       6997.74009240223        -5.04172177904234       0.0043831404324724      46.008116302412         7.14983420960949        0.00438314043247243     2.54648570483915e-06    2.32885398073725e-06    -1.03871673862655e-07   -1.02518668080921e-07   
-8.43457500601442       7088.71381945854        -4.65311290496702       0.00438642266824168     46.6411424795265        7.19885349510034        0.0043864226682417      2.32885398073725e-06    2.1106129807022e-06     -1.03543731031962e-07   -1.00805819306305e-07   
-7.72054307732346       7191.5556581081         -4.25917988933394       0.00438943792163119     47.3503306818315        7.25337704351348        0.00438943792163118     2.1106129807022e-06     1.89295361017774e-06    -1.02518668080921e-07   -9.84726808818009e-08   
-6.99574562848849       7304.07087346007        -3.85931417762504       0.00439218269334051     48.1212205220157        7.31218317619572        0.00439218269334048     1.89295361017774e-06    1.67706644412056e-06    -1.00805819306305e-07   -9.56468846943201e-08   
-6.25938410379913       7423.06030019149        -3.45307483463106       0.00439465291367346     48.9326603649154        7.37357597286987        0.00439465291367344     1.67706644412056e-06    1.46402661218414e-06    -9.84726808818009e-08   -9.24444612945388e-08   
-5.5110221158227        7544.45496241767        -3.04022075844133       0.00439684423691476     49.7576899832536        7.43547726804508        0.00439684423691472     1.46402661218414e-06    1.25481795952599e-06    -9.56468846943201e-08   -8.92200374081893e-08   
-4.75055104714052       7663.56068628231        -2.62069168080235       0.00439875245389315     50.5651595615151        7.49556606427464        0.00439875245389313     1.25481795952599e-06    1.04977142282558e-06    -9.24444612945388e-08   -8.60668628660465e-08   
-3.9784307747475        7775.36981812917        -2.19474093798816       0.00440037308598064     51.3217921218627        7.55143784114895        0.00440037308598063     1.04977142282558e-06    8.49121891438379e-07    -8.92200374081893e-08   -8.3266245813136e-08    
-3.19555198088697       7874.92729083887        -1.76285947301359       0.00440170198370812     51.994624616464         7.60077661357078        0.00440170198370812     8.49121891438379e-07    6.52539206071749e-07    -8.60668628660465e-08   -8.0927661384552e-08    
-2.40337809958156       7957.67025958487        -1.32585410939058       0.00440273520993372     52.5532725613751        7.64150018440061        0.00440273520993369     6.52539206071749e-07    4.59484679013029e-07    -8.3266245813136e-08    -7.91764662904272e-08   
-1.6038179987662        8019.73338745468        -0.88477729185912       0.00440346946338131     52.9719766141744        7.67188059041113        0.0044034694633813      4.59484679013029e-07    2.69145117999839e-07    -8.0927661384552e-08    -7.8096004778259e-08    
-0.799125442106298      8058.19248187162        -0.440871620278063      0.0044039022822728      53.231238392862         7.69063199200906        0.00440390228227279     2.69145117999839e-07    8.05096936368394e-08    -7.91764662904272e-08   -7.77244151192662e-08   
0.0081785902654582      8071.23339636768        0.00447298715874416     0.00440403216884837     53.3189572798299        7.69696601697563        0.00440403216884838     8.05096936368394e-08    -1.07529509833622e-07   -7.8096004778259e-08    -7.8082672887532e-08    
0.815485094767491       8058.24290867219        0.449818114075491       0.00440385869057913     53.2310445962304        7.69061799252327        0.00440385869057911     -1.07529509833622e-07   -2.96133872231165e-07   -7.77244151192662e-08   -7.91481392288032e-08   
1.62018499865087        8019.83297171514        0.893725324365932       0.0044033824660828      52.9715878328447        7.67185243694584        0.0044033824660828      -2.96133872231165e-07   -4.86407620796149e-07   -7.8082672887532e-08    -8.08819445669159e-08   
2.41975713993011        7957.81686046578        1.33480465366964        0.00440260517829611     52.5526885767281        7.6414577271856         0.00440260517829612     -4.86407620796149e-07   -6.79356534945533e-07   -7.91481392288032e-08   -8.31988494170828e-08   
3.21194752797261        7875.11845869033        1.77181346277487        0.00440152946733684     51.9938489320406        7.60071991707515        0.00440152946733686     -6.79356534945533e-07   -8.75784736816657e-07   -8.08819445669159e-08   -8.59720103674715e-08   
3.99484707741275        7775.60307137667        2.20369929859024        0.00440015880530699     51.3208324816352        7.55136724056094        0.00440015880530702     -8.75784736816657e-07   -1.07621898930495e-06   -8.31988494170828e-08   -8.90916801331579e-08   
4.76699213660522        7663.83343477259        2.62965534738273        0.00439849729037797     50.564025895133         7.49548203884128        0.00439849729037796     -1.07621898930495e-06   -1.28097763926558e-06   -8.59720103674715e-08   -9.22734533790574e-08   
5.5274917691349         7544.76447206871        3.04919066516494        0.00439654921906119     49.7563925215114        7.43538032513853        0.00439654921906121     -1.28097763926558e-06   -1.48980765288557e-06   -8.90916801331579e-08   -9.5426008388484e-08    
6.27588580908467        7423.40385866083        3.46205189939005        0.0043943192120092      48.9312092919247        7.37346664224914        0.00439431921200917     -1.48980765288557e-06   -1.70236513042963e-06   -9.22734533790574e-08   -9.81923871858757e-08   
7.01228261387954        7304.4459799207         3.86829931398967        0.00439181160824402     48.1196259696107        7.31206202636064        0.00439181160824403     -1.70236513042963e-06   -1.91764861630312e-06   -9.5426008388484e-08    -1.00458946473083e-07   
7.73711837649284        7191.96008924235        4.26817403722967        0.00438903088210438     47.3486024018203        7.25324466871515        0.0043890308821044      -1.91764861630312e-06   -2.13457099174106e-06   -9.81923871858757e-08   -1.02099644444304e-07   
8.45119151762962        7089.14563035519        4.6621170543869         0.00438598122612796     46.6392894660375        7.19871049147287        0.00438598122612793     -2.13457099174106e-06   -2.35193301247496e-06   -1.00458946473083e-07   -1.03049036886651e-07   
9.15560422631796        6998.19759492542        5.05073696764451        0.00438266625652302     46.0061466836403        7.14968116489123        0.004382666256523       -2.35193301247496e-06   -2.56853896193981e-06   -1.02099644444304e-07   -1.03300073295852e-07   
9.8516376589359         6920.28621432281        5.43474114566132        0.00437908898362971     45.4568236870584        7.10686864058351        0.00437908898362971     -2.56853896193981e-06   -2.78328001422365e-06   -1.03049036886651e-07   -1.02910844665931e-07   
10.5406115636657        6855.64476985437        5.81485827144697        0.0043752519948449      44.9927601828799        7.07049897523191        0.00437525199484491     -2.78328001422365e-06   -2.99522568404153e-06   -1.03300073295852e-07   -1.02170638846514e-07   
11.2238008291845        6803.73720301648        6.19179229043494        0.00437115750946918     44.6103104511304        7.04038433697814        0.00437115750946921     -2.99522568404153e-06   -3.20405514901932e-06   -1.02910844665931e-07   -1.01020717583221e-07   
11.9024563164318        6763.46880648941        6.56623389563584        0.00436680689355995     44.3021433128335        7.01602477767333        0.00436680689355998     -3.20405514901932e-06   -3.4093081213117e-06    -1.02170638846514e-07   -9.98227795515114e-08   
12.5776496003323        6733.40422003765        6.93877485931718        0.00436220136661273     44.0586976359063        6.99672126673203        0.00436220136661275     -3.4093081213117e-06    -3.61122004202651e-06   -1.01020717583221e-07   -9.85740269798033e-08   
13.2503445449102        6711.96373240977        7.30994752206619        0.00435734146083153     43.86947678224          6.9816805348983         0.00435734146083149     -3.61122004202651e-06   -3.8099639770284e-06    -9.98227795515114e-08   -9.73852785770475e-08   
13.9213203046785        6697.5781379221         7.68018231078782        0.00435222755361283     43.7240761715092        6.97010092159593        0.00435222755361282     -3.8099639770284e-06    -4.00587696291939e-06   -9.85740269798033e-08   -9.61825357167429e-08   
14.5911649536053        6688.79929971561        8.04980422841435        0.00434686009642082     43.6129121533519        6.96123489630268        0.00434686009642081     -4.00587696291939e-06   -4.19909572933194e-06   -9.73852785770475e-08   -9.53495108995839e-08   
15.2602912334075        6684.36141478713        8.4190415500976         0.0043412397513403      43.5276232292987        6.95442490867016        0.00434123975134032     -4.19909572933194e-06   -4.39049253263069e-06   -9.61825357167429e-08   -9.4678924617789e-08    
15.9291251751873        6683.21320922548        8.78812992129471        0.00433536600694827     43.4612630466957        6.94912169084024        0.00433536600694824     -4.39049253263069e-06   -4.58049279358957e-06   -9.53495108995839e-08   -9.37447331691839e-08   
16.5979963721136        6684.51506396393        9.157251822025          0.00432923820055768     43.4082869506738        6.94488516429128        0.00432923820055767     -4.58049279358957e-06   -4.76864347068418e-06   -9.4678924617789e-08    -9.35419613986469e-08   
17.267030136402         6687.62004912248        9.5264770524695         0.00432285679832863     43.3644356909819        6.94137639977211        0.00432285679832862     -4.76864347068418e-06   -4.9564664020729e-06    -9.37447331691839e-08   -9.2962396611066e-08    
17.9364928941627        6692.0496287824         9.89595334265989        0.0043162203484989      43.3265411713727        6.93834283539846        0.00431622034849887     -4.9564664020729e-06    -5.14323892852875e-06   -9.35419613986469e-08   -9.22947378320172e-08   
18.60642923248          6697.45454292281        10.2657060350599        0.00430932907264935     43.2923033618471        6.93560086012317        0.00430932907264935     -5.14323892852875e-06   -5.32881062407077e-06   -9.2962396611066e-08    -9.26514061275705e-08   
19.2768354726531        6703.59120152792        10.6357338534094        0.00430218344315201     43.2601186153094        6.9330223179689         0.00430218344315202     -5.32881062407077e-06   -5.51526052639586e-06   -9.22947378320172e-08   -9.17761809634159e-08   
19.9479719756597        6710.29779134203        11.0061812676642        0.00429478080852274     43.2288872605924        6.93051924145758        0.00429478080852274     -5.51526052639586e-06   -5.70012599353963e-06   -9.26514061275705e-08   -9.19707850756112e-08   
20.6197115683838        6717.46118308611        11.3769788366066        0.00428712248222653     43.1978682922388        6.92803229177094        0.00428712248222654     -5.70012599353963e-06   -5.88557038844018e-06   -9.17761809634159e-08   -9.14202121217902e-08   
21.292168518282         6725.0099873841         11.7481903645835        0.0042792069657061      43.1665643736857        6.92552159076089        0.00427920696570608     -5.88557038844018e-06   -6.07010165619738e-06   -9.19707850756112e-08   -9.18213625693703e-08   
21.9653194110791        6732.89576669685        12.1198036290513        0.00427103419892121     43.1346421160011        6.92296035875478        0.00427103419892118     -6.07010165619738e-06   -6.25565745815059e-06   -9.14202121217902e-08   -9.13120825053106e-08   
22.6393547168707        6741.09596152242        12.4919244646825        0.0042626013796996      43.1019074194093        6.92033295758146        0.0042626013796996      -6.25565745815059e-06   -6.44040636868843e-06   -9.18213625693703e-08   -9.09345870596875e-08   
23.3141949064027        6749.59239828829        12.864509638132         0.00425390891810299     43.0682269449581        6.91762860338699        0.00425390891810298     -6.44040636868843e-06   -6.62462530147268e-06   -9.13120825053106e-08   -9.17174928905209e-08   
23.9898311254508        6758.37809937326        13.2375549280831        0.00424495638389872     43.0335303866037        6.91484155732386        0.00424495638389874     -6.62462530147268e-06   -6.81067544931831e-06   -9.09345870596875e-08   -9.05627080207769e-08   
24.6665231990195        6767.45585319234        13.6112044836795        0.00423573966689792     42.9977718020209        6.91196802670886        0.00423573966689792     -6.81067544931831e-06   -6.99463426409076e-06   -9.17174928905209e-08   -9.08741116854254e-08   
25.3440528863208        6776.82286925515        13.9853385097693        0.00422626108098913     42.9609341176352        6.90900653074065        0.00422626108098913     -6.99463426409076e-06   -7.17948518675711e-06   -9.05627080207769e-08   -9.08262611080701e-08   
26.0225463347144        6786.47684138135        14.3600273938963        0.00421651829021325     42.9229555916897        6.90595198938244        0.00421651829021331     -7.17948518675711e-06   -7.36450648053449e-06   -9.08741116854254e-08   -9.04089932869151e-08   
26.7020936486295        6796.4194927688         14.7353216563341        0.00420650934622151     42.8838031757611        6.90280161929126        0.00420650934622156     -7.36450648053449e-06   -7.54895648843549e-06   -9.08262611080701e-08   -9.02036132838035e-08   
27.3826629990316        6806.64654721812        15.111204493094         0.00419623406258762     42.8434231401466        6.89955096285634        0.00419623406258769     -7.54895648843549e-06   -7.73327374449235e-06   -9.04089932869151e-08   -9.03412182248671e-08   
28.0642826830165        6817.15448132261        15.4876923050797        0.00418569138040146     42.8017571270058        6.89619517697225        0.00418569138040146     -7.73327374449235e-06   -7.91816576275893e-06   -9.02036132838035e-08   -8.97975215177716e-08   
28.7470507119749        6827.96310243787        15.8648400018789        0.00417487910959402     42.7588807761699        6.89274020467025        0.00417487910959397     -7.91816576275893e-06   -8.10224123350108e-06   -9.03412182248671e-08   -8.94401065412646e-08   
29.4308988746252        6839.07617510337        16.2426106532869        0.00416379766676492     42.7147941310845        6.88918590022592        0.0041637976667649      -8.10224123350108e-06   -8.28588625334643e-06   -8.97975215177716e-08   -8.98683979323793e-08   
30.1158363702274        6850.49932247723        16.6210100627482        0.00415244628747171     42.669495718422         6.88553199093917        0.00415244628747164     -8.28588625334643e-06   -8.47072481184783e-06   -8.94401065412646e-08   -8.92736353178353e-08   
30.8020444551524        6862.24505879304        17.000139083843         0.00414082126436968     42.622995391149         6.88177911356819        0.00414082126436966     -8.47072481184783e-06   -8.65465808750621e-06   -8.98683979323793e-08   -8.83449837354484e-08   
31.4894436556456        6874.3117162766         17.379954522782         0.00412892319849244     42.5752576785043        6.87792424100504        0.0041289231984924      -8.65465808750621e-06   -8.83700300847529e-06   -8.92736353178353e-08   -8.99035787901493e-08   
32.1779544255201        6886.70232417836        17.7604131500596        0.00411675282266109     42.5262768478319        6.87396673834062        0.00411675282266105     -8.83700300847529e-06   -9.02290352278397e-06   -8.83449837354484e-08   -8.77896327041151e-08   
32.8679461981341        6899.43185458863        18.1417198882312        0.00410430282556963     42.4760364834198        6.86990510070472        0.00410430282556968     -9.02290352278397e-06   -9.204771879948e-06     -8.99035787901493e-08   -8.84287645404457e-08   
33.5590950643934        6912.49638550534        18.5236965746782        0.00409157826918924     42.4245299951742        6.8657386100335         0.00409157826918926     -9.204771879948e-06     -9.3883144962162e-06    -8.77896327041151e-08   -8.83719907527902e-08   
34.2515794279403        6925.90207673169        18.9064427069061        0.00407857518848859     42.3717185520891        6.86146393126853        0.00407857518848863     -9.3883144962162e-06    -9.57209892200895e-06   -8.84287645404457e-08   -8.79300302000291e-08   
34.9455183140284        6939.66398313616        19.2900250724455        0.00406529053508472     42.3176254609676        6.85708275037713        0.00406529053508467     -9.57209892200895e-06   -9.75533110526481e-06   -8.83719907527902e-08   -8.66747142841847e-08   
35.6408595036043        6953.78052385486        19.6744158783947        0.00405172448717154     42.262204240379         6.85259109472703        0.0040517244871715      -9.75533110526481e-06   -9.93631844627924e-06   -8.79300302000291e-08   -8.85670503334368e-08   
36.3374965609756        6968.25544939778        20.0595574098084        0.00403787841085649     42.2054523606846        6.84798854171262        0.0040378784108565      -9.93631844627924e-06   -1.0121646818728e-05    -8.66747142841847e-08   -8.61438070043877e-08   
37.0358443335466        6983.10585868266        20.4456802090913        0.00402374321303466     42.1473372071653        6.84327221982497        0.00402374321303473     -1.0121646818728e-05    -1.03022937406733e-05   -8.85670503334368e-08   -8.68341024031366e-08   
37.7355745744463        6998.32807773316        20.8326040036219        0.00400932467312572     42.0878541490261        6.8384415174663         0.00400932467312577     -1.03022937406733e-05   -1.04847894466379e-05   -8.61438070043877e-08   -8.65252483561292e-08   
38.4368594680476        7013.93099116935        21.2204252180792        0.00399461849382095     42.0269676775635        6.83349330524647        0.00399461849382101     -1.04847894466379e-05   -1.06670468880809e-05   -8.68341024031366e-08   -8.65969941429547e-08   
39.1398001898166        7029.92831296609        21.6092010375155        0.00397962169216366     41.964682812953         6.8284277361429         0.00397962169216372     -1.06670468880809e-05   -1.08498760427475e-05   -8.65252483561292e-08   -8.43698730232512e-08   
39.8444339346759        7046.32151074178        21.9989532629582        0.00396433257158731     41.9009428123649        6.82323992871788        0.00396433257158737     -1.08498760427475e-05   -1.10284233599562e-05   -8.65969941429547e-08   -8.71615382033816e-08   
40.5505289952459        7063.11060553239        22.3895549382587        0.0039487553899763      41.8357441103922        6.8179293134102         0.00394875538997623     -1.10284233599562e-05   -1.12133238884268e-05   -8.43698730232512e-08   -8.4057116120849e-08    
41.2586205505563        7080.31182743025        22.7813033495733        0.00393287743346939     41.7689979120402        6.8124883618282         0.00393287743346938     -1.12133238884268e-05   -1.13920791423459e-05   -8.71615382033816e-08   -8.48941174839661e-08   
41.9683227385946        7097.91402426157        23.1739862735513        0.0039167063834571      41.7006677520825        6.80691378526948        0.0039167063834571      -1.13920791423459e-05   -1.15730709198884e-05   -8.4057116120849e-08    -8.51053942364426e-08   
42.6798256958612        7115.91439330264        23.5677101662408        0.00390023704823634     41.6306294232557        6.80119510929723        0.0039002370482364      -1.15730709198884e-05   -1.17549739467862e-05   -8.48941174839661e-08   -8.33559353102244e-08   
43.393265402233         7134.32068243362        23.9625515941918        0.00388346525330145     41.5588297142112        6.79532761978661        0.00388346525330145     -1.17549739467862e-05   -1.19336011632573e-05   -8.51053942364426e-08   -8.44206700838095e-08   
44.1084486821126        7153.11271338333        24.358404985043         0.00386639454653576     41.4851339786714        6.78929991307166        0.00386639454653571     -1.19336011632573e-05   -1.21149830067739e-05   -8.33559353102244e-08   -8.30294577407584e-08   
44.8255905124045        7172.30115348073        24.7553907201016        0.00384901879826063     41.4094829498006        6.7831067079097         0.00384901879826068     -1.21149830067739e-05   -1.22938485518338e-05   -8.44206700838095e-08   -8.32482118556109e-08   
45.544596150947         7191.88526901072        25.1534577974237        0.00383133926736566     41.3318286563242        6.77674361788775        0.00383133926736569     -1.22938485518338e-05   -1.24736751666754e-05   -8.30294577407584e-08   -8.31005757247005e-08   
46.2656019323757        7211.87739767437        25.5526831978569        0.00381335157763565     41.2521360782047        6.77020729029479        0.00381335157763567     -1.24736751666754e-05   -1.26536828609367e-05   -8.32482118556109e-08   -8.2044385089753e-08    
46.9886889728561        7232.30149937195        25.9531134269817        0.00379505262049751     41.1704471361294        6.76350066625013        0.00379505262049758     -1.26536828609367e-05   -1.28319069585359e-05   -8.31005757247005e-08   -8.23211304578747e-08   
47.713782820688         7253.16449872035        26.354708910789         0.00377644324528706     41.0867461172225        6.75662194667182        0.00377644324528704     -1.28319069585359e-05   -1.30112431704903e-05   -8.2044385089753e-08    -8.19547521566875e-08   
48.4409928325511        7274.48093755652        26.7575319662202        0.00375751962748496     41.0010073539507        6.74956849270552        0.00375751962748496     -1.30112431704903e-05   -1.31902863622614e-05   -8.23211304578747e-08   -8.06847413640583e-08   
49.1702890653189        7296.24886432604        27.1615678552217        0.00373828150078302     40.9131482319287        6.74233294869305        0.00373828150078297     -1.31902863622614e-05   -1.33670451625199e-05   -8.19547521566875e-08   -8.0417106104857e-08    
49.9015008472973        7318.49004812778        27.5667239707048        0.00371873245382388     40.8232596824397        6.73492222857347        0.00371873245382389     -1.33670451625199e-05   -1.3543713520294e-05    -8.06847413640583e-08   -8.15898401060349e-08   
50.6347426589747        7341.25222287821        27.9730657925679        0.00369886861773827     40.7314911931583        6.72734809838487        0.00369886861773824     -1.3543713520294e-05    -1.37234809138126e-05   -8.0417106104857e-08    -7.8331875359447e-08    
51.3703396709522        7364.62514733378        28.3807757299083        0.00367868028881096     40.6381520459674        6.71963557592948        0.00367868028881092     -1.37234809138126e-05   -1.38966038651478e-05   -8.15898401060349e-08   -8.09262610023972e-08   
52.1080624689943        7388.6902812469         28.7897289073479        0.00365817304333714     40.5436614186367        6.71181888070396        0.00365817304333707     -1.38966038651478e-05   -1.40760382173301e-05   -7.8331875359447e-08    -7.77210370459702e-08   
52.8484237683698        7413.60494273092        29.2002119196269        0.00363733209621824     40.448614810316         6.70394699746318        0.00363733209621823     -1.40760382173301e-05   -1.42489374194845e-05   -8.09262610023972e-08   -7.72899765472892e-08   
53.5911733892457        7439.53264686817        29.6120884829341        0.00361616429369349     40.3538584790576        6.69608994356305        0.00361616429369355     -1.42489374194845e-05   -1.44214699241233e-05   -7.77210370459702e-08   -7.72934943772076e-08   
54.3364540499503        7466.60552088048        30.0254401024446        0.0035946659225339      40.2599286343688        6.68829231106024        0.0035946659225339      -1.44214699241233e-05   -1.4594630254309e-05    -7.72899765472892e-08   -7.48067650911651e-08   
55.084582762952         7494.83311674824        30.4404449240319        0.00357282825212309     40.1666272566988        6.68053784068143        0.0035728282521231      -1.4594630254309e-05    -1.47628704058091e-05   -7.72934943772076e-08   -7.71818877259007e-08   
55.8356070132522        7524.10321054535        30.8571315782339        0.00355065011304358     40.0731868726116        6.67276278551776        0.00355065011304353     -1.47628704058091e-05   -1.49371558708574e-05   -7.48067650911651e-08   -7.24166946957211e-08   
56.5900133894152        7554.29561319774        31.2757724055538        0.00352811685999531     39.9786565774673        6.66488781079766        0.00352811685999534     -1.49371558708574e-05   -1.51013469446726e-05   -7.71818877259007e-08   -7.2829537486598e-08    
57.34725048617          7585.2818218231         31.6960638608734        0.00350524444478668     39.8824004521302        6.65685949079179        0.00350524444478673     -1.51013469446726e-05   -1.52671579641711e-05   -7.24166946957211e-08   -7.4313664625002e-08    
58.1075586759384        7616.97040355571        32.1181418810144        0.00348202495368169     39.7837215249538        6.64861903162803        0.00348202495368166     -1.52671579641711e-05   -1.54370775832011e-05   -7.2829537486598e-08    -7.2971794272654e-08    
58.8714620426117        7649.29627297874        32.542300256646         0.00345844101196444     39.6819599147047        6.64011043371223        0.00345844101196443     -1.54370775832011e-05   -1.56046706877867e-05   -7.4313664625002e-08    -6.88249654606193e-08   
59.6388401802949        7682.2017666312         32.9684753353368        0.00343449443438475     39.5767188169733        6.63129942159598        0.00343449443438468     -1.56046706877867e-05   -1.57634622385567e-05   -7.2971794272654e-08    -7.73603302645916e-08   
60.409335672492         7715.67279758188        33.3964720970776        0.00341019444623016     39.4679167848642        6.62217795533096        0.0034101944462301      -1.57634622385567e-05   -1.59427546755951e-05   -6.88249654606193e-08   -6.45559753683692e-08   
61.1840440858998        7749.81365788833        33.8269031258807        0.00338550404887822     39.355538275249         6.61274344439491        0.00338550404887825     -1.59427546755951e-05   -1.60930640349828e-05   -7.73603302645916e-08   -7.63385009378982e-08   
61.9615133492109        7784.63408931807        34.2589660077549        0.00336046718272077     39.2400110799641        6.6030305399166         0.00336046718272081     -1.60930640349828e-05   -1.62716536559254e-05   -6.45559753683692e-08   -6.7964984722634e-08    
62.7433765731888        7820.30224727528        34.6935731659021        0.00333502881475426     39.1214000021258        6.59304347206844        0.00333502881475419     -1.62716536559254e-05   -1.64314363897477e-05   -7.63385009378982e-08   -7.29083540866425e-08   
63.5288904766331        7856.86663719618        35.1303168974931        0.00330921025614543     39.0000354854647        6.58280888083707        0.00330921025614538     -1.64314363897477e-05   -1.66037027949295e-05   -6.7964984722634e-08    -6.70179086337188e-08   
64.3185802885377        7894.40511966313        35.5694950270595        0.00328299149026899     38.875897242885         6.57232389501487        0.003282991490269       -1.66037027949295e-05   -1.67628430590942e-05   -7.29083540866425e-08   -7.31060146722348e-08   
65.1118697521746        7932.948043526          36.0107931498107        0.00325638900495105     38.749147178679         6.56160102233518        0.003256389004951       -1.67628430590942e-05   -1.69373157225061e-05   -6.70179086337188e-08   -6.59010708216265e-08   
65.9095835199278        7972.56279251172        36.4546761690395        0.00322937261552814     38.6195639365739        6.5506203214805         0.00322937261552819     -1.69373157225061e-05   -1.70953986147198e-05   -7.31060146722348e-08   -7.07926767554446e-08   
66.7110283935903        8013.28930875906        36.9007643029126        0.00320196374528125     38.4873927706445        6.53940132926253        0.00320196374528129     -1.70953986147198e-05   -1.72661083080665e-05   -6.59010708216265e-08   -6.64045611878803e-08   
67.5170035450438        8055.15591199915        37.349507510946         0.00317413381812452     38.3522141858132        6.52790711618741        0.00317413381812451     -1.72661083080665e-05   -1.74270941454615e-05   -7.07926767554446e-08   -6.49974401545505e-08   
68.3272562988858        8098.23037902626        37.8007692391803        0.00314589131324689     38.2142289030762        6.51615333895323        0.00314589131324685     -1.74270941454615e-05   -1.75855521458164e-05   -6.64045611878803e-08   -6.50450357604799e-08   
69.1419935550155        8142.52479363492        38.2546670892493        0.00311723042524079     38.0731890374944        6.50411741706696        0.00311723042524084     -1.75855521458164e-05   -1.77450650205404e-05   -6.49974401545505e-08   -6.56397935881841e-08   
69.9618611845823        8188.1337548293         38.711561697644         0.00308813117868162     37.9290467152557        6.49179368427347        0.00308813117868157     -1.77450650205404e-05   -1.79070011281793e-05   -6.50450357604799e-08   -5.6720209539515e-08    
70.7870888592692        8235.05542168835        39.1715804017293        0.00305858929603059     37.781478547492         6.47915276933061        0.00305858929603055     -1.79070011281793e-05   -1.80477132239819e-05   -6.56397935881841e-08   -5.01844682559098e-08   
71.6162443848036        8283.32960594709        39.6339232480135        0.00302866144229739     37.6311014870586        6.46624581852722        0.00302866144229742     -1.80477132239819e-05   -1.81729114285981e-05   -5.6720209539515e-08    -7.00081159074059e-08   
72.449231510463         8332.85995388019        40.0985350158587        0.00299835686925143     37.4773318248402        6.45302098287136        0.00299835686925143     -1.81729114285981e-05   -1.83485882560526e-05   -5.01844682559098e-08   -4.14195738379657e-08   
73.2892385569042        8384.03417862743        40.5671962001547        0.00296756231070257     37.3202157602054        6.43948028960631        0.00296756231070263     -1.83485882560526e-05   -1.84531765429112e-05   -7.00081159074059e-08   -6.59380420673135e-08   
74.1328507321626        8436.58593157413        41.0380082661556        0.00293640234733789     37.1598160994881        6.42562717211221        0.0029364023473379      -1.84531765429112e-05   -1.86206966917137e-05   -4.14195738379657e-08   -4.81833878586515e-08   
74.9828116892986        8490.84468241758        41.5125161741481        0.00290477026309508     36.9959297130684        6.41144200395481        0.00290477026309509     -1.86206966917137e-05   -1.87438327720186e-05   -6.59380420673135e-08   -6.32679582045969e-08   
75.8367964752983        8546.66214391207        41.9894439093338        0.00287274108890743     36.8285212707389        6.39691950783421        0.00287274108890743     -1.87438327720186e-05   -1.89065073993584e-05   -4.81833878586515e-08   -6.13575238217193e-08   
76.6964352957438        8604.25743138691        42.4697321759656        0.00284023649258346     36.6571889223113        6.3820223999669         0.00284023649258342     -1.89065073993584e-05   -1.90652782149317e-05   -6.32679582045969e-08   -7.01461765273079e-08   
77.5616288075857        8663.73617687815        42.9533629927665        0.00280723788562006     36.4817526401242        6.36673234173144        0.00280723788562003     -1.90652782149317e-05   -1.92480416846234e-05   -6.13575238217193e-08   -6.85186716431587e-08   
78.4332473823188        8725.29348817742        43.4408641294731        0.00277368759203167     36.3018574274887        6.35101544177418        0.00277368759203169     -1.92480416846234e-05   -1.94278441118958e-05   -7.01461765273079e-08   -7.51151351986353e-08   
79.3109161526373        8789.03081280408        43.9320656052414        0.00273957751170961     36.1173467467213        6.33485479503159        0.00273957751170963     -1.94278441118958e-05   -1.96264113410155e-05   -6.85186716431587e-08   -6.97989152055476e-08   
80.1954232882178        8855.1435665847         44.4274404600912        0.00270486111335143     35.9279002295986        6.3182188268529         0.00270486111335148     -1.96264113410155e-05   -1.98123265553257e-05   -7.51151351986353e-08   -7.06284850880284e-08   
81.086462732519         8923.72458525541        44.9268350314065        0.00266954573645819     35.7334363798435        6.30109658708912        0.00266954573645816     -1.98123265553257e-05   -2.00019257519556e-05   -6.97989152055476e-08   -5.93847070474416e-08   
81.9848670990103        8994.94147128552        45.430714251675         0.00263360858375839     35.5337326037728        6.28346441983267        0.0026336085837584      -2.00019257519556e-05   -2.01626267942446e-05   -7.06284850880284e-08   -5.26333650712633e-08   
82.8903881948081        9068.8360952883         45.9389147431851        0.00259708641386837     35.3288265190085        6.26532135550821        0.00259708641386842     -2.01626267942446e-05   -2.03062409324284e-05   -5.93847070474416e-08   -3.77963195139666e-08   
83.8037007407478        9145.49299948681        46.4517689077985        0.00255999476418084     35.1186212918081        6.24665433045813        0.0025599947641808      -2.03062409324284e-05   -2.04102524402601e-05   -5.26333650712633e-08   -2.78902610043814e-08   
84.7247811459249        9224.92286106609        46.9692000131815        0.00252238931665198     34.9032703075376        6.22747231650367        0.00252238931665194     -2.04102524402601e-05   -2.04876792258386e-05   -3.77963195139666e-08   -1.38611626351974e-08   
85.6542644200238        9307.21116619463        47.4914931060456        0.00248430423327249     34.6829161502075        6.20778330003799        0.00248430423327255     -2.04876792258386e-05   -2.05265064154961e-05   -2.78902610043814e-08   -6.96838758661423e-09   
86.592069836316         9392.3682055741         48.0185357058456        0.00244579922241546     34.4577702807492        6.18760142729432        0.00244579922241545     -2.05265064154961e-05   -2.0546206798347e-05    -1.38611626351974e-08   -3.43580274739375e-09   
87.5387111762489        9480.46566002059        48.5505689809925        0.00240689573085139     34.2277384853801        6.16691337212638        0.00240689573085136     -2.0546206798347e-05    -2.05560124710676e-05   -6.96838758661423e-09   -4.13647741918576e-09   
88.4945499757372        9571.62738277141        49.0877832778297        0.00236759787483894     33.9926469752997        6.14569831266822        0.002367597874839       -2.05560124710676e-05   -2.05679333791812e-05   -3.43580274739375e-09   -1.34847814590983e-08   
89.4597212266373        9666.04521588063        49.6302889116888        0.00232788822064788     33.7522091974475        6.12392477614075        0.00232788822064792     -2.05679333791812e-05   -2.06071872458295e-05   -4.13647741918576e-09   -2.62521626308688e-08   
90.4348568072165        9764.07051196881        50.1785305133595        0.00228769451310991     33.5058158037739        6.10153130176478        0.00228769451310993     -2.06071872458295e-05   -2.06844047781823e-05   -1.34847814590983e-08   -4.399050267166e-08     
91.4203550775038        9866.13171542798        50.7328776069934        0.00224692090689482     33.2526264323597        6.07843423116693        0.00224692090689476     -2.06844047781823e-05   -2.08151902647887e-05   -2.62521626308688e-08   -6.10943829466381e-08   
92.4166720287229        9972.77601971573        51.2937821994814        0.00220544201467609     32.9915688552529        6.0545271267093         0.00220544201467612     -2.08151902647887e-05   -2.09988407071995e-05   -4.399050267166e-08     -8.17421852310868e-08   
93.4239843021923        10084.6187100141        51.8615761692172        0.00216312716061185     32.721468954069         6.02969217512332        0.00216312716061189     -2.09988407071995e-05   -2.1247385643541e-05    -6.10943829466381e-08   -9.6078006683541e-08    
94.4432513907134        10202.5330222393        52.4370529675114        0.00211980839275066     32.441122691788         6.00380644922573        0.00211980839275067     -2.1247385643541e-05    -2.15430367980871e-05   -8.17421852310868e-08   -1.08977154526294e-07   
95.4749671013031        10327.3194197735        53.0207450444786        0.00207534551644708     32.1491340821157        5.97672653642775        0.00207534551644706     -2.15430367980871e-05   -2.1882619458675e-05    -9.6078006683541e-08    -1.14297509916405e-07   
96.5200874056669        10459.8474462888        53.6134298020767        0.00202959773497332     31.8439240277312        5.94828864536601        0.00202959773497335     -2.1882619458675e-05    -2.22435121805571e-05   -1.08977154526294e-07   -1.1642219623868e-07    
97.5793290055573        10601.0584989236        54.2157182484601        0.0019824622330199      31.5242971562262        5.91836099272859        0.00198246223301991     -2.22435121805571e-05   -2.26162569799514e-05   -1.14297509916405e-07   -1.10730951648122e-07   
98.6538603400857        10751.9541896208        54.8284364115217        0.00193384896331361     31.1889831947903        5.88680097947852        0.00193384896331365     -2.26162569799514e-05   -2.29759992037344e-05   -1.1642219623868e-07    -1.01250166874736e-07   
99.7445229381454        10913.4854549881        55.4521761029713        0.00188371742179445     30.8368840260919        5.85347798094735        0.00188371742179441     -2.29759992037344e-05   -2.33100471840992e-05   -1.10730951648122e-07   -8.81270257499108e-08   
100.852484587914        11086.7240162892        56.0876640869292        0.00183204751087111     30.4671077066364        5.81827654002993        0.00183204751087116     -2.33100471840992e-05   -2.3605563417722e-05    -1.01250166874736e-07   -6.94178874579495e-08   
101.979172506982        11272.7703861905        56.7357249936984        0.00177884088975111     30.0786973555967        5.78107038873874        0.00177884088975111     -2.3605563417722e-05    -2.38423857666481e-05   -8.81270257499108e-08   -4.94824727195569e-08   
103.125808006505        11472.6602030757        57.3970147856597        0.00172414117128442     29.6707287004185        5.7417311269162         0.00172414117128445     -2.38423857666481e-05   -2.40143329517133e-05   -6.94178874579495e-08   -3.08490170940803e-08   
104.294292459958        11687.6314760922        58.0725337371712        0.00166798967608664     29.2422729600405        5.70012406882912        0.00166798967608665     -2.40143329517133e-05   -2.41236586834087e-05   -4.94824727195569e-08   -5.11720238845305e-09   
105.487186485588        11919.2971811601        58.7636230761984        0.00161042250204375     28.7926565836303        5.65613301191531        0.00161042250204378     -2.41236586834087e-05   -2.41421755598349e-05   -3.08490170940803e-08   1.55102041109412e-08    
106.705587545724        12168.7867621647        59.4707420792073        0.00155156712765036     28.3210342853424        5.60961815746872        0.00155156712765032     -2.41421755598349e-05   -2.40848019421854e-05   -5.11720238845305e-09   3.34573436336984e-08    
107.951622192813        12437.4756681024        60.1949241215782        0.001491513096059       27.8259867613348        5.5603743640289         0.00149151309605901     -2.40848019421854e-05   -2.39581244921396e-05   1.55102041109412e-08    5.09544775892905e-08    
109.228033751455        12727.4196904753        60.9375571068304        0.00143032357474991     27.3064926435346        5.50822542945594        0.00143032357474992     -2.39581244921396e-05   -2.376037214515e-05     3.34573436336984e-08    6.56257307645977e-08    
110.537215335418        13040.2724515585        61.6998252202188        0.00136807762427158     26.7601574330734        5.45284405232448        0.00136807762427156     -2.376037214515e-05     -2.34989294442878e-05   5.09544775892905e-08    7.82981446750884e-08    
111.881916665716        13378.4365085209        62.4831075594448        0.00130484088090593     26.1850963183836        5.39393654624067        0.00130484088090595     -2.34989294442878e-05   -2.31782534262052e-05   6.56257307645977e-08    9.24374282996554e-08    
113.265428104753        13744.4457186549        63.2890486771469        0.00124066876311797     25.5784567042585        5.33108876770742        0.00124066876311795     -2.31782534262052e-05   -2.2788349568133e-05    7.82981446750884e-08    9.58703024413674e-08    
114.690973388433        14140.8626856259        64.1191866740269        0.00117563255107867     24.9366877103334        5.26378483500792        0.00117563255107865     -2.2788349568133e-05    -2.23709575625824e-05   9.24374282996554e-08    8.74828289085426e-08    
116.164218880588        14571.5395069904        64.9764996080065        0.00110965641453111     24.2541034252881        5.19124299237434        0.00110965641453108     -2.23709575625824e-05   -2.19768797204847e-05   9.58703024413674e-08    5.84123659157747e-08    
117.690556552382        15041.7098894129        65.8641019868008        0.00104251187423493     23.5217417527649        5.11226648505173        0.0010425118742349      -2.19768797204847e-05   -2.17038192342729e-05   8.74828289085426e-08    -1.13914730914816e-08   
119.275106461365        15559.8367577139        66.7856703324649        0.000973604161805266    22.7236827364812        5.02479217220652        0.000973604161805285    -2.17038192342729e-05   -2.17593031406639e-05   5.84123659157747e-08    -1.01439961162411e-07   
120.929492630365        16145.1048326542        67.7494813728586        0.000901467531474776    21.8314316983415        4.92515444747578        0.000901467531474804    -2.17593031406639e-05   -2.22769497008549e-05   -1.13914730914816e-08   -2.13150719474678e-07   
122.666587714686        16830.5437092713        68.7638231171943        0.000823865408141306    20.7991541434184        4.80730395028906        0.000823865408141318    -2.22769497008549e-05   -2.3424986165245e-05    -1.01439961162411e-07   -3.55733433395626e-07   
124.505044509996        17677.8983239903        69.8336598135234        0.000737420398229368    19.5540642329028        4.66119491510049        0.000737420398229383    -2.3424986165245e-05    -2.54679491754083e-05   -2.13150719474678e-07   -1.28932331513055e-07   
126.471617347644        18814.5833794952        70.9459828423528        0.000636689962190087    17.9685845707695        4.46823163763045        0.000636689962190085    -2.54679491754083e-05   -2.63225954969066e-05   -3.55733433395626e-07   -7.66004169646249e-06   
128.610383736778        20582.6520286892        72.0441377647367        0.000512286017113563    15.8163072441174        4.19209669684348        0.000512286017113561    -2.63225954969066e-05   -8.70994895538797e-05   -1.28932331513055e-07   -7.66004169646249e-06   
131.818533320479        20582.6520286892        72.0441377647367        1e-09                   3.08739780430338e-05    0.00585699752841124     1.00000001593937e-09    -8.70994895538797e-05   -8.70994895538797e-05   -7.66004169646249e-06   -7.66004169646249e-06   
