# xp[i]                    V[i]                   up[i]                    p[i]                    e[i]                   cs[i]                  dd1[i]             dd2_left[i]            dd2_right[i]             dd3_left[i]            dd3_right[i]
-83.0084478962308       14975.4817802685        -70.4694150883749       1e-09                   2.24632226704028e-05    0.0049959119588367      0.000873902621031025    0.000115550590445958    0.000115550590445958    1.77474839141579e-06    1.77474839141579e-06    
-80.7642562666881       14975.4817802685        -70.4694150883749       0.000873902621031025    19.6306691684685        4.67031633100283        0.000873902621031025    0.000115550590445958    0.000115550590445958    1.77474839141579e-06    1.77474839141579e-06    
-79.2681285136596       12542.7063161761        -69.6833387247744       0.00125071396456711     23.5310069146582        5.11327324113518        0.00125071396456711     0.000115550590445958    0.000123508776114631    1.77474839141579e-06    -4.44295975825369e-06   
-77.9825606239477       11228.5395111903        -68.8556738186948       0.00157356106655992     26.5031889137083        5.42660001123153        0.00157356106655992     0.000123508776114631    0.000106922045699945    1.77474839141579e-06    -3.95635716808879e-06   
-76.8219025114932       10465.0365327643        -67.9509285249327       0.00182401672421723     28.6326024829594        5.6403903019954         0.00182401672421723     0.000106922045699945    9.35068762085911e-05    -4.44295975825369e-06   -2.08211911679092e-06   
-75.7439593574672       9951.6020060111         -67.0179948001677       0.00202670926757601     30.253506019216         5.79784500379389        0.00202670926757601     9.35068762085911e-05    8.69205910369705e-05    -3.95635716808879e-06   -8.00116915976265e-07   
-74.7251532331299       9553.24086408948        -66.0926064509103       0.00220437146780087     31.5883373787423        5.92436938779538        0.00220437146780087     8.69205910369705e-05    8.45221397706261e-05    -2.08211911679092e-06   -1.12244303903025e-07   
-73.7527888896498       9216.44307241358        -65.1904858350322       0.00236912636334275     32.752377388654         6.03253930213785        0.00236912636334275     8.45221397706261e-05    8.42002677869365e-05    -8.00116915976265e-07   1.38061659256628e-07    
-72.817820989374        8918.77987459223        -64.3150938034237       0.00252675067134479     33.8032995535535        6.12855788307254        0.00252675067134479     8.42002677869365e-05    8.45811828072916e-05    -1.12244303903025e-07   2.05908244726858e-07    
-71.9160877200941       8651.09288897721        -63.4677039076989       0.00267944972426607     34.7702526839551        6.21559442799186        0.00267944972426606     8.45811828072916e-05    8.51298867958119e-05    1.38061659256628e-07    1.74659442198788e-07    
-71.0438123567465       8408.21281373612        -62.6472472819224       0.00282812464040933     35.6692107604989        6.29543139114027        0.00282812464040933     8.51298867958119e-05    8.5580745594199e-05     2.05908244726858e-07    4.90566655631287e-08    
-70.1972004558934       8186.67236400634        -61.8515486299765       0.00297312881445202     36.5100472498579        6.36920082636031        0.00297312881445202     8.5580745594199e-05     8.57037295506909e-05    1.74659442198788e-07    -9.23026073659924e-08   
-69.3739893909555       7984.31646479502        -61.0793929995992       0.00311432861096825     37.298677808004         6.43762187008732        0.00311432861096825     8.57037295506909e-05    8.54785163566862e-05    4.90566655631287e-08    -2.4624217310956e-07    
-68.5719556981097       7799.28766421006        -60.3293328271048       0.00325152441013997     38.0393613328238        6.5012273484682         0.00325152441013997     8.54785163566862e-05    8.48927106197438e-05    -9.23026073659924e-08   -4.01115724720343e-07   
-67.7891690933462       7629.87884065324        -59.6000025953144       0.0033844969377899      38.7349523578482        6.56039906965763        0.0033844969377899      8.48927106197438e-05    8.39607501480674e-05    -2.4624217310956e-07    -5.39735902004356e-07   
-67.0240564328923       7474.84542560198        -58.8902125608517       0.00351304170991611     39.3891656329731        6.61556797200304        0.00351304170991611     8.39607501480674e-05    8.27339946914594e-05    -4.01115724720343e-07   -6.29962476503999e-07   
-66.275047785867        7332.6636272185         -58.1986354249896       0.00363705428663142     40.003943516702         6.66699528495925        0.00363705428663142     8.27339946914594e-05    8.13312159552666e-05    -5.39735902004356e-07   -7.33084795539542e-07   
-65.5403150799793       7202.04799294084        -57.523584912286        0.00375658717238724     40.5826816577982        6.71504791558964        0.00375658717238724     8.13312159552666e-05    7.97298630705419e-05    -6.29962476503999e-07   -7.55420549482725e-07   
-64.8193793598442       7082.00011659004        -56.8644964918649       0.00387160010508832     41.1280085934382        6.76001385546232        0.00387160010508832     7.97298630705419e-05    7.81091584532119e-05    -7.33084795539542e-07   -7.31454276980383e-07   
-64.1109181547843       6971.15483483944        -56.2199152297452       0.00398232759902409     41.642133443777         6.80213475019073        0.00398232759902409     7.81091584532119e-05    7.65659808275719e-05    -7.55420549482725e-07   -6.77150225458165e-07   
-63.413577541934        6868.33722818155        -55.5882620643007       0.00408914024719271     42.1283912865738        6.84173396528604        0.00408914024719271     7.65659808275719e-05    7.51594289485271e-05    -7.31454276980383e-07   -5.68754823609598e-07   
-62.7266388684203       6772.53000879001        -54.9684534113843       0.00419242905504444     42.5900273775175        6.87911714115162        0.00419242905504445     7.51594289485271e-05    7.39951609201367e-05    -6.77150225458165e-07   -4.33831859803038e-07   
-62.0493312129031       6682.7213279085         -54.3593030692726       0.00429268566544944     43.0302330757591        6.91457663810134        0.00429268566544945     7.39951609201367e-05    7.31193289756757e-05    -5.68754823609598e-07   -2.93669716509236e-07   
-61.3810698755221       6597.98615849437        -53.7597766499348       0.00439042463256413     43.4519414333563        6.94837642373752        0.00439042463256413     7.31193289756757e-05    7.25342740056974e-05    -4.33831859803038e-07   -1.50294675827942e-07   
-60.7214903568899       6517.57403574018        -53.1690648382026       0.00448612899988594     43.8580168359565        6.98076856927154        0.00448612899988594     7.25342740056974e-05    7.22386495960935e-05    -2.93669716509236e-07   -4.70746333266864e-08   
-60.070037767444        6440.82383073437        -52.5862571933728       0.0045802592005885      44.2509639151361        7.0119710269998         0.00458025920058849     7.22386495960935e-05    7.21471860840812e-05    -1.50294675827942e-07   2.68694570367096e-08    
-59.4264327545745       6367.23972407804        -52.0107916497776       0.00467314371205622     44.6325394195948        7.04213820272057        0.00467314371205622     7.21471860840812e-05    7.21987763844773e-05    -4.70746333266864e-08   4.15148858989853e-08    
-58.7902337151557       6296.49801042834        -51.4420789643442       0.00476501710915        45.00438112113          7.07141201687235        0.00476501710915        7.21987763844773e-05    7.22775772124223e-05    2.68694570367096e-08    2.62440142185499e-08    
-58.1612242264686       6228.40284538784        -50.8798470354613       0.00485595908783735     45.3673040996597        7.09986729920275        0.00485595908783735     7.22775772124223e-05    7.23268409435141e-05    4.15148858989853e-08    -4.06516788588391e-08   
-57.5389777408594       6162.77946784227        -50.3237333882734       0.00494597254247509     45.7214070499156        7.12752154600708        0.00494597254247509     7.23268409435141e-05    7.22513546701309e-05    2.62440142185499e-08    -1.18016691840672e-07   
-56.9234055097235       6099.60446582009        -49.7737457148352       0.00503493391713466     46.0666581090954        7.15438157193008        0.00503493391713467     7.22513546701309e-05    7.20345157645443e-05    -4.06516788588391e-08   -2.06959613039551e-07   
-56.3142440233769       6038.85875458527        -49.229769486481        0.0051227042705623      46.4029312971547        7.18044654268759        0.0051227042705623      7.20345157645443e-05    7.16581431957952e-05    -1.18016691840672e-07   -2.7754591490958e-07    
-55.7112420676688       5980.52267837722        -48.691703223732        0.00520913924921353     46.7300631221196        7.20571248093557        0.00520913924921354     7.16581431957952e-05    7.11583720710802e-05    -2.06959613039551e-07   -3.416014009088e-07     
-55.1139816113298       5924.53230406555        -48.1592739891226       0.00529414485307064     47.0479983066291        7.23018351593044        0.00529414485307064     7.11583720710802e-05    7.05491025374455e-05    -2.7754591490958e-07    -3.7964260447803e-07    
-54.5223097473746       5870.82359752927        -47.6324075629566       0.0053776352993847      47.3567223218011        7.2538665798012         0.00537763529938469     7.05491025374455e-05    6.98781982766231e-05    -3.416014009088e-07     -3.80932970185167e-07   
-53.9360391363072       5819.30488506667        -47.1109559008949       0.00545958379959694     47.656474013138         7.2767876011586         0.00545958379959693     6.98781982766231e-05    6.92110060492959e-05    -3.7964260447803e-07    -3.84631616666866e-07   
-53.3547853319133       5769.84717606465        -46.5945565484024       0.00554004142818039     47.9477885845017        7.29899449578134        0.0055400414281804      6.92110060492959e-05    6.85431562623004e-05    -3.80932970185167e-07   -3.58954487108807e-07   
-52.778568347215        5722.32773250202        -46.0831768700753       0.00561904248517538     48.2310039645392        7.32051940814609        0.00561904248517537     6.85431562623004e-05    6.79250996224425e-05    -3.84631616666866e-07   -3.22292982788494e-07   
-52.2071082024401       5676.58120355613        -45.5765005966652       0.00569668692835141     48.5065589100353        7.34140153967251        0.0056966869283514      6.79250996224425e-05    6.7374674522955e-05     -3.58954487108807e-07   -3.17123481253234e-07   
-51.6400672124647       5632.46372104426        -45.0741563145615       0.00577308995859115     48.7750796251343        7.36169361742364        0.00577308995859116     6.7374674522955e-05     6.68373294683185e-05    -3.22292982788494e-07   -2.72129026356764e-07   
-51.0776049043458       5589.89045839744        -44.5762189210503       0.00584829426619546     49.0369864747597        7.38143214610219        0.00584829426619546     6.68373294683185e-05    6.63797638028162e-05    -3.17123481253234e-07   -2.89064019064975e-07   
-50.519202095108        5548.72874891538        -44.0821747808145       0.00592241905203159     49.2928452856977        7.4006640306948         0.00592241905203159     6.63797638028162e-05    6.58973548439458e-05    -2.72129026356764e-07   -2.61631920969385e-07   
-49.9651151078066       5508.92303840918        -43.592211910138        0.00599546184864372     49.5428068558451        7.41940450259731        0.00599546184864372     6.58973548439458e-05    6.54638976885212e-05    -2.89064019064975e-07   -2.88528757959256e-07   
-49.4148260770752       5470.36853061558        -43.1058482386047       0.0060675048192918      49.7872311342183        7.43768416274091        0.00606750481929181     6.54638976885212e-05    6.49892624647254e-05    -2.61631920969385e-07   -2.86149665477282e-07   
-48.8684926154583       5433.0246853398         -42.6232108211438       0.00613852708473252     50.0261537744681        7.45550905739941        0.00613852708473251     6.49892624647254e-05    6.45217620912793e-05    -2.88528757959256e-07   -3.05646240556357e-07   
-48.3257870386668       5396.82379972292        -42.1440057347413       0.00620856226282307     50.2597748730977        7.47289731653272        0.00620856226282307     6.45217620912793e-05    6.40257225572203e-05    -2.86149665477282e-07   -3.28286830066619e-07   
-47.7866306796657       5361.72083321047        -41.6681631155599       0.0062776076615806      50.4881696727276        7.48985756226583        0.0062776076615806      6.40257225572203e-05    6.3496229321165e-05     -3.05646240556357e-07   -2.88257532063189e-07   
-47.2508471142127       5327.66740214626        -41.1955276334766       0.00634567353853466     50.7114570838699        7.50640149649098        0.00634567353853465     6.3496229321165e-05     6.30340931365525e-05    -3.28286830066619e-07   -3.99627809505e-07      
-46.717636147484        5294.57405481158        -40.7253929469563       0.0064128512387516      50.9299736790907        7.52255672251357        0.00641285123875157     6.30340931365525e-05    6.23970743198233e-05    -2.88257532063189e-07   -2.67337156282172e-07   
-46.1883697119477       5262.53206819345        -40.258965531119        0.00647896299703617     51.1436258108124        7.53831883783796        0.00647896299703618     6.23970743198233e-05    6.19733916687778e-05    -3.99627809505e-07      -4.27263511585261e-07   
-45.6610475837474       5231.33165751557        -39.7944771200304       0.00654425732320805     51.3527707647396        7.55371658079941        0.00654425732320806     6.19733916687778e-05    6.13000732024839e-05    -2.67337156282172e-07   -2.84310463471657e-07   
-45.1377853611908       5201.14068563288        -39.3337837968749       0.00660847475501015     51.5574103773915        7.56875231002013        0.00660847475501016     6.13000732024839e-05    6.08544890593503e-05    -4.27263511585261e-07   -3.78959338699917e-07   
-44.6164490596003       5171.71994257044        -38.8749974860576       0.00667188225980937     51.7576598063071        7.58343661514335        0.00667188225980939     6.08544890593503e-05    6.02639908052855e-05    -2.84310463471657e-07   -3.84228424717522e-07   
-44.0984783007426       5143.16385830034        -38.4193756967187       0.00673431037863803     51.953492624982         7.59776960144533        0.00673431037863802     6.02639908052855e-05    5.96686254100009e-05    -3.78959338699917e-07   -2.86929456321611e-07   
-43.5839345232898       5115.39788861729        -37.9669617027521       0.00679576043782349     52.1445278927868        7.61172544994357        0.00679576043782349     5.96686254100009e-05    5.92266145987549e-05    -3.84228424717522e-07   -4.34828711053354e-07   
-43.0712819332666       5088.38655618675        -37.5163955612609       0.00685642203834955     52.3321885852206        7.62540990411667        0.00685642203834953     5.92266145987549e-05    5.85605532384186e-05    -2.86929456321611e-07   -3.1366268792184e-07    
-42.562673421535        5062.14995702686        -37.0695596015184       0.00691604725302807     52.5151024570677        7.63872462137406        0.00691604725302807     5.85605532384186e-05    5.80827354383676e-05    -4.34828711053354e-07   -3.75969217229266e-07   
-42.0561819905556       5036.61508653866        -36.6247516841693       0.00697486872153481     52.6945935442632        7.65176766391366        0.00697486872153478     5.80827354383676e-05    5.75130204607003e-05    -3.1366268792184e-07    -3.64888066502832e-07   
-41.5523360957436       5011.75775932896        -36.1824279118525       0.00703282881919887     52.8702516069784        7.66451068286514        0.00703282881919885     5.75130204607003e-05    5.69627868732818e-05    -3.75969217229266e-07   -3.6350014759782e-07    
-41.0509723254295       4987.57377078854        -35.7424374432718       0.00708995013674958     53.0424740073763        7.67698392797706        0.00708995013674959     5.69627868732818e-05    5.64173583215511e-05    -3.64888066502832e-07   -3.80644898615354e-07   
-40.5519796470556       4964.00400751819        -35.304676154809        0.00714624821521452     53.2110071685668        7.68917039077738        0.00714624821521452     5.64173583215511e-05    5.58490078007042e-05    -3.6350014759782e-07    -3.73942152926298e-07   
-40.0555572548607       4941.06140123422        -34.8693128123804       0.00720170332307464     53.3760874691765        7.7010884850546         0.00720170332307465     5.58490078007042e-05    5.52933869533424e-05    -3.80644898615354e-07   -3.74521192381209e-07   
-39.5615006062008       4918.69028602213        -34.4361624804131       0.00725634090400506     53.5375402748922        7.71272687581969        0.00725634090400508     5.52933869533424e-05    5.47396237259542e-05    -3.73942152926298e-07   -4.04304385951739e-07   
-39.0697572525624       4896.86193012662        -34.0051741582924       0.00731016913011929     53.695333374102         7.72408451059283        0.0073101691301193      5.47396237259542e-05    5.41446431918896e-05    -3.74521192381209e-07   -3.58843593675455e-07   
-38.5805999828715       4875.5351330524         -33.5765820185343       0.0073631613226156      53.8490275781174        7.73513108257222        0.00736316132261561     5.41446431918896e-05    5.36189934794308e-05    -4.04304385951739e-07   -4.11689538927642e-07   
-38.0932272097222       4854.62020998691        -33.1496791255584       0.00741540730563548     53.9984792568339        7.74585762103661        0.00741540730563546     5.36189934794308e-05    5.30186431750974e-05    -3.58843593675455e-07   -3.84187962453358e-07   
-37.6083436114387       4834.09827415384        -32.7250781961836       0.00746683511263566     54.143122097075         7.75622489051894        0.00746683511263566     5.30186431750974e-05    5.24608603354474e-05    -4.11689538927642e-07   -3.88024114656437e-07   
-37.1254940257696       4813.91819390486        -32.3023760355856       0.00751749764791341     54.2829280498911        7.76623232332635        0.00751749764791343     5.24608603354474e-05    5.18999929992242e-05    -3.84187962453358e-07   -4.08522898491627e-07   
-36.6446355283659       4794.07806568229        -31.8815306675209       0.00756740353645733     54.418084962445         7.77589472968617        0.00756740353645731     5.18999929992242e-05    5.13120351552437e-05    -3.88024114656437e-07   -3.92918758539261e-07   
-36.1660462215331       4774.62762334933        -31.4627810997679       0.00761652837405031     54.5491301531469        7.78525173739473        0.00761652837405034     5.13120351552437e-05    5.07489037349476e-05    -4.08522898491627e-07   -3.93369292383264e-07   
-35.6893341925849       4755.60079765716        -31.0457801918471       0.0076649162737628      54.6769229182226        7.79436569425652        0.00766491627376282     5.07489037349476e-05    5.01874189103489e-05    -3.92918758539261e-07   -4.16012779200204e-07   
-35.2143940607339       4737.05962243439        -30.6304318793791       0.00771258040129953     54.8024298056622        7.80330626548504        0.00771258040129951     5.01874189103489e-05    4.95959792547304e-05    -3.93369292383264e-07   -4.03192859185419e-07   
-34.7415410911429       4719.08735118481        -30.2170081158237       0.00775949126355557     54.9265756102112        7.81213981286755        0.00775949126355556     4.95959792547304e-05    4.9025033927913e-05     -4.16012779200204e-07   -4.16016106937592e-07   
-34.2704667864126       4701.76105671985        -29.8052356534272       0.0078056808642931      55.0506694633749        7.82095969270147        0.00780568086429308     4.9025033927913e-05     4.84381535548824e-05    -4.03192859185419e-07   -4.15430421075112e-07   
-33.8011412355561       4685.14907406692        -29.3950851158295       0.00785115227149241     55.1757281927116        7.82983809912877        0.00785115227149239     4.84381535548824e-05    4.7854142171741e-05     -4.16016106937592e-07   -4.1772735049333e-07    
-33.3333629032248       4669.24286418347        -28.9863773285935       0.00789592452940623     55.3019838975919        7.83879128278729        0.00789592452940623     4.7854142171741e-05     4.72688634564417e-05    -4.15430421075112e-07   -4.3444434946378e-07    
-32.8670483578384       4653.9592468321         -28.5790365098245       0.00794000512086204     55.4286903781952        7.84776616328177        0.00794000512086206     4.72688634564417e-05    4.66621215606624e-05    -4.1772735049333e-07    -4.2051860353312e-07    
-32.4023552376876       4639.19560794112        -28.1731975711616       0.00798337973102928     55.5546902770757        7.85668082851755        0.00798337973102929     4.66621215606624e-05    4.60766686479837e-05    -4.3444434946378e-07    -4.37649356818155e-07   
-31.9389630924703       4624.85394185109        -27.7685780460412       0.00802607956071133     55.6791685409494        7.86547791448664        0.00802607956071135     4.60766686479837e-05    4.54691922465313e-05    -4.2051860353312e-07    -4.3080877571693e-07    
-31.4770152909044       4610.88338606697        -27.365300708986        0.00806809313964725     55.8015549222606        7.87411758176119        0.00806809313964727     4.54691922465313e-05    4.48728958492461e-05    -4.37649356818155e-07   -4.31701883195041e-07   
-31.01630104669         4597.2282332517         -26.9631792535681       0.00810944182845902     55.9214323945561        7.8825709564101         0.00810944182845903     4.48728958492461e-05    4.42769902688813e-05    -4.3080877571693e-07    -4.38863969803074e-07   
-30.556752424922        4583.85892452875        -26.5621522821665       0.00815013382644543     56.0385955146832        7.89082417288751        0.00815013382644541     4.42769902688813e-05    4.36728347093445e-05    -4.31701883195041e-07   -4.39522547746583e-07   
-30.0984986901141       4570.76297031089        -26.1623305680845       0.0081901601410562      56.1529210404839        7.89886919055041        0.00819016014105616     4.36728347093445e-05    4.30694412346156e-05    -4.38863969803074e-07   -4.37681947400647e-07   
-29.6415473810334       4557.94147472618        -25.7637187018467       0.00822952291078306     56.2645256884011        7.90671484586228        0.00822952291078307     4.30694412346156e-05    4.24702479555828e-05    -4.39522547746583e-07   -4.42798478403271e-07   
-29.1858290925612       4545.38558202991        -25.3662541881764       0.00826823083711807     56.3734458538973        7.91436428652902        0.00826823083711808     4.24702479555828e-05    4.18657239038162e-05    -4.37681947400647e-07   -4.43093281938541e-07   
-28.7313914384341       4533.09117369072        -24.9699766160502       0.0083062826087213      56.4797045696628        7.92181969623302        0.00830628260872135     4.18657239038162e-05    4.12624370402994e-05    -4.42798478403271e-07   -4.41462326147911e-07   
-28.278184311557        4521.04344789719        -24.5748403268675       0.00834368522100558     56.5832450996159        7.92907764704739        0.00834368522100554     4.12624370402994e-05    4.06629687273461e-05    -4.43093281938541e-07   -4.48424020590611e-07   
-27.8261228305535       4509.23494740269        -24.1807693629259       0.00838044831035946     56.684115593962         7.93614205139738        0.00838044831035947     4.06629687273461e-05    4.0055617930887e-05     -4.41462326147911e-07   -4.4232451671563e-07    
-27.3752677079526       4497.66636042724        -23.7878146809531       0.00841656956623366     56.7823827123673        7.94301808804907        0.00841656956623361     4.0055617930887e-05     3.94580536229207e-05    -4.48424020590611e-07   -4.51221149069203e-07   
-26.9254843904454       4486.33129745142        -23.3958570437541       0.00845206229331934     56.8781273917914        7.94971190196303        0.00845206229331935     3.94580536229207e-05    3.885001545278e-05      -4.4232451671563e-07    -4.49698872921514e-07   
-26.4768956127249       4475.24262604681        -23.005001476394        0.00848691930201863     56.9715345363198        7.95623686426914        0.00848691930201866     3.885001545278e-05      3.8245528622905e-05     -4.51221149069203e-07   -4.44876707545903e-07   
-26.0294165971392       4464.39569552675        -22.6151722033441       0.00852114972024398     57.0626761979943        7.96259841718311        0.00852114972024392     3.8245528622905e-05     3.76489986644791e-05    -4.49698872921514e-07   -4.61097937609314e-07   
-25.5829283636206       4453.79250190898        -22.2262637792316       0.00855476479332669     57.15172093817          7.96880870353419        0.00855476479332667     3.76489986644791e-05    3.70322071081526e-05    -4.44876707545903e-07   -4.45996708280799e-07   
-25.1376751009822       4443.44011290883        -21.8384871608685       0.00858774844823428     57.2387189016822        7.97487156996429        0.00858774844823432     3.70322071081526e-05    3.64370213416358e-05    -4.61097937609314e-07   -4.57706870100199e-07   
-24.6933201923744       4433.32864892595        -21.4515475420764       0.00862012770936107     57.3237886969663        7.98079560897188        0.00862012770936107     3.64370213416358e-05    3.58276145932796e-05    -4.45996708280799e-07   -4.5726603784552e-07    
-24.250010600944        4423.45821107108        -21.0655713671392       0.00865189356453068     57.4069344440044        7.98658141607287        0.0086518935645307      3.58276145932796e-05    3.52201652575993e-05    -4.57706870100199e-07   -4.58933779925538e-07   
-23.807723729871        4413.82810323773        -20.6805374770367       0.00868304950635423     57.4882318994263        7.99223455746794        0.00868304950635418     3.52201652575993e-05    3.46118456419953e-05    -4.5726603784552e-07    -4.55344586358978e-07   
-23.3663966355229       4404.42995382042        -20.2963896464159       0.00871360166170345     57.5676722466991        7.9977547020467         0.00871360166170347     3.46118456419953e-05    3.40095826654961e-05    -4.58933779925538e-07   -4.68392335182843e-07   
-22.9259215620234       4395.25847619843        -19.9130327104716       0.00874355887411393     57.6453018803838        8.00314534559061        0.00874355887411393     3.40095826654961e-05    3.33913694447717e-05    -4.55344586358978e-07   -4.58483590024644e-07   
-22.4865063589139       4386.316176705          -19.5306461892139       0.00877290858110955     57.7211262391124        8.00840712689639        0.00877290858110952     3.33913694447717e-05    3.27874806565636e-05    -4.68392335182843e-07   -4.65369363734454e-07   
-22.0478901071424       4377.59266312641        -19.1490016496859       0.00880166971313114     57.7951871391972        8.01354319880464        0.00880166971313113     3.27874806565636e-05    3.2175753599572e-05     -4.58483590024644e-07   -4.67948106831037e-07   
-21.6101406203741       4369.08581590487        -18.7681567373322       0.008829839012186       57.867486577298         8.0185539412109         0.00882983901218606     3.2175753599572e-05     3.15618438802342e-05    -4.65369363734454e-07   -4.68505300777803e-07   
-21.1732914763313       4360.79689646118        -18.3881392711171       0.00885741571577272     57.9380864460122        8.0234438744644         0.00885741571577274     3.15618438802342e-05    3.09483822357142e-05    -4.67948106831037e-07   -4.65391770498695e-07   
-20.7372682421196       4352.71672202242        -18.0088830827109       0.00888440587419694     58.0069530207769        8.02821088556382        0.00888440587419695     3.09483822357142e-05    3.03401375029537e-05    -4.68505300777803e-07   -4.76997316087237e-07   
-20.3019590545649       4344.84174002355        -17.6302894622811       0.00891081744539172     58.0741373617019        8.03285872468699        0.00891081744539167     3.03401375029537e-05    2.97178645738702e-05    -4.65391770498695e-07   -4.69071700213006e-07   
-19.8675689238588       4337.17464963501        -17.2525352639516       0.00893663919498672     58.1396474541466        8.03738815053653        0.00893663919498674     2.97178645738702e-05    2.91070245919514e-05    -4.76997316087237e-07   -4.74441245767365e-07   
-19.433865300185        4329.70638741305        -16.8754167944848       0.00896188610192644     58.2035032481687        8.04180074141556        0.0089618861019264      2.91070245919514e-05    2.84902725778732e-05    -4.69071700213006e-07   -4.78060366711016e-07   
-19.0008988338682       4322.43532755728        -16.4989766474791       0.00898655604502603     58.265710983141         8.04609712035323        0.00898655604502604     2.84902725778732e-05    2.78698701378654e-05    -4.74441245767365e-07   -4.76233501435306e-07   
-18.5687202218785       4315.36280599714        -16.1232574395986       0.00901064715419614     58.326317380773         8.05028069771297        0.00901064715419616     2.78698701378654e-05    2.72528694889532e-05    -4.78060366711016e-07   -4.78577481979096e-07   
-18.1372156793236       4308.48124637163        -15.748158803152        0.00903416670115741     58.3853067127977        8.05435056439808        0.0090341667011574      2.72528694889532e-05    2.6633833568314e-05     -4.76233501435306e-07   -4.81881095857547e-07   
-17.7063798491921       4301.78735487234        -15.3736746756729       0.00905711574266204     58.4426789600981        8.05830689138013        0.00905711574266209     2.6633833568314e-05     2.601150903981e-05      -4.78577481979096e-07   -4.81512784739008e-07   
-17.2762561413286       4295.27895732633        -14.9998414202732       0.00907949287494076     58.498432033391         8.06214970184001        0.00907949287494075     2.601150903981e-05      2.53906298415814e-05    -4.81881095857547e-07   -4.82930861154151e-07   
-16.8467831330757       4288.9437494013         -14.6266043345978       0.00910130227663991     58.5524602662099        8.06587188000638        0.00910130227663987     2.53906298415814e-05    2.4768871995006e-05     -4.81512784739008e-07   -4.85447483821047e-07   
-16.4179433896456       4282.78411822218        -14.2539470309974       0.00912254577681012     58.6048412560157        8.06947893512722        0.00912254577681018     2.4768871995006e-05     2.41448017376858e-05    -4.82930861154151e-07   -4.85987869098515e-07   
-15.9897573602922       4276.80293530941        -13.8818861116118       0.00914322339244698     58.6556469645104        8.07297597368394        0.00914322339244697     2.41448017376858e-05    2.35209244621967e-05    -4.85447483821047e-07   -4.84630518121949e-07   
-15.5621685470886       4270.99935721675        -13.510371384154        0.0091633388928801      58.7049217821753        8.07636619211163        0.0091633388928801      2.35209244621967e-05    2.2899647473358e-05     -4.85987869098515e-07   -4.91118035451812e-07   
-15.1350976945915       4265.37513240559        -13.1393329580577       0.00918289685620389     58.7527498408463        8.07965550976623        0.0091828968562039      2.2899647473358e-05     2.22708978476062e-05    -4.84630518121949e-07   -4.87324600242695e-07   
-14.7086828497172       4259.9322546863         -12.7688897738151       0.00920189196188506     58.7991545588591        8.08284565943752        0.00920189196188513     2.22708978476062e-05    2.16478119351351e-05    -4.91118035451812e-07   -4.89744012234732e-07   
-14.2827603208675       4254.66920038057        -12.3988986572139       0.00922033248006297     58.8441969302888        8.08594094918175        0.00922033248006301     2.16478119351351e-05    2.10224126673698e-05    -4.87324600242695e-07   -4.92867089591492e-07   
-13.8573359681331       4249.59048302162        -12.0293637508194       0.00923821884238265     58.8879703089904        8.088947899517          0.00923821884238271     2.10224126673698e-05    2.03937681457278e-05    -4.89744012234732e-07   -4.91107062866966e-07   
-13.4324602409243       4244.70764592459        -11.6603279185131       0.00925554969988368     58.930653867497         8.09187891019254        0.00925554969988365     2.03937681457278e-05    1.97680797304119e-05    -4.92867089591492e-07   -4.94330487780087e-07   
-13.0080131655275       4240.03509226371        -11.2916859885673       0.0092723305588033      58.9725104345928        8.09475210207156        0.00927233055880333     1.97680797304119e-05    1.91389432462502e-05    -4.91107062866966e-07   -4.93467750926877e-07   
-12.5840097495603       4235.60360015692        -10.9234500299157       0.00928856120164994     59.0139948989795        8.09759874551157        0.00928856120164992     1.91389432462502e-05    1.85115244812918e-05    -4.94330487780087e-07   -4.98147935317453e-07   
-12.160378074969        4231.45845070564        -10.5555566213794       0.00930424459315916     59.0557866167334        8.10046546102502        0.00930424459315913     1.85115244812918e-05    1.78787477942285e-05    -4.93467750926877e-07   -4.96132131776273e-07   
-11.7371986020414       4227.67114005862        -10.1880746904206       0.00931937789887396     59.0988974795544        8.10342160102443        0.00931937789887401     1.78787477942285e-05    1.72490632412904e-05    -4.98147935317453e-07   -4.99438252444612e-07   
-11.3143071606061       4224.3438219636         -9.82086076646526       0.00933396683969525     59.1448277305196        8.10656988227036        0.0093339668396952      1.72490632412904e-05    1.66156500606872e-05    -4.96132131776273e-07   -5.02196835414757e-07   
-10.8917062567523       4221.6301817451         -9.45391617874814       0.00934801064928962     59.1957658444735        8.11005999734442        0.00934801064928966     1.66156500606872e-05    1.59791121710425e-05    -4.99438252444612e-07   -5.0293687596683e-07    
-10.4693679497208       4219.75064530132        -9.08721588201885       0.00936150917366062     59.2548515648229        8.11410647951543        0.00936150917366061     1.59791121710425e-05    1.53418929518973e-05    -5.02196835414757e-07   -5.07599798623045e-07   
-10.0471242694067       4219.00732900501        -8.72061332264568       0.00937446581357769     59.3264099594868        8.11900445179818        0.00937446581357773     1.53418929518973e-05    1.46988397198992e-05    -5.0293687596683e-07    -5.10953964737441e-07   
-9.62489631666341       4219.80867153483        -8.3540393555668        0.00938687986341383     59.4162555694339        8.12514995208184        0.00938687986341385     1.46988397198992e-05    1.40513535228588e-05    -5.07599798623045e-07   -5.15289724355072e-07   
-9.20247620693886       4222.68480256345        -7.98731290699129       0.00939875290052667     59.5319565541546        8.13305713698761        0.00939875290052665     1.40513535228588e-05    1.33978546485728e-05    -5.10953964737441e-07   -5.21705747903031e-07   
-8.77959513780285       4228.29952377358        -7.62020006205989       0.00941008604340455     59.6829935039937        8.14336768337644        0.0094100860434045      1.33978546485728e-05    1.27352669048758e-05    -5.15289724355072e-07   -5.28142010703208e-07   
-8.35599266725671       4237.45213901474        -7.2524741876436        0.00942087778777208     59.8807780997868        8.15684975273249        0.00942087778777208     1.27352669048758e-05    1.20630067177884e-05    -5.21705747903031e-07   -5.34940745972493e-07   
-7.93129764962199       4251.05715597754        -6.88381255147006       0.00943112695168762     60.1383895753565        8.17437660384615        0.00943112695168768     1.20630067177884e-05    1.13798811509381e-05    -5.28142010703208e-07   -5.41449784663062e-07   
-7.50501829803492       4270.10559297584        -6.51378769264851       0.00944083243024144     60.4700270440825        8.19688470931911        0.00944083243024143     1.13798811509381e-05    1.06853258246077e-05    -5.34940745972493e-07   -5.47612936712252e-07   
-7.07654619886031       4295.59514891922        -6.14187090754506       0.00944999277222561     60.890014664541         8.22530071483651        0.00944999277222563     1.06853258246077e-05    9.97865698894304e-06    -5.41449784663062e-07   -5.5145891128734e-07    
-6.64520490827391       4328.43240045516        -5.76747443683368       0.00945860512573703     61.4113993340271        8.2604411594611         0.00945860512573709     9.97865698894304e-06    9.26158975851245e-06    -5.47612936712252e-07   -5.53257827264974e-07   
-6.21020475215264       4369.30884756767        -5.38991223665978       0.00946666643892583     62.0441841428558        8.3028900017374         0.00946666643892589     9.26158975851245e-06    8.53543049744233e-06    -5.5145891128734e-07    -5.51473961805635e-07   
-5.77074085635922       4418.56323770164        -5.00848507447058       0.00947417202186862     62.7933423052352        8.35286659411907        0.00947417202186862     8.53543049744233e-06    7.80353735913646e-06    -5.53257827264974e-07   -5.45825821889031e-07   
-5.3259800197166        4476.04851124404        -4.62246913689285       0.00948111659327608     63.6569067183969        8.41010679800051        0.00948111659327612     7.80353735913646e-06    7.06984187170087e-06    -5.51473961805635e-07   -5.36404103998244e-07   
-4.87511342998802       4541.02593180702        -4.23116178527763       0.00948749416380085     64.6244355385312        8.47377887227096        0.0094874941638008      7.06984187170087e-06    6.33850747153082e-06    -5.45825821889031e-07   -5.23626672198567e-07   
-4.41744530486381       4612.10960064404        -3.83395848468471       0.00949329762666641     65.6761936885791        8.54245565062329        0.00949329762666641     6.33850747153082e-06    5.61362371014149e-06    -5.36404103998244e-07   -5.08236697141512e-07   
-3.95247167572038       4687.27925606321        -3.43042117044171       0.00949851877326716     66.7833150138932        8.61415598586247        0.0094985187732672      5.61362371014149e-06    4.89880718382574e-06    -5.23626672198567e-07   -4.90909129204676e-07   
-3.47991727562193       4763.96528798267        -3.02031025044044       0.00950314884630342     67.909006845483         8.68645221310385        0.00950314884630343     4.89880718382574e-06    4.19728548394026e-06    -5.08236697141512e-07   -4.73564346119374e-07   
-2.9997138200566        4839.20322435463        -2.60356574726055       0.0095071793382052      69.0107593619405        8.75663300094661        0.0095071793382052      4.19728548394026e-06    3.51003888194028e-06    -4.90909129204676e-07   -4.56711871493237e-07   
-2.51215201357902       4909.83059138141        -2.18043921806676       0.00951060107236083     70.0431601312531        8.82188945063188        0.00951060107236084     3.51003888194028e-06    2.83769724821469e-06    -4.73564346119374e-07   -4.4183012092973e-07    
-2.01779460809204       4972.71811175805        -1.75141830663785       0.00951340543402747     70.9612252594288        8.87951608162347        0.00951340543402746     2.83769724821469e-06    2.17901076841498e-06    -4.56711871493237e-07   -4.29464998191018e-07   
-1.51756603747823       5024.98419992564        -1.31730454672715       0.00951558412727176     71.7234898389057        8.92708051311699        0.00951558412727177     2.17901076841498e-06    1.53207789859639e-06    -4.4183012092973e-07    -4.20233936120961e-07   
-1.01267202295958       5064.187765647          -0.879143608051676      0.00951713011071986     72.2948008061672        8.96256416720667        0.00951713011071995     1.53207789859639e-06    8.94147222274066e-07    -4.29464998191018e-07   -4.14531499190703e-07   
-0.504536086639103      5088.4820741056         -0.438170212359083      0.00951803809552986     72.6485493446369        8.98446494694759        0.00951803809552993     8.94147222274066e-07    2.61877987665033e-07    -4.20233936120961e-07   -4.12525264339564e-07   
0.00524950120233178     5096.72140396237        0.0042344369742729      0.00951830488300829     72.7682223400018        8.99186189717012        0.00951830488300821     2.61877987665033e-07    -3.68341627001243e-07   -4.14531499190703e-07   -4.14312520782459e-07   
0.515036877845994       5088.51843342744        0.446640870163323       0.0095179296346821      72.6482405912178        8.98444585511958        0.0095179296346822      -3.68341627001243e-07   -1.00028123942865e-06   -4.12525264339564e-07   -4.19783647094393e-07   
1.0231781303381         5064.2595546574         0.887619576970103       0.00951691386278476     72.2941829406888        8.96252586797375        0.00951691386278467     -1.00028123942865e-06   -1.63753712707589e-06   -4.14312520782459e-07   -4.28764941582014e-07   
1.52808085419221        5025.08981756426        1.32578924696972        0.00951526143455098     71.722565019336         8.92702295899217        0.00951526143455088     -1.63753712707589e-06   -2.28342865039987e-06   -4.19783647094393e-07   -4.40849275513503e-07   
2.02832135289333        4972.85565462668        1.75991502293123        0.00951297828437014     70.9600017806562        8.87943953315475        0.00951297828437015     -2.28342865039987e-06   -2.94067057773697e-06   -4.28764941582014e-07   -4.5541045508586e-07    
2.52269372677438        4909.99804719244        2.18895110276124        0.00951007207128349     70.041652947992         8.82179453575644        0.00951007207128346     -2.94067057773697e-06   -3.6111186589189e-06    -4.40849275513503e-07   -4.719026593756e-07     
3.01027335547956        4839.39844515486        2.6120958201521         0.00950655167196348     69.0089870701266        8.7565205589972         0.00950655167196358     -3.6111186589189e-06    -4.29598077756051e-06   -4.5541045508586e-07    -4.88832353723028e-07   
3.49049727220153        4764.18599025386        3.02886138138681        0.00950242623148015     67.9069888881578        8.68632315054713        0.00950242623148024     -4.29598077756051e-06   -4.99456636376704e-06   -4.719026593756e-07     -5.0570673220552e-07    
3.96307453197281        4687.52314535792        3.43899606393858        0.00949770542454025     66.7810710079859        8.61401126124602        0.00949770542454026     -4.99456636376704e-06   -5.70586081429073e-06   -4.88832353723028e-07   -5.20598343384988e-07   
4.42807319600143        4612.37450824531        3.84255970200727        0.00949239820443131     65.6737432503488        8.5422962857607         0.00949239820443124     -5.70586081429073e-06   -6.42659287269112e-06   -5.0570673220552e-07    -5.32853801839945e-07   
4.88576834897415        4541.30986792927        4.2397917859705         0.00948651374467652     64.6217977214192        8.47360593066751        0.00948651374467649     -6.42659287269112e-06   -7.15313139397915e-06   -5.20598343384988e-07   -5.41746328827198e-07   
5.33666381581565        4476.34967249271        4.63113031800059        0.00948006062760302     63.6540994283727        8.40992135175094        0.00948006062760305     -7.15313139397915e-06   -7.88139150462321e-06   -5.32853801839945e-07   -5.46875987250934e-07   
5.7814552456812         4418.879995889          5.01717978510824        0.00947304629010408     62.7903821272071        8.35266970809048        0.009473046290104       -7.88139150462321e-06   -8.60723379932868e-06   -5.41746328827198e-07   -5.48169504092624e-07   
6.22095130432411        4369.63971974196        5.39864277083907        0.0094654770143572      62.0410864923595        8.30268273192865        0.0094654770143571      -8.60723379932868e-06   -9.32676852201295e-06   -5.46875987250934e-07   -5.45924120570925e-07   
6.65598503189281        4328.77600094965        5.77624302346436        0.009457358343907       61.4081787472284        8.26022455621774        0.00945735834390688     -9.32676852201295e-06   -1.00366947368033e-05   -5.48169504092624e-07   -5.41691689263923e-07   
7.0873611438898         4295.95013440835        6.15067971329484        0.00944869520103453     60.8866851283017        8.22507582729665        0.00944869520103457     -1.00366947368033e-05   -1.0735779899534e-05    -5.45924120570925e-07   -5.3520216434964e-07    
7.51586917645165        4270.4706150888         6.52263883994055        0.00943949083478899     60.4666023470496        8.19665259230523        0.00943949083478897     -1.0735779899534e-05    -1.14223793873006e-05   -5.41691689263923e-07   -5.28434113662028e-07   
7.94218544747849        4251.43082681541        6.89270812521283        0.00942974826837379     60.1348837159103        8.17413833147706        0.00942974826837374     -1.14223793873006e-05   -1.20972550452836e-05   -5.3520216434964e-07    -5.2143858689153e-07    
8.36691824388131        4237.8330139084         7.26141623001746        0.00941946909271897     59.8772056419214        8.15660643227463        0.00941946909271905     -1.20972550452836e-05   -1.2761042159999e-05    -5.28434113662028e-07   -5.14864658053222e-07   
8.79055920220355        4228.68609119308        7.62919054401883        0.00940865452550626     59.6793697932737        8.14312046339825        0.00940865452550638     -1.2761042159999e-05    -1.34150011972671e-05   -5.2143858689153e-07    -5.08365454469174e-07   
9.21347928790907        4223.07547580081        7.99635369161011        0.00939730583301089     59.5282977029824        8.13280720313188        0.00939730583301097     -1.34150011972671e-05   -1.40597782566001e-05   -5.14864658053222e-07   -5.03997709828907e-07   
9.6359387444691         4220.20178263529        8.36313216926809        0.00938542457211843     59.4125782650649        8.12489851321677        0.00938542457211844     -1.40597782566001e-05   -1.46985089234626e-05   -5.08365454469174e-07   -5.00656271241624e-07   
10.0582061862553        4219.40113644644        8.72975975469437        0.00937300964207155     59.3227313035203        8.11875273011811        0.00937300964207164     -1.46985089234626e-05   -1.53328249449752e-05   -5.03997709828907e-07   -4.96051523288717e-07   
10.4804893247368        4220.14336321136        9.09641738419996        0.00936005945159866     59.2511891608918        8.11385571865886        0.00936005945159854     -1.53328249449752e-05   -1.5961378940176e-05    -5.00656271241624e-07   -4.9540843049626e-07    
10.9028668921748        4222.02001835538        9.46317405240524        0.00934657465548751     59.192137947782         8.10981147525651        0.00934657465548755     -1.5961378940176e-05    -1.65893704874614e-05   -4.96051523288717e-07   -4.92791301421423e-07   
11.3255067050944        4224.72898798742        9.83017616590389        0.00933255176831724     59.1412529812547        8.10632489556798        0.00933255176831713     -1.65893704874614e-05   -1.72144107038586e-05   -4.9540843049626e-07    -4.89673054815233e-07   
11.748436527283         4228.04981671315        10.1974485817346        0.00931799081626151     59.095394044244         8.1031814084376         0.00931799081626149     -1.72144107038586e-05   -1.78359532341527e-05   -4.92791301421423e-07   -4.91907076984437e-07   
12.171653656297         4231.8287646016         10.5649897493251        0.00930289239204872     59.0523714279977        8.10023123318764        0.0093028923920486      -1.78359532341527e-05   -1.846085721569e-05     -4.89673054815233e-07   -4.87507160328906e-07   
12.5953220722602        4235.96366038667        10.9329429197974        0.00928725057233723     59.0106838939887        8.0973715827345         0.0092872505723371      -1.846085721569e-05     -1.9080750224286e-05    -4.91907076984437e-07   -4.88678514374877e-07   
13.0193611119316        4240.38309398028        11.3012389050356        0.00927106792183214     58.9693195183198        8.09453310151156        0.00927106792183208     -1.9080750224286e-05    -1.97027446186984e-05   -4.87507160328906e-07   -4.85819077465136e-07   
13.4438425232654        4245.04193949863        11.669940889585         0.0092543411735886      58.9275996064689        8.0916692143126         0.00925434117358853     -1.97027446186984e-05   -2.0321744858584e-05    -4.88678514374877e-07   -4.87964907449992e-07   
13.8687511365736        4249.90955580372        12.0390365546743        0.00923707018717105     58.8850692841318        8.0887486523038         0.00923707018717102     -2.0321744858584e-05    -2.09441836208648e-05   -4.85819077465136e-07   -4.85280955561314e-07   
14.2942067803248        4254.97158598202        12.4086308330382        0.00921924907490461     58.8414642867153        8.08575319701368        0.00921924907490462     -2.09441836208648e-05   -2.15639278040279e-05   -4.87964907449992e-07   -4.83330121838025e-07   
14.7201588453254        4260.21648210052        12.7786805832935        0.00920087874047968     58.7966028899997        8.08267027452354        0.00920087874047968     -2.15639278040279e-05   -2.21819478222905e-05   -4.85280955561314e-07   -4.87591533870224e-07   
15.1466013279978        4265.63975919806        13.1491813899321        0.00918195827657102     58.7503894377585        8.07949320727472        0.00918195827657104     -2.21819478222905e-05   -2.28062215603134e-05   -4.83330121838025e-07   -4.81633124155267e-07   
15.5736977945859        4271.24305938143        13.5202761713562        0.00916247893892943     58.7027618619463        8.07621761455931        0.00916247893892937     -2.28062215603134e-05   -2.34236914145361e-05   -4.87591533870224e-07   -4.83501620168823e-07   
16.0013100680932        4277.02460606383        13.8918456914655        0.00914244549567815     58.6536965169194        8.07284174920382        0.0091424454956781      -2.34236914145361e-05   -2.40444093957958e-05   -4.81633124155267e-07   -4.8348816707462e-07    
16.4295173309034        4282.98287637544        14.2639596006371        0.00912185283588386     58.603109245361         8.06935969133728        0.00912185283588392     -2.40444093957958e-05   -2.46659899307553e-05   -4.83501620168823e-07   -4.81509874329045e-07   
16.8583760059168        4289.11889993881        14.6366678363926        0.00910069664160955     58.5509549522057        8.06576819736111        0.00910069664160945     -2.46659899307553e-05   -2.52859438995208e-05   -4.8348816707462e-07    -4.80626468533051e-07   
17.2878655592144        4295.42994034653        15.0099535167003        0.00907897632401893     58.4971600948323        8.06206205321031        0.00907897632401884     -2.52859438995208e-05   -2.59057023524349e-05   -4.81509874329045e-07   -4.81517570571752e-07   
17.7180033989168        4301.91371235121        15.3838327931633        0.00905668948318094     58.4416450143047        8.05823560880452        0.00905668948318098     -2.59057023524349e-05   -2.65275760200944e-05   -4.80626468533051e-07   -4.78740386101398e-07   
18.1488509127566        4308.58261938923        15.7583601199687        0.00903383137994458     58.3845133051833        8.05429583825946        0.00903383137994457     -2.65275760200944e-05   -2.71468375753458e-05   -4.81517570571752e-07   -4.76906034888198e-07   
18.5803645900488        4315.43895661165        16.1334988141739        0.00901040284417074     58.3257651727482        8.05024258935705        0.00901040284417078     -2.71468375753458e-05   -2.77647207909417e-05   -4.78740386101398e-07   -4.79211967305509e-07   
19.0125497614922        4322.48615619956        16.5092546834107        0.00898640226204582     58.2653990576003        8.04607558293001        0.00898640226204571     -2.77647207909417e-05   -2.83866253990935e-05   -4.76906034888198e-07   -4.760692463005e-07     
19.4455203050446        4329.73194049308        16.8857279508528        0.00896182183567712     58.2034293704093        8.04179563768146        0.0089618218356772      -2.83866253990935e-05   -2.90054978231454e-05   -4.79211967305509e-07   -4.71151598416392e-07   
19.87922557088          4337.17513329352        17.2628758060056        0.00893666289669192     58.1398081352385        8.03739925703157        0.00893666289669204     -2.90054978231454e-05   -2.96190468650491e-05   -4.760692463005e-07     -4.79456664370529e-07   
20.3136148580588        4344.81751829734        17.6406553830962        0.00891092705953359     58.074527988797         8.03288574055959        0.0089109270595336      -2.96190468650491e-05   -3.02445251872281e-05   -4.71151598416392e-07   -4.68262042523696e-07   
20.7489207094586        4352.66829412545        18.0192701662496        0.00888459892050188     58.0075680409346        8.0282534451035         0.00888459892050182     -3.02445251872281e-05   -3.08565149241203e-05   -4.79456664370529e-07   -4.71702476521043e-07   
21.184938225725         4360.72491460903        18.3985431813888        0.00885768923068963     57.9389191711985        8.02350153342587        0.00885768923068956     -3.08565149241203e-05   -3.14741533150088e-05   -4.68262042523696e-07   -4.71443677485917e-07   
21.6217793972476        4368.9910593532         18.7785730653017        0.00883018964627209     57.8685294254339        8.01862619332388        0.00883018964627208     -3.14741533150088e-05   -3.20926361394009e-05   -4.71702476521043e-07   -4.69125764778136e-07   
22.0595187234952        4377.47602320296        19.1594258741914        0.00880209376661222     57.7964316259938        8.0136294749767         0.00880209376661226     -3.20926361394009e-05   -3.2709285190067e-05    -4.71443677485917e-07   -4.62464333848067e-07   
22.498122665153         4386.17864216709        19.5410736673113        0.00877340203176183     57.7225629162886        8.00850679078806        0.00877340203176182     -3.2709285190067e-05    -3.33183987054629e-05   -4.69125764778136e-07   -4.72515951088967e-07   
22.9375234753472        4395.10111914593        19.9234587241047        0.00874411742057684     57.6469203916811        8.00325769724645        0.00874411742057688     -3.33183987054629e-05   -3.39420327851611e-05   -4.62464333848067e-07   -4.59610202995204e-07   
23.3779821758556        4404.2539025849         20.3068094641602        0.00871422081802736     57.5694615686753        7.99787899443591        0.00871422081802735     -3.39420327851611e-05   -3.45499139340427e-05   -4.72515951088967e-07   -4.63259212705574e-07   
23.8192910739434        4413.63454786075        20.6909464156251        0.00868372458484304     57.4901802476565        7.99236998974345        0.00868372458484301     -3.45499139340427e-05   -3.51639405683905e-05   -4.59610202995204e-07   -4.61612960242362e-07   
24.2615580882482        4423.2483692488         21.0759648294518        0.0086526197734794      57.4090294541591        7.98672714599799        0.0086526197734795      -3.51639405683905e-05   -3.57771360396769e-05   -4.63259212705574e-07   -4.62024232729496e-07   
24.7048463147           4433.10374017095        21.4619210330979        0.0086209002006709      57.3260173848519        7.98095074988298        0.00862090020067078     -3.57771360396769e-05   -3.63922605540318e-05   -4.61612960242362e-07   -4.50249618848954e-07   
25.1491784741567        4443.20133081569        21.8488362904049        0.0085885623694865      57.2410676248439        7.97503518799927        0.00858856236948643     -3.63922605540318e-05   -3.69930903041302e-05   -4.62024232729496e-07   -4.65214292091051e-07   
25.5944077082164        4453.54099838488        22.2365842768022        0.00855561533162966     57.1541754687344        7.96897982239288        0.00855561533162962     -3.69930903041302e-05   -3.76153537838047e-05   -4.50249618848954e-07   -4.48843701703915e-07   
26.0408706923794        4464.13255543198        22.6254598972665        0.00852203219639394     57.0652220495425        7.96277604088357        0.00852203219639385     -3.76153537838047e-05   -3.82171683146222e-05   -4.65214292091051e-07   -4.53459073110817e-07   
26.4883233260274        4474.96887401446        23.015252358012         0.00848782917607443     56.9741570563272        7.95641998335148        0.00848782917607432     -3.82171683146222e-05   -3.88266730536712e-05   -4.48843701703915e-07   -4.54744816963693e-07   
26.9368846705003        4486.04788165413        23.4060672795525        0.00845299523915134     56.8808120793409        7.94989951574099        0.00845299523915131     -3.88266730536712e-05   -3.9439421464602e-05    -4.53459073110817e-07   -4.45584268902333e-07   
27.3866395947889        4497.37416029664        23.7979806446671        0.00841752150970347     56.7851155972223        7.9432092308967         0.0084175215097035      -3.9439421464602e-05    -4.00413510735134e-05   -4.54744816963693e-07   -4.51388844324242e-07   
27.8374654509587        4508.93479952543        24.1908876632606        0.00838141546188094     56.6868837680331        7.93633583015019        0.00838141546188099     -4.00413510735134e-05   -4.06526773090725e-05   -4.45584268902333e-07   -4.44114380131468e-07   
28.2894968529834        4520.73615608291        24.584907793541         0.00834466412116552     56.5860372043812        7.92927327512015        0.00834466412116541     -4.06526773090725e-05   -4.12557063476614e-05   -4.51388844324242e-07   -4.45417792319548e-07   
28.7426731542016        4532.77750743881        24.9799903322795        0.00830727015156673     56.4825109368592        7.9220165037318         0.00830727015156669     -4.12557063476614e-05   -4.18621165064681e-05   -4.44114380131468e-07   -4.44788538761891e-07   
29.1970793263822        4545.06626211222        25.3762115200851        0.00826922429424152     56.3762585303938        7.91456172229348        0.00826922429424164     -4.18621165064681e-05   -4.24693149512409e-05   -4.45417792319548e-07   -4.39342044378176e-07   
29.6527654903969        4557.61716321128        25.773617246902         0.00823051995386788     56.2673385058518        7.90691248253716        0.00823051995386796     -4.24693149512409e-05   -4.30707375339843e-05   -4.44788538761891e-07   -4.41007221858818e-07   
30.1096837027718        4570.43427818124        26.172167873591         0.00819115888377527     56.1557300106529        7.89906675293937        0.00819115888377525     -4.30707375339843e-05   -4.36761206920444e-05   -4.39342044378176e-07   -4.39239410358202e-07   
30.5679018190113        4583.52638003858        26.5719247813334        0.00815113293996138     56.0413992862716        7.89102157069607        0.00815113293996142     -4.36761206920444e-05   -4.42807381256331e-05   -4.41007221858818e-07   -4.32621616418481e-07   
31.0273998885119        4596.89189125566        26.9728727960076        0.00811044151790457     55.9242342722381        7.88276842741588        0.00811044151790458     -4.42807381256331e-05   -4.48778564775564e-05   -4.39239410358202e-07   -4.31286440202274e-07   
31.4880692720393        4610.54421853269        27.3749193999689        0.0080690922160616      55.8043596983549        7.87431546925085        0.00806909221606157     -4.48778564775564e-05   -4.5474760754359e-05    -4.32621616418481e-07   -4.37559982022234e-07   
31.949980957294         4624.51294091075        27.778128901769         0.00802707693930324     55.6819817752411        7.86567661674168        0.00802707693930321     -4.5474760754359e-05    -4.60820646416414e-05   -4.31286440202274e-07   -4.2015866866391e-07    
32.4133385739412        4638.85393283938        28.182681589311         0.00798437534670033     55.5575264674599        7.85688137646511        0.00798437534670032     -4.60820646416414e-05   -4.66669721473504e-05   -4.37559982022234e-07   -4.3393532548856e-07    
32.8779963523764        4653.61805873379        28.5884528362748        0.00794099949966137     55.4315680140303        7.84796987294806        0.00794099949966139     -4.66669721473504e-05   -4.72729573020567e-05   -4.2015866866391e-07    -4.16820909032413e-07   
33.3442758832241        4668.90350847442        28.9957263008313        0.00789691843301158     55.3049252670361        7.83899974252924        0.00789691843301156     -4.72729573020567e-05   -4.7856922327461e-05    -4.3393532548856e-07    -4.14596788822161e-07   
33.8120181726089        4684.8127373476         29.4043661070354        0.00785214690472064     55.1787567521396        7.83005298351165        0.00785214690472053     -4.7856922327461e-05    -4.84397197354384e-05   -4.16820909032413e-07   -4.14848400978004e-07   
34.2813116284855        4701.42820743944        29.814452570506         0.00780667721994875     55.053798732363         7.82118197463806        0.0078066772199488      -4.84397197354384e-05   -4.90249121367728e-05   -4.14596788822161e-07   -4.02008255538331e-07   
34.7523543452724        4718.75511088175        30.2261620179759        0.00776049087002129     54.9297839337962        7.81236796750982        0.0077604908700212      -4.90249121367728e-05   -4.95941401615476e-05   -4.14848400978004e-07   -4.15300841284449e-07   
35.225174648214         4736.72218432846        30.6395225941879        0.00771358508206177     54.8056643683605        7.80353654643276        0.00771358508206179     -4.95941401615476e-05   -5.01845161578999e-05   -4.02008255538331e-07   -3.90630339403493e-07   
35.7000772188217        4755.25295718715        31.0548043304357        0.00766592832308244     54.6801424918838        7.79459517100605        0.00766592832308241     -5.01845161578999e-05   -5.07420270173659e-05   -4.15300841284449e-07   -3.93647233233598e-07   
36.1767132452519        4774.26644782303        31.4717060750529        0.00761755357120246     54.5523456442297        7.78548119145358        0.0076175535712025      -5.07420270173659e-05   -5.13061122814072e-05   -3.90630339403493e-07   -4.0231425081228e-07    
36.6552323320431        4793.70454535453        31.8903626623381        0.00756844324786887     54.4213211978502        7.77612594189922        0.00756844324786878     -5.13061122814072e-05   -5.18850421300655e-05   -3.93647233233598e-07   -3.956781120567e-07     
37.1359625236303        4813.52546768434        32.3110653852319        0.00751855985009239     54.286168978093         7.76646415888302        0.00751855985009233     -5.18850421300655e-05   -5.24568913737009e-05   -4.0231425081228e-07    -3.73703369994307e-07   
37.6188261594448        4833.6923984179         32.7337507631779        0.00746790674835753     54.1463461224443        7.7564558145274         0.00746790674835756     -5.24568913737009e-05   -5.299938947742e-05     -3.956781120567e-07     -4.19042980697573e-07   
38.1035964304045        4854.19590829994        33.158224687209         0.00741650348081937     54.0017412757284        7.7460915790358         0.00741650348081927     -5.299938947742e-05     -5.36103907467881e-05   -3.73703369994307e-07   -3.49813677556973e-07   
38.5909605422729        4875.09967332167        33.5850935076922        0.00736427246415024     53.8523434263459        7.73536923103121        0.00736427246415017     -5.36103907467881e-05   -5.41227503317085e-05   -4.19042980697573e-07   -4.11516713872177e-07   
39.0800028413115        4896.40938269557        34.0135597203655        0.00731130810029968     53.6987363731282        7.72432926776229        0.00731130810029974     -5.41227503317085e-05   -5.47282802739884e-05   -3.49813677556973e-07   -3.65030460792086e-07   
39.5717482327678        4918.22762837718        34.4445258238198        0.00725749620558423     53.5410275267204        7.71297806202279        0.00725749620558422     -5.47282802739884e-05   -5.52679830292205e-05   -4.11516713872177e-07   -3.89531698614299e-07   
40.0657265941184        4940.58313380078        34.8775846302934        0.00720288478120927     53.3796765971292        7.70134739994165        0.00720288478120921     -5.52679830292205e-05   -5.58467323780288e-05   -3.65030460792086e-07   -3.56145684346785e-07   
40.5622653840712        4963.52175501746        35.3130281675258        0.00714743484717445     53.2146725347804        7.68943521512041        0.0071474348471744      -5.58467323780288e-05   -5.63784520864895e-05   -3.89531698614299e-07   -3.87305001379574e-07   
41.060999181039         4987.06022089107        35.7505412756156        0.00709118464796265     53.046247315272         7.67725698376358        0.00709118464796266     -5.63784520864895e-05   -5.6959527491772e-05    -3.56145684346785e-07   -3.48321513967196e-07   
41.5624430846273        5011.23741157233        36.1905816585081        0.00703407314526979     52.8741157519683        7.66479076701948        0.0070340731452697      -5.6959527491772e-05    -5.74847153227237e-05   -3.87305001379574e-07   -3.75601570301469e-07   
42.0661577326564        5036.07673425504        36.6327702954822        0.00697614702946874     52.698617624775         7.65205982615683        0.00697614702946877     -5.74847153227237e-05   -5.80539266621738e-05   -3.48321513967196e-07   -3.55307729159084e-07   
42.5726416753641        5061.5937832165         37.077551993936         0.00691734498866753     52.5191855865051        7.63902157685605        0.0069173449886676      -5.80539266621738e-05   -5.85951823848679e-05   -3.75601570301469e-07   -3.53435017985277e-07   
43.0817322181612        5087.83128277986        37.5247920005513        0.00685768078329353     52.3360842248387        7.62569371888652        0.00685768078329346     -5.85951823848679e-05   -5.91365158641946e-05   -3.55307729159084e-07   -3.61855057344948e-07   
43.5935556158959        5114.7983123549         37.9746098978834        0.00679713398820552     52.1489541775857        7.61204850349363        0.00679713398820546     -5.91365158641946e-05   -5.96939334039688e-05   -3.53435017985277e-07   -3.75257965007667e-07   
44.1085139933205        5142.5573305008         38.4273686918561        0.00673564999655852     51.9576993982345        7.59807719815675        0.00673564999655861     -5.96939334039688e-05   -6.02753613725649e-05   -3.61855057344948e-07   -3.38515802528974e-07   
44.6267483855788        5171.11256259592        38.8832026179432        0.0066732036464594      51.7618308134507        7.58374217311471        0.00667320364645951     -6.02753613725649e-05   -6.08026953797232e-05   -3.75257965007667e-07   -3.1341987672717e-07    
45.1473569170654        5200.49754267562        39.3413285808635        0.00660989672175038     51.5621274882038        7.56909854372837        0.00660989672175037     -6.08026953797232e-05   -6.12935933936377e-05   -3.38515802528974e-07   -4.26543616443958e-07   
45.670277774896         5230.65878626316        39.8017013299375        0.00654573203091363     51.3577361400339        7.55408176198169        0.0065457320309136      -6.12935933936377e-05   -6.19654673705841e-05   -3.1341987672717e-07    -2.73074663307029e-07   
46.1975109711284        5261.84081512985        40.2660916610312        0.0064804579661797      51.1487073407667        7.53869332479418        0.00648045796617961     -6.19654673705841e-05   -6.23982195864398e-05   -4.26543616443958e-07   -3.96883775089023e-07   
46.7269121468319        5293.88024284366        40.7326190394407        0.00641433691211276     50.9350971749648        7.52293509320848        0.00641433691211281     -6.23982195864398e-05   -6.30309180031857e-05   -2.73074663307029e-07   -2.82941518833777e-07   
47.2602016217665        5326.97329843265        41.2028057457012        0.00634715551522299     50.7166919258886        7.50678892187958        0.00634715551522301     -6.30309180031857e-05   -6.34845545435866e-05   -3.96883775089023e-07   -3.36677590478807e-07   
47.7959180990071        5361.01246962255        41.6753671185751        0.00627910375722395     50.4935303107971        7.49025517372755        0.006279103757224       -6.34845545435866e-05   -6.40275450771325e-05   -2.82941518833777e-07   -2.91988813436788e-07   
48.3350795950047        5396.10575734768        42.15120228377          0.00621006363248941     50.2652401811574        7.47330361138584        0.00621006363248948     -6.40275450771325e-05   -6.45013782297843e-05   -3.36677590478807e-07   -3.03490784464409e-07   
48.8776158511491        5432.28245563579        42.6302493589308        0.00614005774157112     50.0317919191913        7.45592917819185        0.00614005774157113     -6.45013782297843e-05   -6.49971647796141e-05   -2.91988813436788e-07   -2.64496739475955e-07   
49.4240607597987        5469.62083708343        43.1129805342948        0.00606903115911814     49.7929489332317        7.438111239737          0.00606903115911815     -6.49971647796141e-05   -6.54322441718e-05      -3.03490784464409e-07   -2.83471553085987e-07   
49.9741633226829        5508.14270420656        43.5991783820206        0.00599702674783499     49.5487186920283        7.41984716015306        0.00599702674783507     -6.54322441718e-05      -6.59018534082362e-05   -2.64496739475955e-07   -2.59730848826982e-07   
50.5283979497791        5547.93619534235        44.089273859056         0.0059239836072117      49.2988246125968        7.40111287522182        0.00592398360721173     -6.59018534082362e-05   -6.63352726920046e-05   -2.83471553085987e-07   -2.9512559470888e-07    
51.0865510606303        5589.04607034554        44.583100995386         0.00584991655325995     49.0431796857703        7.3818982567547         0.00584991655325996     -6.63352726920046e-05   -6.68314524596064e-05   -2.59730848826982e-07   -2.93099258518089e-07   
51.6491224293892        5631.58974386647        45.0811391039512        0.00577472744928893     48.7813438155596        7.36216633392642        0.00577472744928892     -6.68314524596064e-05   -6.73280206939668e-05   -2.9512559470888e-07    -3.37692144325078e-07   
52.215937904472         5675.64231312925        45.5832861055392        0.00569838851872063     48.513022490251         7.34189065040478        0.00569838851872054     -6.73280206939668e-05   -6.7904671814153e-05    -2.93099258518089e-07   -3.51602928491753e-07   
52.7874074933664        5721.3383855073         46.0899697742208        0.00562077821102225     48.237561202717         7.32101702123695        0.00562077821102235     -6.7904671814153e-05    -6.85099763939712e-05   -3.37692144325078e-07   -3.89668548221463e-07   
53.3635134631808        5768.79654164402        46.6012451895044        0.00554182630411212     47.9545026263308        7.29950551037008        0.00554182630411205     -6.85099763939712e-05   -6.9186467708833e-05    -3.51602928491753e-07   -3.85758404241271e-07   
53.944661422739         5818.19484716047        47.1175395885044        0.00546141220250668     47.6633405022655        7.27731181307627        0.00546141220250677     -6.9186467708833e-05    -6.98619776884547e-05   -3.89668548221463e-07   -3.83592258677985e-07   
54.5308210923982        5869.6586614705         47.6388774283444        0.00537949938933509     47.3637377774789        7.25440385616282        0.00537949938933502     -6.98619776884547e-05   -7.05397197526412e-05   -3.85758404241271e-07   -3.49886633199445e-07   
55.1223436115032        5923.3167711765         48.1655939064459        0.00529603851807632     47.0551706623773        7.23073460709194        0.00529603851807634     -7.05397197526412e-05   -7.11636350360188e-05   -3.83592258677985e-07   -2.83411279450832e-07   
55.7194899906911        5979.27023348663        48.6979064667244        0.00521104411768667     46.7373614674043        7.20627515644866        0.00521104411768667     -7.11636350360188e-05   -7.16738657466824e-05   -3.49886633199445e-07   -2.1263959199131e-07    
56.3223778857408        6037.5793480015         49.2358626007358        0.00512460654303426     46.4103279462855        7.18101880316633        0.00512460654303429     -7.16738657466824e-05   -7.20604949074953e-05   -2.83411279450832e-07   -1.22493553823148e-07   
56.9314248143077        6098.30757521484        49.7797393681286        0.00503682102121807     46.0741256830432        7.15496142415591        0.00503682102121804     -7.20604949074953e-05   -7.22855171629218e-05   -2.1263959199131e-07    -4.40020342811275e-08   
57.5468826655142        6161.47246840196        50.329642217185         0.00494783425148798     45.7289167781391        7.12810686867598        0.00494783425148803     -7.22855171629218e-05   -7.23672084998086e-05   -1.22493553823148e-07   2.68150638581811e-08    
58.1690112866298        6227.08980664056        50.8856833930127        0.00485778895923252     45.3748321662718        7.10045633637349        0.00485778895923249     -7.23672084998086e-05   -7.23168833936979e-05   -4.40020342811275e-08   4.00720155660556e-08    
58.7978623303198        6295.17682715078        51.4478198308159        0.00476681762188448     45.0119397488117        7.07200582491054        0.00476681762188451     -7.23168833936979e-05   -7.22408372860387e-05   2.68150638581811e-08    2.89759277084407e-08    
59.4339403025877        6365.914207573          52.0164782067477        0.00467490949147158     44.6401091263151        7.04273535293363        0.0046749094914716      -7.22408372860387e-05   -7.21852134589361e-05   4.00720155660556e-08    -4.44208085288076e-08   
60.0774257058052        6439.48955466274        52.591890502321         0.00458199326492362     44.258546653516         7.01257177848121        0.00458199326492347     -7.21852134589361e-05   -7.22715048953452e-05   2.89759277084407e-08    -1.46478757294466e-07   
60.7287608513387        6516.22562981313        53.1746377534668        0.00448783731837135     43.8656408346049        6.98137528910592        0.00448783731837125     -7.22715048953452e-05   -7.25595716108102e-05   -4.44208085288076e-08   -2.88905906103746e-07   
61.3882225906072        6596.61280755098        53.765272180689         0.00439211668870709     43.4596398014754        6.9489919174155         0.00439211668870722     -7.25595716108102e-05   -7.31350326720914e-05   -1.46478757294466e-07   -4.28110586617057e-07   
62.0563651461205        6681.30709111412        54.3646992267983        0.00429437429027385     43.0380500962573        6.91520467249582        0.00429437429027384     -7.31350326720914e-05   -7.39991562475764e-05   -2.88905906103746e-07   -5.62657794226651e-07   
62.7335479401347        6771.05769920075        54.9737235233457        0.00419413084191675     42.5980528929236        6.87976524897661        0.00419413084191683     -7.39991562475764e-05   -7.51507245990724e-05   -4.28110586617057e-07   -6.72133439854555e-07   
63.4203530763724        6866.7858801515         55.5933810301497        0.00409087406080867     42.1367343573584        6.84241139733634        0.00409087406080877     -7.51507245990724e-05   -7.65465643011084e-05   -5.62657794226651e-07   -7.29853303457148e-07   
64.1175516402746        6969.49823327776        56.2248646027078        0.00398411180655741     41.6508902954744        6.80284991712823        0.00398411180655738     -7.65465643011084e-05   -7.80859047183995e-05   -6.72133439854555e-07   -7.47925041430063e-07   
64.8258215158682        7080.20652975991        56.869227760997         0.00387345568632195     41.1372993645485        6.76077735212852        0.00387345568632199     -7.80859047183995e-05   -7.96898125827513e-05   -7.29853303457148e-07   -7.35018903404085e-07   
65.5462981755415        7200.06187265996        57.527854819107         0.0037585634940527      40.5928345642507        6.71588784270807        0.00375856349405259     -7.96898125827513e-05   -8.1294546360596e-05    -7.47925041430063e-07   -6.43081585764e-07      
66.2805600471547        7330.44604786382        58.2024369314426        0.00363915141090493     40.0149046164692        6.66790860235878        0.00363915141090493     -8.1294546360596e-05    -8.27257822600089e-05   -7.35018903404085e-07   -5.38275836662209e-07   
67.0293233318212        7472.45126023028        58.893761642061         0.00351520993470926     39.4008523598883        6.61654931549069        0.00351520993470929     -8.27257822600089e-05   -8.39485933017027e-05   -6.43081585764e-07      -4.10588035759779e-07   
67.7939762132691        7627.28505940112        59.6031133003216        0.00338675132109227     38.7475766269111        6.56146804600846        0.00338675132109213     -8.39485933017027e-05   -8.49020610098038e-05   -5.38275836662209e-07   -2.54236494151363e-07   
68.5763185094798        7796.52151706393        60.3320373101703        0.00325383779539476     38.0529245772467        6.50238627797918        0.00325383779539477     -8.49020610098038e-05   -8.55065648096982e-05   -4.10588035759779e-07   -9.70536668083496e-08   
69.3779657046873        7981.43613001673        61.0817714092454        0.00311666604501277     37.3132064652919        6.4388755458363         0.00311666604501272     -8.55065648096982e-05   -8.57432526846616e-05   -2.54236494151363e-07   4.45614021493067e-08    
70.2007785841817        8183.74004399549        61.8536244058188        0.00297546944358017     36.525702652668         6.37056622746519        0.00297546944358006     -8.57432526846616e-05   -8.56315930147043e-05   -9.70536668083496e-08   1.72060827629832e-07    
71.0469799737202        8405.31734371822        62.6490484478006        0.0028304507533596      35.6862552116306        6.29693534027383        0.0028304507533597      -8.56315930147043e-05   -8.51876658595812e-05   4.45614021493067e-08    2.03743827717177e-07    
71.9188013914173        8648.36691344075        63.469229941274         0.00268175123051197     34.7891529180581        6.21728351882057        0.00268175123051193     -8.51876658595812e-05   -8.46450039709392e-05   1.72060827629832e-07    1.34853842871995e-07    
72.8200616907681        8916.43447430707        64.3163642863379        0.0025290143560365      33.824686185272         6.13049628091415        0.00252901435603661     -8.46450039709392e-05   -8.42731225691088e-05   2.03743827717177e-07    -1.12429478333744e-07   
73.7546007024277        9214.8397463078         65.1915752758331        0.00237132908237833     32.7771262198131        6.03481806959627        0.00237132908237824     -8.42731225691088e-05   -8.45953772928534e-05   1.34853842871995e-07    -7.99666925964227e-07   
74.7265059053625        9552.93494786254        66.0935149316628        0.00220650484221465     31.6178958297304        5.92714057251616        0.00220650484221459     -8.45953772928534e-05   -8.69916006555618e-05   -1.12429478333744e-07   -2.07532862106648e-06   
75.7449235556852        9953.50728065164        67.0188041869152        0.00202875449767658     30.2898339949179        5.80132494396447        0.00202875449767662     -8.69916006555618e-05   -9.35561550216557e-05   -7.99666925964227e-07   -3.92582902215534e-06   
76.8227924074557        10470.7352268657        67.9518860454475        0.00182592678560707     28.6781938736006        5.64487908281092        0.00182592678560702     -9.35561550216557e-05   -0.000106883418955853   -2.07532862106648e-06   -4.52177178347907e-06   
77.9845936140695        11241.3628775511        68.8575467912683        0.00157511191247306     26.5596068712948        5.4323728058224         0.0015751119124731      -0.000106883418955853   -0.00012379479432465    -3.92582902215534e-06   1.86168386725185e-06    
79.2763643052912        12573.8609076057        69.6887637840755        0.00125075052784414     23.59014475084          5.11969451680251        0.00125075052784412     -0.00012379479432465    -0.000115437956811323   -4.52177178347907e-06   -1.76580017931214e-05   
80.7713290554642        14956.5541044951        70.4730331953257        0.000874183409748855    19.6121571977412        4.66811372775642        0.000874183409748808    -0.000115437956811323   -0.000212636794679699   1.86168386725185e-06    -1.76580017931214e-05   
83.0137761807238        14956.5541044951        70.4730331953257        1e-09                   2.24348311567427e-05    0.00499275376662604     9.99999996265306e-10    -0.000212636794679699   -0.000212636794679699   -1.76580017931214e-05   -1.76580017931214e-05   
