# xp[i]                    V[i]                   up[i]                    p[i]                    e[i]                   cs[i]                  dd1[i]             dd2_left[i]            dd2_right[i]             dd3_left[i]            dd3_right[i]
-6.64459056885053       2273.10689668682        -56.4069074857336       1e-09                   3.40966034503022e-06    0.00194640989888513     0.0205993141412146      0.0161666890177664      0.0161666890177664      0.00648271955779076     0.00648271955779076     
-6.29969674853565       2273.10689668682        -56.4069074857336       0.0205993141412146      70.2366645621199        8.8340669231309         0.0205993141412146      0.0161666890177664      0.0161666890177664      0.00648271955779076     0.00648271955779076     
-6.0697675349924        1936.497736542          -54.7568568454304       0.0286780992859819      83.3026115334459        9.62073059904415        0.0286780992859819      0.0161666890177664      0.0205927576055656      0.00648271955779076     0.00657410321962379     
-5.87508382665924       1712.45074755591        -53.3178890639672       0.0368191828230775      94.576555724665         10.2511005222022        0.0368191828230775      0.0205927576055656      0.0242589686674191      0.00648271955779076     0.0130754490627058      
-5.70370601753143       1542.43235345699        -52.053516773915        0.0451974601909889      104.571037338998        10.7791484583791        0.0451974601909889      0.0242589686674191      0.0306823247116928      0.00657410321962379     0.0143110197644037      
-5.55040885958335       1394.82738883259        -51.0303321102023       0.054654440867303       114.350266564568        11.2719054173821        0.054654440867303       0.0306823247116928      0.036992790557464       0.0130754490627058      -0.0104165127805501     
-5.41193612489237       1270.27360405027        -50.165179354821        0.0649611513781599      123.777653826586        11.7273495076247        0.0649611513781599      0.036992790557464       0.032806293002099       0.0143110197644037      -0.0358004041219918     
-5.28495068937343       1190.04892899199        -49.1609506191713       0.0733603745535429      130.953652751843        12.0625063155697        0.0733603745535429      0.032806293002099       0.0194488932095864      -0.0104165127805501     0.00315360230437684     
-5.16534478223318       1153.41629114034        -47.869303595171        0.0780354689526394      135.011071765126        12.2479509290841        0.0780354689526394      0.0194488932095864      0.0205581143048959      -0.0358004041219918     0.117998189301671       
-5.05078517366373       1118.93909131724        -46.6452426281316       0.0827316776980121      138.857562399846        12.421198832813         0.0827316776980121      0.0205581143048959      0.0596835976993274      0.00315360230437684     0.204827664160304       
-4.94263875070624       1030.87505978457        -46.1554604164608       0.0955334646323248      147.724599096412        12.8116526428271        0.0955334646323249      0.0596835976993274      0.122607178713012       0.117998189301671       0.0931225917793791      
-4.8445027585221        904.384445837962        -46.4331043446377       0.119546023640795       162.173346513768        13.4235839937596        0.119546023640795       0.122607178713012       0.148602629699216       0.204827664160304       -0.111335909449477      
-4.75722209470821       805.678195112251        -46.7262051542908       0.145701839050469       176.083192066077        13.9874226069183        0.145701839050469       0.148602629699216       0.120435195398494       0.0931225917793791      -0.161484545515996      
-4.67789582701545       749.807671875952        -46.5891076036565       0.165006002083577       185.584149401767        14.3598262679744        0.165006002083577       0.120435195398494       0.0827187462355759      -0.111335909449477      -0.105019114468675      
-4.60325557641501       719.488199639344        -46.0953093797144       0.177435095019231       191.493685602334        14.5866638331172        0.177435095019231       0.0827187462355759      0.0594822230422336      -0.161484545515996      -0.0505680583103675     
-4.53134780655445       700.726146591662        -45.4256211858268       0.186016992858203       195.520455909146        14.7392316967392        0.186016992858203       0.0594822230422336      0.048676278756942       -0.105019114468675      -0.0203691356276126     
-4.46125023084332       686.836258422466        -44.6904150098346       0.192851974531669       198.686592925074        14.8580914328813        0.192851974531669       0.048676278756942       0.0444289115305165      -0.0505680583103675     -0.00484583483209863    
-4.39251896150959       675.06671427297         -43.9392719475275       0.198961708932993       201.468640673296        14.961752744667         0.198961708932993       0.0444289115305165      0.0434383644359801      -0.0203691356276126     0.00579364754613758     
-4.32504490598159       664.257778131995        -43.1951776543721       0.20482578563402        204.085681904091        15.0586144376674        0.20482578563402        0.0434383644359801      0.0446015149480063      -0.00484583483209863    0.0157074392545345      
-4.25872900560198       653.760449444606        -42.4703461502911       0.210742641125226       206.662805668756        15.1533936671609        0.210742641125226       0.0446015149480063      0.0477007433738568      0.00579364754613758     0.0257398635352087      
-4.1935140315047        643.125791249027        -41.774019502249        0.216963515147387       209.302248527           15.2498542261521        0.216963515147386       0.0477007433738568      0.0526919874385423      0.0157074392545345      0.035064810179155       
-4.12943065260104       632.024008641463        -41.1145704315248       0.223715762369452       212.090599393533        15.3510983824732        0.223715762369452       0.0526919874385423      0.0593696359267693      0.0257398635352087      0.0418476007576637      
-4.06652115123451       620.258142150768        -40.4978290557207       0.231183758672225       215.090412974199        15.4592803114863        0.231183758672225       0.0593696359267693      0.0671871931592504      0.035064810179155       0.0447120484742143      
-4.00484724522194       607.808903948696        -39.9259354057923       0.239468861772217       218.32695960542         15.5751568426353        0.239468861772217       0.0671871931592504      0.07537037650782        0.0418476007576637      0.043743944312996       
-3.94447710744582       594.834695560748        -39.3968660066361       0.248568172348544       221.785459687557        15.698034543908         0.248568172348544       0.07537037650782        0.0832047505498362      0.0447120484742143      0.0398236481671527      
-3.88543540148742       581.595798401372        -38.9050150981677       0.258392504584713       225.419992507314        15.8261384532507        0.258392504584713       0.0832047505498362      0.0901781964185909      0.043743944312996       0.0350546094038866      
-3.82774060216789       568.376312825212        -38.4434260655407       0.268799270539698       229.16870741919         15.9571895123306        0.268799270539697       0.0901781964185909      0.0961770232939328      0.0398236481671527      0.0306685774729404      
-3.77136742478884       555.41037722985         -38.0052991583472       0.279644171990083       232.975912582711        16.0891928042367        0.279644171990083       0.0961770232939328      0.101305423248981       0.0350546094038866      0.0278798245455264      
-3.7162889884495        542.853127104043        -37.5853895208707       0.290806613956941       236.797919653596        16.2206288292133        0.290806613956942       0.101305423248981       0.105861749477658       0.0306685774729404      0.0262358380532288      
-3.66244698716255       530.774539114014        -37.1799624844037       0.302208089196143       240.606538889414        16.3505534697152        0.302208089196143       0.105861749477658       0.110053384033919       0.0278798245455264      0.0257960139899382      
-3.60980631219456       519.201989248377        -36.7868516770965       0.313797513112984       244.386439544182        16.4784856216348        0.313797513112984       0.110053384033919       0.114083979208128       0.0262358380532288      0.0258022159940207      
-3.55831507816731       508.128794640021        -36.4046399950231       0.325549009579109       248.131238750528        16.6042577789396        0.325549009579109       0.114083979208128       0.118028628808301       0.0257960139899382      0.0262073415073393      
-3.50792337935672       497.535284682407        -36.0323790277611       0.337447984326965       251.838418421431        16.7278350336408        0.337447984326965       0.118028628808301       0.121951038303525       0.0258022159940207      0.0263852980338561      
-3.45856939144062       487.394474580777        -35.6692288885669       0.349487829980723       255.507655898745        16.8492550411895        0.349487829980722       0.121951038303525       0.125819140314789       0.0262073415073393      0.026549346194552       
-3.41021530396306       477.684435706052        -35.3146034063477       0.361658040262437       259.137625321978        16.9685207016463        0.361658040262437       0.125819140314789       0.12963342776257        0.0263852980338561      0.0269708184742559      
-3.36282184074647       468.384127587639        -34.9679419774673       0.373949079560615       262.727720088299        17.0856574057599        0.373949079560615       0.12963342776257        0.133432459621403       0.026549346194552       0.0268501713520046      
-3.31633523298096       459.470775107686        -34.6286090452835       0.386356076161664       266.278988672346        17.2007425121497        0.386356076161664       0.133432459621403       0.137142127145737       0.0269708184742559      0.0271343632811889      
-3.2707352191224        450.927418110988        -34.2962474850565       0.398866420536889       269.789707775807        17.3137616355637        0.398866420536889       0.137142127145737       0.140821015280199       0.0268501713520046      0.0276312783313606      
-3.22597836133865       442.731824926443        -33.9703683958317       0.411475125935104       273.25970012563         17.4247493246956        0.411475125935104       0.140821015280199       0.144498823771904       0.0271343632811889      0.0273489908244161      
-3.18201788975675       434.863002837344        -33.6504980980774       0.424180134862254       276.690370785224        17.533788675495         0.424180134862255       0.144498823771904       0.148074185936091       0.0276312783313606      0.0284378030774508      
-3.13884638486903       427.307885629852        -33.3364852224069       0.436969654840966       280.080868941749        17.6408890221222        0.436969654840967       0.148074185936091       0.151726959780636       0.0273489908244161      0.0280216848873951      
-3.09640510456708       420.043859051363        -33.027835916324        0.449848517294888       283.434160789618        17.7461783300461        0.449848517294889       0.151726959780636       0.155264799444386       0.0284378030774508      0.0292841482524834      
-3.0546955041612        413.059410562621        -32.7245213568652       0.462804937138112       286.748901809609        17.849646800415         0.46280493713811        0.155264799444386       0.15890029827518        0.0280216848873951      0.0290285530526409      
-3.01366149419148       406.33335743509         -32.4261118977251       0.475845913650735       290.028101573207        17.9514190579033        0.475845913650736       0.15890029827518        0.162445178851154       0.0292841482524834      0.0298120133438697      
-2.9732987491104        399.85454680535         -32.1325524225687       0.488962585532285       293.270869564176        18.0514963850084        0.488962585532285       0.162445178851154       0.1660276957107         0.0290285530526409      0.0299892933910488      
-2.93356780705971       393.607172379805        -31.8435205560063       0.502157116073228       296.478963821971        18.1499606311777        0.502157116073228       0.1660276957107         0.169575372146911       0.0298120133438697      0.0303162312813344      
-2.89444870719189       387.579087959781        -31.5588536474035       0.515426602047585       299.652858497718        18.2468523464465        0.515426602047585       0.169575372146911       0.173108014188354       0.0299892933910488      0.0331690657904648      
-2.85591533559602       381.756779486288        -31.2784032306246       0.528773472939429       302.794287160704        18.3422489582174        0.528773472939428       0.173108014188354       0.176916393031224       0.0303162312813344      0.0294253526981184      
-2.81789837118393       376.120400537729        -31.0017297937406       0.542217518012223       305.908605079996        18.4363350503533        0.542217518012224       0.176916393031224       0.180246770054701       0.0331690657904648      0.0345164494496674      
-2.78048376826025       370.678956423088        -30.7294253413351       0.555718967631001       308.989990478962        18.5289560322025        0.555718967631002       0.180246770054701       0.184097985372757       0.0294253526981184      0.0275662748716075      
-2.74351921387058       365.403105366246        -30.4602048694338       0.569316527082025       312.045040398147        18.6203305973202        0.569316527082025       0.184097985372757       0.187130917334241       0.0345164494496674      0.0358218625220965      
-2.70714203201259       360.313514411042        -30.1949570096939       0.582945964310003       315.064963668407        18.710215975605         0.582945964310004       0.187130917334241       0.191018402258873       0.0275662748716075      0.0355726105667715      
-2.67119354868469       355.371720093527        -29.9327532594756       0.596670984753069       318.059991272395        18.7989358821892        0.596670984753069       0.191018402258873       0.19482553904394        0.0358218625220965      0.0371373235083814      
-2.63576405104962       350.57883149155         -29.6747318075867       0.610476624987606       321.03027276159         18.8865111407172        0.610476624987606       0.19482553904394        0.198746368727619       0.0355726105667715      0.0377353308765969      
-2.60084842391639       345.923360082542        -29.4209941210993       0.624366519333957       323.974446436566        18.9729177290089        0.624366519333955       0.198746368727619       0.202675883369722       0.0371373235083814      0.0224285530568895      
-2.56633410032574       341.402994582451        -29.1700567027342       0.638343252055879       326.898446735066        19.0583445338858        0.63834325205588        0.202675883369722       0.204980194311997       0.0377353308765969      0.0278035196091533      
-2.53235636350066       337.044036110169        -28.9218959496921       0.652287047630278       329.774188853542        19.1419895881495        0.652287047630279       0.204980194311997       0.207799282682352       0.0224285530568895      0.0387128137337061      
-2.49877598651658       332.828183500398        -28.6754205518945       0.666240185427365       332.615266036137        19.2242689800661        0.666240185427364       0.207799282682352       0.211674386098824       0.0278035196091533      0.0623561650635897      
-2.46562009845564       328.72446278357         -28.4324530467647       0.680278361116968       335.436208202194        19.30561830148          0.680278361116969       0.211674386098824       0.217839369523195       0.0387128137337061      0.0733375768193673      
-2.43287290914206       324.689447802009        -28.1952416002352       0.694546650590908       338.267952679645        19.3869358268696        0.694546650590908       0.217839369523195       0.225000251177912       0.0623561650635897      0.0529082678063861      
-2.40052491316379       320.704905110287        -27.9645207239165       0.709102186242832       341.118824028757        19.4684595073033        0.709102186242831       0.225000251177912       0.230102543228098       0.0733375768193673      0.0097671898152584      
-2.36858569974126       316.809987204997        -27.738056788789        0.723803203191674       343.962125313135        19.5494281051088        0.723803203191674       0.230102543228098       0.231032914665242       0.0529082678063861      -0.0248987813156736     
-2.33703416111658       313.066990598321        -27.5113797366479       0.73838396007851        346.745466431775        19.6283657108724        0.73838396007851        0.231032914665242       0.228689847730631       0.0097671898152584      -0.0150922929815882     
-2.30585411755559       309.515199410677        -27.2813947042651       0.752644670984513       349.432448137732        19.7042704941998        0.752644670984513       0.228689847730631       0.227286191608492       -0.0248987813156736     0.0571079378837737      
-2.27504913653097       306.123384144133        -27.0495874745156       0.766654373077028       352.036246732857        19.7775475036398        0.766654373077025       0.227286191608492       0.232537006095515       -0.0150922929815882     0.150596536330938       
-2.24456106709963       302.783374274997        -26.8216723657207       0.780828184442811       354.632688621921        19.8503481251847        0.780828184442814       0.232537006095515       0.246226947078134       0.0571079378837737      0.222837104167391       
-2.21443633119409       299.380280463992        -26.6057254535175       0.795665383976702       357.309788715653        19.9251317774996        0.795665383976705       0.246226947078134       0.266250894056315       0.150596536330938       0.218558558837651       
-2.18465741629751       295.844787863431        -26.4062993821148       0.811521349278308       360.126542135829        20.0035147504918        0.811521349278307       0.266250894056315       0.285655863582128       0.222837104167391       0.127616818056132       
-2.15523453930615       292.207918093996        -26.2219000769748       0.828327714553838       363.065875454002        20.0849826557611        0.828327714553841       0.285655863582128       0.296848368682713       0.218558558837651       -0.0133815588759456     
-2.12619059067638       288.59020774844         -26.0450651122148       0.845575525486702       366.037224850806        20.1670034366042        0.845575525486699       0.296848368682713       0.295689028625392       0.127616818056132       -0.157600658265222      
-2.09749516167681       285.139138513441        -25.8652071631759       0.862549179311841       368.91979487168         20.2462560289738        0.862549179311841       0.295689028625392       0.282195255906313       -0.0133815588759456     -0.264185541282412      
-2.06912250382826       281.979325667147        -25.6729097609588       0.878563855703597       371.605265380243        20.3198114979293        0.878563855703594       0.282195255906313       0.259824166726644       -0.157600658265222      -0.312873864900413      
-2.04106257084472       279.181545837529        -25.462472369313        0.893151791981657       374.027246929498        20.3859223466014        0.893151791981656       0.259824166726644       0.23359603544953        -0.264185541282412      -0.316972235505149      
-2.01326425996359       276.757642484168        -25.2318436408502       0.906142869563199       376.172946501225        20.444313159334         0.906142869563198       0.23359603544953        0.207258884967856       -0.312873864900413      -0.290640588636281      
-1.98569394772474       274.682475200164        -24.9819813402013       0.917575404196273       378.062824811134        20.49560453721          0.917575404196269       0.207258884967856       0.183291725633004       -0.316972235505149      -0.251868023167349      
-1.95831158482083       272.908734009515        -24.7152881599195       0.927615925188802       379.731731685511        20.5407922514501        0.927615925188798       0.183291725633004       0.162656993526385       -0.290640588636281      -0.21222171418074       
-1.93108880231828       271.382442496732        -24.4346898539546       0.936472667856586       381.213359901526        20.5808260254681        0.936472667856587       0.162656993526385       0.145368304762038       -0.251868023167349      -0.174968416215787      
-1.90401587726333       270.053737368492        -24.1431084910593       0.944346200164477       382.536331086227        20.6165071695859        0.944346200164478       0.145368304762038       0.131184866751846       -0.21222171418074       -0.145360448291398      
-1.87705921405866       268.880259675754        -23.8427469919795       0.951419031408615       383.726694338404        20.648559119448         0.951419031408616       0.131184866751846       0.119452394444006       -0.174968416215787      -0.120523975254644      
-1.8502154784328        267.830596651635        -23.535627322808        0.957833406112159       384.805638977831        20.6775680650912        0.957833406112156       0.119452394444006       0.109761041398166       -0.145360448291398      -0.101172416256123      
-1.82346327758094       266.879384933454        -23.2231190101078       0.963706715941466       385.790183410046        20.7040034617582        0.963706715941467       0.109761041398166       0.101653016632164       -0.120523975254644      -0.0860738589978293     
-1.79679147861081       266.008064689225        -22.9063427586192       0.969129162030339       386.69425923837         20.7282485522206        0.969129162030337       0.101653016632164       0.0947762964334937      -0.101172416256123      -0.0737895875349        
-1.77020188294008       265.2029655262          -22.5862971264449       0.974169483802944       387.528954044501        20.7506078637738        0.974169483802947       0.0947762964334937      0.0888983991872875      -0.0860738589978293     -0.0637755867720209     
-1.74369037625017       264.454026611973        -22.2637041593018       0.978883485502865       388.304518987794        20.7713616679791        0.978883485502864       0.0888983991872875      0.0838325262078908      -0.0737895875349        -0.0557944918246187     
-1.71724929382793       263.752747978535        -21.9390848664494       0.983316737422045       389.028737442527        20.7907227559294        0.983316737422045       0.0838325262078908      0.0794124564897848      -0.0637755867720209     -0.0490429002468551     
-1.69087848182076       263.092503898305        -21.6129327065056       0.987505287442635       389.707858029148        20.8088618416168        0.987505287442633       0.0794124564897848      0.0755370418931288      -0.0557944918246187     -0.0433588654615536     
-1.66457269927886       262.467280649527        -21.2855870232473       0.991479666075522       390.346457661214        20.8259042130285        0.991479666075519       0.0755370418931288      0.0721189596011783      -0.0490429002468551     -0.0388529382662947     
-1.63832515120255       261.872465910038        -20.9572954424316       0.995265484263651       390.948939898906        20.8419699404539        0.995265484263655       0.0721189596011783      0.0690629542136616      -0.0433588654615536     -0.0347173538149896     
-1.61213787673814       261.304661563749        -20.6283590474883       0.998882935726856       391.519151192865        20.8571637358291        0.998882935726857       0.0690629542136616      0.0663381181189122      -0.0388529382662947     -0.0316548364607636     
-1.58600188731646       260.760725052632        -20.2988945208098       1.00235035438663        392.060407749929        20.8715757737095        1.00235035438662        0.0663381181189122      0.0638588659984671      -0.0347173538149896     -0.0288102340492079     
-1.55992339496347       260.23907669221         -19.9691720978998       1.00568122006717        392.576328235464        20.8853039303149        1.00568122006717        0.0638588659984671      0.0616069364664884      -0.0316548364607636     -0.0263093955972063     
-1.53389676903332       259.737581793174        -19.6392813544693       1.00888829119925        393.06930758331         20.8984132194903        1.00888829119925        0.0616069364664884      0.0595545383152229      -0.0288102340492079     -0.0247184869832116     
-1.50791455089046       259.254836081874        -19.309261948278        1.01198259758323        393.542073681223        20.910977278858         1.01198259758323        0.0595545383152229      0.057629899345223       -0.0263093955972063     -0.0225583197139143     
-1.48199056409353       258.789882155249        -18.9794023928517       1.01497116355142        393.996401709672        20.9230442258629        1.01497116355142        0.057629899345223       0.0558766632653331      -0.0247184869832116     -0.0213394477730161     
-1.45610494156902       258.341162196631        -18.6495450716699       1.01786373365242        394.434149864352        20.9346642322237        1.01786373365242        0.0558766632653331      0.0542210796331724      -0.0225583197139143     -0.0199874339078432     
-1.43026607055484       257.907718920161        -18.319877378286        1.02066579455105        394.856380278743        20.9458662131893        1.02066579455105        0.0542210796331724      0.0526730303966431      -0.0213394477730161     -0.0188632965983499     
-1.40447255185906       257.488742076298        -17.990450372079        1.02338313708773        395.264454946225        20.956686945174         1.02338313708774        0.0526730303966431      0.0512144634760363      -0.0199874339078432     -0.0177701631437285     
-1.37872070435348       257.08311061011         -17.6612756413038       1.02602103112406        395.659017349148        20.9671440684692        1.02602103112405        0.0512144634760363      0.0498426173608322      -0.0188632965983499     -0.0172509652821258     
-1.35300428256455       256.690010226831        -17.3323225556818       1.02858427380877        396.040961644697        20.977261807456         1.02858427380877        0.0498426173608322      0.0485129265249565      -0.0177701631437285     -0.0163088701926752     
-1.32733551929734       256.309085054463        -17.0037881750842       1.03107517384605        396.41090164628         20.9870569014513        1.03107517384605        0.0485129265249565      0.047257747766393       -0.0172509652821258     -0.0159216183775659     
-1.3016993099368        255.939474489554        -16.675511661235        1.03349809545972        396.769439156875        20.9965457253456        1.03349809545973        0.047257747766393       0.0460341638121985      -0.0163088701926752     -0.0155346420018511     
-1.27609977730399       255.580780568364        -16.3475711711347       1.03585495211301        397.116925824974        21.0057379945199        1.03585495211301        0.0460341638121985      0.0448420143219048      -0.0159216183775659     -0.0151669915093384     
-1.25053907215741       255.232881903625        -16.0200142831621       1.03814743215423        397.454041424357        21.0146520690355        1.03814743215422        0.0448420143219048      0.0436796867512636      -0.0155346420018511     -0.0147347140058316     
-1.22501304532172       254.89512222851         -15.6928044687095       1.04037750827564        397.780728203565        21.0232867766401        1.04037750827563        0.0436796867512636      0.0425520005061899      -0.0151669915093384     -0.0146359760600487     
-1.19951535934163       254.567199615774        -15.3658758626444       1.04254720297234        398.097482891889        21.0316555826341        1.04254720297234        0.0425520005061899      0.0414333324698717      -0.0147347140058316     -0.0140299068050194     
-1.1740582532068        254.249073070403        -15.0394012772329       1.04465702567438        398.404620681291        21.0397671269667        1.04465702567437        0.0414333324698717      0.0403623511411092      -0.0146359760600487     -0.013704485319063      
-1.14862834553568       253.94012424246         -14.7132262905584       1.04670978228798        398.702418240012        21.0476290097803        1.04670978228797        0.0403623511411092      0.0393175095894585      -0.0140299068050194     -0.0133319623128848     
-1.12322886271185       253.640065904446        -14.3874104365622       1.04870700714624        398.99117161054         21.0552493220031        1.04870700714623        0.0393175095894585      0.0383022873872771      -0.013704485319063      -0.0128771572759783     
-1.09786305828451       253.34878565899         -14.0620132411784       1.05065026604039        399.27145358044         21.0626434338787        1.05065026604038        0.0383022873872771      0.0373228551057573      -0.0133319623128848     -0.0126152155831544     
-1.07252454975347       253.065721884206        -13.7369682337236       1.05254167720389        399.543329032223        21.0698132943324        1.05254167720388        0.0373228551057573      0.0363644371717416      -0.0128771572759783     -0.0125009261418853     
-1.04721332648171       252.790585202356        -13.4122863921277       1.05438248191555        399.806946945818        21.0767630591348        1.05438248191555        0.0363644371717416      0.0354157586107678      -0.0126152155831544     -0.0124254905816594     
-1.02193225198912       252.523207654732        -13.0880101329951       1.05617323711915        400.062380514614        21.0834948746015        1.05617323711915        0.0354157586107678      0.0344738449260062      -0.0125009261418853     -0.0124789799480634     
-0.996678031680035      252.262920081059        -12.7640975923554       1.05791446967547        400.308889974507        21.0899894624732        1.05791446967546        0.0344738449260062      0.0335288982743557      -0.0124254905816594     -0.0125833477222534     
-0.971449945763418      252.009949415391        -12.4405362116514       1.05960618435214        400.546951378229        21.0962595783715        1.05960618435214        0.0335288982743557      0.0325770489360956      -0.0124789799480634     -0.012600116294628      
-0.946249495990581      251.764553165799        -12.1173407045482       1.06124814633802        400.776998041238        21.1023168301818        1.06124814633803        0.0325770489360956      0.0316248814038394      -0.0125833477222534     -0.0124793658670429     
-0.921073648632611      251.526764576162        -11.7944691715013       1.06284058202516        400.999279285548        21.1081679631777        1.06284058202516        0.0316248814038394      0.0306827492370354      -0.012600116294628      -0.0124216053915937     
-0.895918020225795      251.296721414156        -11.4718661350778       1.06438414053346        401.214367261925        21.113828203387         1.06438414053346        0.0306827492370354      0.0297458571951585      -0.0124793658670429     -0.0120318276458037     
-0.870791030375058      251.074462530392        -11.1496449071765       1.06587912729975        401.42254351372         21.1193051104571        1.06587912729975        0.0297458571951585      0.0288391821217628      -0.0124216053915937     -0.0117330465183709     
-0.845683329032186      250.859837641043        -10.8276948657234       1.0673272891069         401.624325682815        21.1246124404374        1.0673272891069         0.0288391821217628      0.0279557866112132      -0.0120318276458037     -0.0114638033735276     
-0.820595563665073      250.652985645592        -10.5060355810842       1.06872993952829        401.820525287398        21.1297716580026        1.0687299395283         0.0279557866112132      0.0270933625607237      -0.0117330465183709     -0.0111586314272538     
-0.795531025821966      250.454458941209        -10.1847198612701       1.07008819622126        402.012540305953        21.1348196192905        1.07008819622125        0.0270933625607237      0.0262545495981348      -0.0114638033735276     -0.0110790690922773     
-0.770482963254615      250.265053549105        -9.86366861600006       1.07140343150133        402.202255736063        21.1398059419261        1.07140343150133        0.0262545495981348      0.0254223009074105      -0.0111586314272538     -0.0110302801027352     
-0.745452588853369      250.086561874977        -9.54290012078513       1.07267614074825        402.392832067574        21.1448137078989        1.07267614074826        0.0254223009074105      0.0245942589343476      -0.0110790690922773     -0.0112088872755021     
-0.720435982657153      249.921713379898        -9.22236176091608       1.07390660816991        402.588869285727        21.1499637321918        1.07390660816991        0.0245942589343476      0.0237533265198937      -0.0110302801027352     -0.0112988871523309     
-0.695438215706838      249.774810565803        -8.90211190619255       1.07509427993932        402.797205168332        21.1554354761852        1.07509427993932        0.0237533265198937      0.022906095241013       -0.0112088872755021     -0.0115226936771541     
-0.6704498974744        249.652045030447        -8.58202119384867       1.0762390445147         403.027917607064        21.1614932682262        1.0762390445147         0.022906095241013       0.0220424625247043      -0.0112988871523309     -0.0117066033106889     
-0.645471466211419      249.562632330306        -8.26208578323812       1.07734023193257        403.295796294653        21.168524755575         1.07734023193258        0.0220424625247043      0.0211653096077774      -0.0115226936771541     -0.0117917923243273     
-0.620501547497973      249.519729823191        -7.94227995611244       1.07839732637294        403.62211427794         21.1770870486094        1.07839732637294        0.0211653096077774      0.0202818858263839      -0.0117066033106889     -0.011904147180256      
-0.595530472733408      249.541327081442        -7.6224741914841        1.07941029213812        404.036215148268        21.1879477048279        1.07941029213811        0.0202818858263839      0.0193899102110181      -0.0117917923243273     -0.0119354367790529     
-0.570553825119602      249.65166602213         -7.30260892496404       1.08037899894646        404.577625533458        21.2021389259946        1.08037899894647        0.0193899102110181      0.0184951074718309      -0.011904147180256      -0.0119547193646943     
-0.545559546927229      249.882193319651        -6.98252899568064       1.0813036876237         405.297805662058        21.2210012765671        1.08130368762371        0.0184951074718309      0.0175979269975224      -0.0119354367790529     -0.0120047292872827     
-0.520531963249658      250.272270724884        -6.66203433863638       1.08218468846464        406.26122898862         21.2462082627209        1.08218468846465        0.0175979269975224      0.0166954838944313      -0.0119547193646943     -0.0120526209869735     
-0.495455883663959      250.869287104581        -6.340931575739         1.08302218459729        407.545505052551        21.2797636017715        1.08302218459728        0.0166954838944313      0.0157872112299501      -0.0120047292872827     -0.0121109877508599     
-0.47030955774738       251.727482001317        -6.01894305787649       1.08381639344219        409.239557509425        21.3239447442287        1.08381639344218        0.0157872112299501      0.0148713776856605      -0.0120526209869735     -0.0121638352918023     
-0.445064085259727      252.905656538819        -5.69569893323276       1.08456752964136        411.439894716951        21.3811935722585        1.08456752964137        0.0148713776856605      0.0139472098318535      -0.0121109877508599     -0.0122058681569627     
-0.419683654219287      254.463031565362        -5.37074020814388       1.08527577988357        414.243847550455        21.4539260211908        1.08527577988358        0.0139472098318535      0.0130141116146679      -0.0121638352918023     -0.0121917117197094     
-0.394128421886317      256.453438203734        -5.04355595604893       1.08594124005813        417.740047050203        21.5442708819203        1.08594124005814        0.0130141116146679      0.0120748046932117      -0.0122058681569627     -0.0121304235048908     
-0.368351841446963      258.917965010876        -4.71354955261534       1.0865640208178         421.996417686269        21.6537504497558        1.0865640208178         0.0120748046932117      0.0111312858535859      -0.0121917117197094     -0.0119966709928044     
-0.342306473503132      261.876774362714        -4.3801135002525        1.08714413099596        427.046697438868        21.7829366818992        1.08714413099597        0.0111312858535859      0.0101876118634623      -0.0121304235048908     -0.0117959308011627     
-0.315943212015645      265.321203837944        -4.04261971641874       1.0876815310568         432.877459818434        21.9311412232427        1.08768153105681        0.0101876118634623      0.00924768391160181     -0.0119966709928044     -0.0115416866671214     
-0.289214408946325      269.207473315244        -3.70045942918468       1.08817607938802        439.417699281204        22.0961962357829        1.08817607938802        0.00924768391160181     0.00831475350924211     -0.0117959308011627     -0.0112512252315759     
-0.262079127131405      273.453380184218        -3.35311001588399       1.08862744863137        446.533283384354        22.2743819813094        1.08862744863137        0.00831475350924211     0.00739122282142749     -0.0115416866671214     -0.0109435301684148     
-0.234507808519569      277.939050615351        -3.00019416823363       1.08903507926096        454.028064024908        22.4605348710654        1.08903507926097        0.00739122282142749     0.00647851202284254     -0.0112512252315759     -0.0106298715042158     
-0.206484458215417      282.511982816294        -2.64150726299169       1.08939819054574        461.652064331337        22.6483274911401        1.08939819054573        0.00647851202284254     0.00557766479567108     -0.0109435301684148     -0.0103439096448857     
-0.178005352823162      286.996218766556        -2.27700046360991       1.08971583538214        469.116486427066        22.8306929477517        1.08971583538213        0.00557766479567108     0.00468737497767116     -0.0106298715042158     -0.0100836935788487     
-0.149088051920278      291.204025395548        -1.90689605552857       1.08998684889658        476.112837040338        23.000310071348         1.08998684889658        0.00468737497767116     0.00380692476236584     -0.0103439096448857     -0.00986645678899118    
-0.119766242120776      294.949627257523        -1.53162180094074       1.09020999580447        482.335547842433        23.1501271376982        1.09020999580447        0.00380692476236584     0.00293447319897702     -0.0100836935788487     -0.00968771124787999    
-0.0900950543917096     298.061940242934        -1.15187957103362       1.09038402905277        487.502968964064        23.2738042768179        1.09038402905277        0.00293447319897702     0.00206886023913155     -0.00986645678899118    -0.00954576286389306    
-0.0601462985873568     300.396022309645        -0.76858492019089       1.09050786098995        491.37633560817         23.3660802496118        1.09050786098995        0.00206886023913155     0.00120930438428743     -0.00968771124787999    -0.00943732652328452    
-0.0300047005893078     301.84220820202         -0.38281925228669       1.09058070444127        493.774932076603        23.4230402257787        1.09058070444127        0.00120930438428743     0.000355456896898507    -0.00954576286389306    -0.00935960609483338    
0.000235004318726828    302.332441048504        0.00420742875298232     1.09060218484095        494.586631133692        23.4422844718611        1.09060218484094        0.000355456896898507    -0.00049272167863491    -0.00943732652328452    -0.00931560241000703    
0.0304747807776433      301.843681069356        0.3912427638323         1.09057240940806        493.77358579261         23.4230082941399        1.09057240940806        -0.00049272167863491    -0.00133555986568464    -0.00935960609483338    -0.00931181006625908    
0.0606165857904689      300.398819526968        0.777034659098338       1.09049196031444        491.373746373161        23.3660186874767        1.09049196031444        -0.00133555986568464    -0.00217405639289471    -0.00931560241000703    -0.00936097656752323    
0.0905656628489929      298.065794019184        1.16037373108546        1.09036183048183        487.499347156165        23.2737178225703        1.09036183048183        -0.00217405639289471    -0.00301048497175745    -0.00931181006625908    -0.00947654029259702    
0.120237255858064       294.954198308201        1.54017908174635        1.0901832868546         482.331206074795        23.1500229439482        1.09018328685459        -0.00301048497175745    -0.00384846967754918    -0.00936097656752323    -0.00967017407067348    
0.149559520947828       291.208948805636        1.91553489662823        1.08995770130959        476.108154661461        23.0001969716556        1.08995770130959        -0.00384846967754918    -0.0046928268556651     -0.00947654029259702    -0.00995469798647017    
0.178477292737141       287.001140524149        2.28573761950366        1.08968636823614        469.111845746085        22.830580022468         1.08968636823615        -0.0046928268556651     -0.00554963113885555    -0.00967017407067348    -0.0103176048416806     
0.206956852242582       282.516596318723        2.65035592866319        1.08937031493433        461.647790258851        22.6482226493935        1.08937031493433        -0.00554963113885555    -0.00642402793844026    -0.00995469798647017    -0.0107594792382539     
0.234980613181882       277.943134711218        3.00916199571534        1.08901025218023        454.024384835442        22.4604438670755        1.08901025218024        -0.00642402793844026    -0.00732140073789552    -0.0103176048416806     -0.01123740585882       
0.262552282782252       273.456827643281        3.36219749792752        1.08860646715278        446.530306589336        22.2743077355787        1.08860646715278        -0.00732140073789552    -0.00824380792557479    -0.0107594792382539     -0.0117216715123432     
0.289687853376815       269.21030267025         3.70965897680236        1.08815894440844        439.415398166303        22.0961383797236        1.08815894440845        -0.00824380792557479    -0.00919129619369018    -0.01123740585882       -0.0121669891217391     
0.316416893939546       265.323555179935        4.05191574322246        1.08766740711926        432.875674965335        21.9310960096322        1.08766740711925        -0.00919129619369018    -0.0101607993878258     -0.0117216715123432     -0.0125252405251654     
0.342780363138558       261.878891359763        4.38948362963637        1.0871314170606         427.045155393295        21.7828973532829        1.0871314170606         -0.0101607993878258     -0.0111460595125278     -0.0121669891217391     -0.0127528815522704     
0.368825937391179       258.920164796458        4.72296692236753        1.0865505321714         421.99476427425         21.653708029246         1.08655053217141        -0.0111460595125278     -0.0121380027749126     -0.0125252405251654     -0.0128215165565067     
0.394602754758414       256.456071500686        5.05299245188488        1.08592448590142        417.737891401022        21.5442152947793        1.08592448590143        -0.0121380027749126     -0.0131258435639307     -0.0127528815522704     -0.0127470391881251     
0.420158287385692       254.466436987093        5.38017029019087        1.08525330437364        414.240812388644        21.4538474246629        1.08525330437364        -0.0131258435639307     -0.0141003261275055     -0.0128215165565067     -0.0125279265272822     
0.445539112221834       252.910114803699        5.70510353887011        1.0845372674959         411.435667246916        21.3810837280401        1.08453726749589        -0.0141003261275055     -0.0150521736474162     -0.0127470391881251     -0.0122357684857999     
0.47078509537931        251.733176502608        6.02831295510334        1.08377698403233        409.23393421631         21.3237982393254        1.08377698403233        -0.0150521736474162     -0.0159774643105833     -0.0125279265272822     -0.0119169308378201     
0.49593206142397        250.876277877839        6.35026951698199        1.08297318365801        407.538422036454        21.27957868308          1.08297318365802        -0.0159774643105833     -0.0168755366041716     -0.0122357684857999     -0.0116372467822878     
0.521008909723991       250.280487350907        6.6713554769892         1.08212662970966        406.252770388694        21.2459870822362        1.08212662970967        -0.0168755366041716     -0.0177503832024673     -0.0119169308378201     -0.0114329565360621     
0.546037376541591       249.891450441678        6.99185925729549        1.08123796535113        405.288185151305        21.2207494147514        1.08123796535113        -0.0177503832024673     -0.018608437846721      -0.0116372467822878     -0.0113745468119316     
0.57103262826131        249.661701704309        7.3119813881395         1.08030757459103        404.567141154678        21.2018642040604        1.08030757459103        -0.018608437846721      -0.0194612245090866     -0.0114329565360621     -0.0114353317074707     
0.596010311970017       249.551859977884        7.63192397063756        1.07933526488506        404.025184337684        21.1876584710608        1.07933526488508        -0.0194612245090866     -0.0203181078151651     -0.0113745468119316     -0.0115357795481194     
0.6209824603342         249.530525682642        7.95183844998345        1.07832044657628        403.610801832779        21.1767902780583        1.07832044657627        -0.0203181078151651     -0.0211823889003756     -0.0114353317074707     -0.0117464332448058     
0.645953473678041       249.573566360869        8.27177536810368        1.07726245277534        403.2843483687          21.1682243093195        1.07726245277533        -0.0211823889003756     -0.0220625651350675     -0.0115357795481194     -0.0118820130355749     
0.670933017499319       249.663144359784        8.59185160313127        1.07616021186277        403.016313492826        21.1611886216469        1.07616021186278        -0.0220625651350675     -0.0229531694487042     -0.0117464332448058     -0.011932327734264      
0.695922477615864       249.786264714902        8.91207908840296        1.07501304197786        402.785238413181        21.1551212190435        1.07501304197788        -0.0229531694487042     -0.0238479406046976     -0.0118820130355749     -0.0120087063747735     
0.720921441006437       249.933850150725        9.23244975038792        1.07382058198475        402.57616863981         21.1496301160146        1.07382058198476        -0.0238479406046976     -0.0247489236234798     -0.011932327734264      -0.0118456359682209     
0.745939334471548       250.099795012335        9.55308570223302        1.07258231236494        402.37892468449         21.1444483043157        1.07258231236492        -0.0247489236234798     -0.0256382228264984     -0.0120087063747735     -0.0117517184207721     
0.770971127542455       250.279810683079        9.87392770589769        1.07129872024012        402.186661330084        21.1393961158908        1.07129872024012        -0.0256382228264984     -0.026521053679557      -0.0118456359682209     -0.0115567331738868     
0.796020778980941       250.471103059383        10.1950343775584        1.06997004964422        401.994867862337        21.1343550715768        1.06997004964423        -0.026521053679557      -0.0273898513894933     -0.0117517184207721     -0.0115171217916359     
0.821087104443097       250.671743674847        10.5163990118768        1.06859683113078        401.800546417455        21.1292463560571        1.06859683113077        -0.0273898513894933     -0.0282563520697246     -0.0115567331738868     -0.011446553496381      
0.846176869565001       250.880756234674        10.8381152202323        1.06717898723786        401.602007033981        21.1240254747995        1.06717898723784        -0.0282563520697246     -0.0291182492395044     -0.0115171217916359     -0.0114882658273908     
0.871286777365021       251.097404068296        11.160144178641         1.06571668385577        401.398039182685        21.1186604999961        1.06571668385577        -0.0291182492395044     -0.0299840424235699     -0.011446553496381      -0.0117596345729571     
0.896416159854435       251.32140673032         11.4824763940302        1.06420958318094        401.187974251383        21.1131337284371        1.06420958318095        -0.0299840424235699     -0.0308710925214645     -0.0114882658273908     -0.0118550067303573     
0.921574337560054       251.552849794838        11.8052262388802        1.06265639279488        400.971365940383        21.1074332862563        1.06265639279489        -0.0308710925214645     -0.0317661810841346     -0.0117596345729571     -0.0121513998994132     
0.946752857449006       251.791715982992        12.128276785084         1.06105667272434        400.7479205707          21.1015513008115        1.06105667272433        -0.0317661810841346     -0.0326845389209435     -0.0118550067303573     -0.0123913597232026     
0.971956078000373       252.037963943234        12.4516736421335        1.05940911210124        400.516973395359        21.095470113941         1.05940911210125        -0.0326845389209435     -0.0336219700455056     -0.0121513998994132     -0.012550527567349      
0.997187018194659       252.2916991453          12.7754449917184        1.0577125095649         400.278129368051        21.0891791465579        1.0577125095649         -0.0336219700455056     -0.0345724435447253     -0.0123913597232026     -0.0126947682225613     
1.02244417338981        252.552805079233        13.0995618920962        1.05596609377207        400.030798576043        21.0826626659085        1.05596609377206        -0.0345724435447253     -0.0355348835343053     -0.012550527567349      -0.0128510261006556     
1.04772827530541        252.821160476399        13.424025593843         1.05416909967723        399.774382678138        21.0759046906951        1.05416909967724        -0.0355348835343053     -0.0365102497713144     -0.0126947682225613     -0.0129124190054722     
1.07304263680665        253.097478304435        13.7488718821957        1.05232068437671        399.509567375014        21.0689230694303        1.05232068437673        -0.0365102497713144     -0.0374913713373095     -0.0128510261006556     -0.0130093921737372     
1.09838440817809        253.3818986807          14.0740581743747        1.05042048843383        399.236306658707        21.0617163661334        1.05042048843382        -0.0374913713373095     -0.0384809914977686     -0.0129124190054722     -0.0132377448397319     
1.12375361189138        253.674622198325        14.3995784732621        1.04846790124543        398.954548103257        21.0542829663192        1.04846790124541        -0.0384809914977686     -0.039489176957805      -0.0130093921737372     -0.0133835528548465     
1.14915663882205        253.976086978617        14.7255071469068        1.04646167640351        398.664362619071        21.0466245015698        1.0464616764035         -0.039489176957805      -0.040509695147049      -0.0132377448397319     -0.0135377415238698     
1.17459022683341        254.286279510385        15.0517924467829        1.0444011284912         398.36531592071         21.0387292582225        1.0444011284912         -0.040509695147049      -0.0415432580741159     -0.0133835528548465     -0.0140608169895727     
1.20005112330279        254.605389931417        15.3783799773082        1.0422853939571         398.057218722401        21.03059196933          1.04228539395708        -0.0415432580741159     -0.0426181262953288     -0.0135377415238698     -0.0141650205160378     
1.2255526805036         254.933987229293        15.7054253712803        1.04011199821555        397.739848305175        21.0222064680073        1.04011199821555        -0.0426181262953288     -0.043702377622162      -0.0140608169895727     -0.0146669551456433     
1.25108262997125        255.272111578074        16.0327528980187        1.03788042129027        397.412890062463        21.0135641395547        1.03788042129027        -0.043702377622162      -0.04482655755536       -0.0141650205160378     -0.0151262281212026     
1.27664728443572        255.620100746088        16.3604227194163        1.03558837794969        397.075808254465        21.0046504970914        1.0355883779497         -0.04482655755536       -0.0459875436825418     -0.0146669551456433     -0.0155858747976087     
1.30225076784076        255.978659641349        16.6884646862714        1.03323354534367        396.728607050329        20.9954653053762        1.03323354534369        -0.0459875436825418     -0.0471855094152925     -0.0151262281212026     -0.0160000778711764     
1.32789090494453        256.347947631978        17.016825556978         1.03081395725648        396.370563499645        20.9859890694203        1.03081395725648        -0.0471855094152925     -0.0484171097673304     -0.0155858747976087     -0.0169168909584372     
1.35356355149899        256.728374583317        17.345423929768         1.02832760130496        396.001310433277        20.9762116702939        1.02832760130495        -0.0484171097673304     -0.0497212456230664     -0.0160000778711764     -0.0173764040841837     
1.37928379551893        257.120782650867        17.6744201738135        1.02577022081931        395.620262995521        20.9661171892896        1.02577022081931        -0.0497212456230664     -0.0510628904799944     -0.0169168909584372     -0.0184008670153575     
1.40503938247793        257.52548803171         18.0036187387987        1.0231397525032         395.226846132043        20.9556899229473        1.02313975250321        -0.0510628904799944     -0.0524859040161754     -0.0173764040841837     -0.019476661932229      
1.43083653544038        257.943258626495        18.3330525262493        1.02043168283561        394.820210214503        20.9449068381924        1.02043168283561        -0.0524859040161754     -0.0539946012771785     -0.0184008670153575     -0.0208178315664917     
1.4566789079225         258.375178912645        18.6627115742431        1.01764094873269        394.399743296462        20.9337511448873        1.01764094873268        -0.0539946012771785     -0.0556099290586345     -0.019476661932229      -0.0220679294005972     
1.48256786696718        258.822043360565        18.9925449311975        1.01476181656434        393.964090331191        20.922186265918         1.01476181656434        -0.0556099290586345     -0.0573252654667682     -0.0208178315664917     -0.024285007368111      
1.50849499021487        259.284818009077        19.3223636732368        1.01178868956209        393.512169355123        20.9101827760523        1.01178868956211        -0.0573252654667682     -0.0592163720358029     -0.0220679294005972     -0.025950050948992      
1.53448011381624        259.765085375434        19.6523227079678        1.00871161029757        393.042086352211        20.8976895679937        1.00871161029756        -0.0592163720358029     -0.0612409529157472     -0.024285007368111      -0.028519690426233      
1.56050938252865        260.26383912116         19.9821306070378        1.00552326822613        392.552019171281        20.8846572916654        1.00552326822612        -0.0612409529157472     -0.0634703855046499     -0.025950050948992      -0.0314249470643476     
1.58659023033638        260.782517747547        20.3117452589771        1.00221236726938        392.039196681357        20.871011173964         1.00221236726938        -0.0634703855046499     -0.0659318392586399     -0.028519690426233      -0.0345444623275073     
1.61272826701936        261.323286831536        20.6410754753308        0.998765915027284       391.501187535354        20.8566852467914        0.998765915027275       -0.0659318392586399     -0.0686433003347206     -0.0314249470643476     -0.0387378733475619     
1.63891726116862        261.887757470889        20.9698501628198        0.995170209067991       390.934341531977        20.8415808083525        0.995170209067976       -0.0686433003347206     -0.0716904346040071     -0.0345444623275073     -0.0433168718271509     
1.66516618605887        262.47910628561         21.2979519150673        0.991406688933586       390.335312515295        20.825606900995         0.991406688933592       -0.0716904346040071     -0.0751053619206094     -0.0387378733475619     -0.0490902752778899     
1.69147299031026        263.100776239539        21.6250786824985        0.987454869823296       389.700214128033        20.8086577635377        0.987454869823291       -0.0751053619206094     -0.07898464394895       -0.0433168718271509     -0.0559484712415042     
1.71784446442999        263.757435922716        21.950981201577         0.983288779963151       389.024591061985        20.7906119588729        0.983288779963139       -0.07898464394895       -0.083416992231154      -0.0490902752778899     -0.0640497111485975     
1.74428584671834        264.455168160356        22.2753177879989        0.978877453019552       388.30380217            20.7713424957988        0.978877453019538       -0.083416992231154      -0.0885046580859014     -0.0559484712415042     -0.0741985715304999     
1.77079727579801        265.200679737213        22.5975919848562        0.974184347298209       387.531526639258        20.7506767396808        0.974184347298207       -0.0885046580859014     -0.0944150374473687     -0.0640497111485975     -0.0865959447978978     
1.79738633972613        266.002558592365        22.9172785058587        0.969163371071708       386.699904598614        20.7283998578068        0.969163371071703       -0.0944150374473687     -0.101333204145481      -0.0741985715304999     -0.101902136775072      
1.82405645519522        266.870941761236        23.2336430486923        0.963758263436745       385.798613090307        20.7042296561813        0.963758263436739       -0.101333204145481      -0.109499281165256      -0.0865959447978978     -0.121480516032475      
1.85080705228623        267.819689971651        23.545696090809         0.957899299050952       384.816439943832        20.6778582585289        0.957899299050964       -0.109499281165256      -0.119267014873541      -0.101902136775072      -0.146621656353218      
1.87764949329039        268.867550725161        23.8523100310157        0.951495208054317       383.739279174438        20.6488977153863        0.951495208054309       -0.119267014873541      -0.131100678917055      -0.121480516032475      -0.176649091471934      
1.90460482972282        270.040156242092        24.1520961671574        0.944427265960523       382.549929688907        20.616873609549         0.944427265960532       -0.131100678917055      -0.145419652131153      -0.146621656353218      -0.214405158855604      
1.93167636103736        271.369281165349        24.4430103124236        0.936551342403482       381.226896843713        20.5811914362959        0.936551342403492       -0.145419652131153      -0.162885401325576      -0.176649091471934      -0.254502404435733      
1.95889789592724        272.897762544866        24.722822725242         0.927682559953015       379.743742444608        20.5411170973031        0.927682559953023       -0.162885401325576      -0.183735188488999      -0.214405158855604      -0.293482336066147      
1.9862792717381         274.675959488615        24.9885828609417        0.917618060707763       378.07143190348         20.4958378404408        0.91761806070775        -0.183735188488999      -0.207936250772934      -0.254502404435733      -0.31936286499562       
2.0138493860796         276.758197963933        25.2373521259387        0.906148239206682       376.175930656549        20.4443942508712        0.906148239206667       -0.207936250772934      -0.234472275400359      -0.293482336066147      -0.313849209193954      
2.04164833856845        279.191530995186        25.4667451312101        0.893108117774782       374.022334118656        20.3857884626264        0.893108117774768       -0.234472275400359      -0.260783206367323      -0.31936286499562       -0.262784359662998      
2.06970985723734        282.000014799709        25.6758852175952        0.878465532140333       371.590939596913        20.319419818842         0.878465532140322       -0.260783206367323      -0.283036878867071      -0.313849209193954      -0.153186686985983      
2.09808486566007        285.169794707054        25.8669788842603        0.862402078788153       368.896535644431        20.2456177876824        0.862402078788154       -0.283036878867071      -0.296153466206681      -0.262784359662998      -0.00742006222030201    
2.12678117701336        288.627157966676        26.0459194286395        0.845400918754082       366.008496783612        20.1662120274817        0.845400918754082       -0.296153466206681      -0.296796338178973      -0.153186686985983      0.133871258205767       
2.15582672198381        292.245340484825        26.2223048029249        0.828155852113704       363.037033463204        20.0841848633641        0.828155852113717       -0.296796338178973      -0.285054924699553      -0.00742006222030201    0.220855832685364       
2.18524740294679        295.875454109196        26.4067141094979        0.81138441027729        360.103096271873        20.0028635803275        0.811384410277301       -0.285054924699553      -0.265445335781102      0.133871258205767       0.222765368452803       
2.21503214725299        299.401030701334        26.6065144448383        0.795575553339198       357.29421100581         19.9246974326898        0.795575553339207       -0.265445335781102      -0.245427115650065      0.220855832685364       0.146310999667376       
2.24515393639088        302.793418300426        26.8227945446686        0.780786203663849       354.625385353784        19.8501437261459        0.78078620366384        -0.245427115650065      -0.232126627410402      0.222765368452803       0.0534860730816386      
2.27564489413533        306.127688827059        27.0508563512095        0.766637545648874       352.033470026308        19.7774695052029        0.766637545648863       -0.232126627410402      -0.227208872256711      0.146310999667376       -0.0180985351391617     
2.30644584278179        309.51831898806         27.2824629211703        0.752632795579461       349.430456554558        19.7042143420741        0.752632795579472       -0.227208872256711      -0.228892129761095      0.0534860730816386      -0.0243855827734124     
2.33762942435792        313.073509711731        27.5121355904992        0.738359259522603       346.741087210345        19.628241762271         0.738359259522601       -0.228892129761095      -0.231187052675985      -0.0180985351391617     0.0101121735779699      
2.36917976462454        316.819625006779        27.7385090609855        0.723767296997762       343.955525440501        19.5492405490597        0.723767296997764       -0.231187052675985      -0.230223759463934      -0.0243855827734124     0.0556326416333321      
2.40113062127234        320.717449418829        27.9649483462072        0.709057429287079       341.110635318635        19.4682258313567        0.709057429287067       -0.230223759463934      -0.224858551196009      0.0101121735779699      0.0720039528871197      
2.43346614050407        324.699354824115        28.1956562782068        0.694511479097663       338.26114377143         19.3867407085768        0.69451147909765        -0.224858551196009      -0.217827826028009      0.0556326416333321      0.0625226459841545      
2.46622291577958        328.73477358775         28.4330895452607        0.680243666753185       335.429621661914        19.3054287604381        0.680243666753171       -0.217827826028009      -0.211646297665411      0.0720039528871197      0.037845465226522       
2.49937466994707        332.838642423798        28.6761548583464        0.666206758793491       332.609029755577        19.2240887590884        0.666206758793498       -0.211646297665411      -0.207857115288714      0.0625226459841545      0.0252219357457959      
2.53295935215464        337.057195372911        28.9227454469558        0.652245364352758       329.765989805585        19.1417516267331        0.652245364352758       -0.207857115288714      -0.205299407517132      0.037845465226522       0.0266764079264612      
2.56697469274346        341.423845845245        29.1712655806945        0.638276823528158       326.884391704306        19.0579348217862        0.63827682352816        -0.205299407517132      -0.202558484715598      0.0252219357457959      0.0341218425280124      
2.60143902869622        345.942338059016        29.421974948133         0.624311011440392       323.963416460517        18.9725947519784        0.624311011440383       -0.202558484715598      -0.199004713422331      0.0266764079264612      0.0376208446728612      
2.63638913707651        350.605178210359        29.6761572853219        0.610398668253827       321.013400793748        18.8860148373737        0.610398668253833       -0.199004713422331      -0.195032330154573      0.0341218425280124      0.037338687530621       
2.67184381725767        355.405645841813        29.9345921860027        0.596574243848357       318.038781641275        18.7983090741125        0.596574243848366       -0.195032330154573      -0.191036472684123      0.0376208446728612      0.0344262260671635      
2.70774981267693        360.347963228097        30.1967299522343        0.582855121109889       315.045983623522        18.7096523996312        0.58285512110988        -0.191036472684123      -0.187301963543715      0.037338687530621       0.0276092525864644      
2.74411145038519        365.441437047179        30.4621184652986        0.569219861843583       312.024786461873        18.6197262917546        0.569219861843594       -0.187301963543715      -0.184264975688863      0.0344262260671635      0.0343472915506995      
2.78107872331554        370.724136736681        30.7316304604782        0.555609111099921       308.966562113329        18.5282535638392        0.555609111099921       -0.184264975688863      -0.180431856634223      0.0276092525864644      0.0296023520034914      
2.81851273853005        376.175524888608        31.0043672523294        0.542088554850252       305.880669985351        18.4354932425155        0.542088554850263       -0.180431856634223      -0.177080234399927      0.0343472915506995      0.0334217858798286      
2.85654627210303        381.822417634176        31.2814682988822        0.528626766633379       302.762325093142        18.3412808559496        0.528626766633373       -0.177080234399927      -0.173241492444287      0.0296023520034914      0.030046622398396       
2.89508687031192        387.65409559656         31.5622870338474        0.515265741536488       299.617312540827        18.2457700589853        0.515265741536482       -0.173241492444287      -0.169739363041483      0.0334217858798286      0.030517485350481       
2.93421954270009        393.693143540964        31.8473736507876        0.501980336180784       296.439324820144        18.1487472729645        0.501980336180778       -0.169739363041483      -0.166128251471182      0.030046622398396       0.0292514075787169      
2.97395248518783        399.95006973278         32.1367437599633        0.488774364826105       293.228011943694        18.0501773442717        0.488774364826109       -0.166128251471182      -0.162612097908997      0.030517485350481       0.0298524513957614      
3.01433918454868        406.442537208211        32.4308015596179        0.475639895215564       289.980428713292        17.9499436307779        0.475639895215559       -0.162612097908997      -0.158965320047823      0.0292514075787169      0.0286091788767216      
3.05537641579718        413.179042122457        32.729555158871         0.462588801199817       286.697996664474        17.8480623493755        0.46258880119982        -0.158965320047823      -0.155412311667171      0.0298524513957614      0.0289458692127785      
3.09711577279229        420.178770023794        33.0333999657106        0.449615099680921       283.378079352082        17.7444225776277        0.44961509968092        -0.155412311667171      -0.151756407968015      0.0286091788767216      0.0277988176400954      
3.13955830567831        427.453091200847        33.3423616099305        0.43672899230249        280.021736665095        17.6390267010744        0.4367289923025         -0.151756407968015      -0.148184334221102      0.0289458692127785      0.0280945836965758      
3.18276008729966        435.023784813215        33.6568844158677        0.423924920177058       276.626134878096        17.5317532519361        0.423924920177064       -0.148184334221102      -0.144510089048594      0.0277988176400954      0.0273133242646606      
3.22672675431135        442.90368207097         33.9770726895884        0.411213941802215       273.192253414678        17.4225987797036        0.411213941802207       -0.144510089048594      -0.140873047240877      0.0280945836965758      0.0274692314572375      
3.27150985252342        451.114008326939        34.3033963160411        0.398595131650691       269.717771307821        17.3114532193067        0.398595131650699       -0.140873047240877      -0.137147152555117      0.0273133242646606      0.0269062573617947      
3.31712850740366        459.670762368263        34.6361252258887        0.38607853978793        266.203525077515        17.198304990044         0.386078539787926       -0.137147152555117      -0.133428018601113      0.0274692314572375      0.0270709177621509      
3.36363601385855        468.597950009184        34.9758180533828        0.373666433340322       262.648986975777        17.0830971357908        0.373666433340331       -0.133428018601113      -0.129613179233013      0.0269062573617947      0.0266911702871859      
3.4110518216993         477.912394225363        35.3228240997156        0.361371699463668       259.056021143955        16.9658487407286        0.361371699463667       -0.129613179233013      -0.125776735694243      0.0270709177621509      0.0264399645955441      
3.45942695469372        487.636303976564        35.6777571807114        0.349199920008437       255.423837512739        16.846491145133         0.349199920008442       -0.125776735694243      -0.121898723433198      0.0266911702871859      0.0263047167837036      
3.50880668069811        497.791941304995        36.0412203896623        0.337159142085695       251.752655801347        16.7249864906555        0.337159142085687       -0.121898723433198      -0.117959678392116      0.0264399645955441      0.0258817467367009      
3.55922589418655        508.400451417692        36.4137773551353        0.325260633098444       248.04397904348         16.601337932812         0.325260633098447       -0.117959678392116      -0.114000670215763      0.0263047167837036      0.0258714583215371      
3.61074632085261        519.488641582253        36.7962672137336        0.313511063679867       244.298154888092        16.4755089244643        0.31351106367987        -0.114000670215763      -0.109955963088142      0.0258817467367009      0.0263077052541129      
3.66341783898395        531.075828424765        37.1896410140833        0.301925139900962       240.51771569275         16.3475351758385        0.301925139900967       -0.109955963088142      -0.105750415440779      0.0258714583215371      0.0279992786293789      
3.71729190139733        543.168020556516        37.5953212671752        0.290529057712566       236.709139787826        16.2175878391272        0.290529057712558       -0.105750415440779      -0.101171924842634      0.0263077052541129      0.0307455857662059      
3.77240015288596        555.736227706848        38.0154651544187        0.279374959842373       232.888179447829        16.0861631171302        0.279374959842376       -0.101171924842634      -0.0960276506546529     0.0279992786293789      0.0351726933839828      
3.82880747537346        568.710737046991        38.4538843084623        0.268540512306993       229.082809021629        15.9541986470169        0.268540512306991       -0.0960276506546529     -0.090005039288445      0.0307455857662059      0.0399198382286352      
3.88653724169025        581.933948076013        38.9158283557705        0.258147454068873       225.337150698106        15.823230134419         0.258147454068872       -0.090005039288445      -0.0830105631676886     0.0351726933839828      0.0438001095001515      
3.94561430527155        595.17045331834         39.4081171531262        0.248340213144592       221.70713585166         15.6952624080453        0.248340213144589       -0.0830105631676886     -0.0751615401973749     0.0399198382286352      0.0447032958811468      
4.00601939839911        608.135347921294        39.9377000878173        0.239260881376063       218.254499009382        15.5725720065541        0.239260881376057       -0.0751615401973749     -0.0669753657637566     0.0438001095001515      0.0417692613411649      
4.0677272980152         620.569103555075        40.510143271597         0.230997372823793       215.024748865258        15.456920379819         0.230997372823795       -0.0669753657637566     -0.059168315890105      0.0447032958811468      0.0349312084147764      
4.13066903122767        632.315918431988        41.1273987920344        0.223550893542126       212.032182849571        15.3489841447993        0.223550893542131       -0.059168315890105      -0.0525128367651855     0.0417692613411649      0.0255748129752658      
4.19478262483076        643.398205845537        41.7872508059946        0.216818421566038       209.250875144775        15.247982567641         0.216818421566038       -0.0525128367651855     -0.0475513813149829     0.0349312084147764      0.0155268818618566      
4.26002613195615        654.0155872517          42.4838122807785        0.210614390073818       206.61764101168         15.1517377445508        0.210614390073816       -0.0475513813149829     -0.0444867416795049     0.0255748129752658      0.00565488607779748     
4.32636564069434        664.49969599547         43.2086332386458        0.204711096289327       204.045691876736        15.0571390183725        0.204711096289323       -0.0444867416795049     -0.0433512406435859     0.0155268818618566      -0.00508205928777874    
4.39383876259875        675.29989505201         43.9522067485924        0.198858311339219       201.433495166392        14.9604476747631        0.198858311339222       -0.0433512406435859     -0.0443901945420637     0.00565488607779748     -0.0208503208406889     
4.46256996288683        687.072265897665        44.7024771126311        0.192753359123977       198.653230819045        14.8568439455075        0.192753359123983       -0.0443901945420637     -0.0487385834210538     -0.00508205928777874    -0.0513378131135338     
4.5326930328823         701.002168385777        45.4363684503375        0.185908003090591       195.482869930161        14.7378149266196        0.185908003090596       -0.0487385834210538     -0.0597121690103731     -0.0208503208406889     -0.106249055572438      
4.60461659504641        719.877295060472        46.103109835481         0.177290022870206       191.440593157519        14.5846415854152        0.177290022870209       -0.0597121690103731     -0.083232899510629      -0.0513378131135338     -0.161928422180659      
4.67929711843121        750.480132029655        46.5912922967316        0.164775937049765       185.491600488626        14.3562452723787        0.16477593704977        -0.083232899510629      -0.121086790462416      -0.106249055572438      -0.108669166819944      
4.75871297515509        806.92351721913         46.7198949039208        0.145345474105086       175.924021765137        13.9810992162489        0.145345474105086       -0.121086790462416      -0.148614895265991      -0.161928422180659      0.0966715617717266      
4.84613521631936        906.285344454822        46.4212990246277        0.119148814500785       161.974236586841        13.4153409940031        0.119148814500784       -0.148614895265991      -0.121592881342968      -0.108669166819944      0.204551408726374       
4.94441907625069        1032.50417071294        46.1512965764804        0.0953038581534266      147.602446542671        12.8063546093627        0.0953038581534303      -0.121592881342968      -0.0586938177159531     0.0966715617717266      0.115827570620693       
5.05263885783354        1119.36587231923        46.655570281162         0.0827055511365989      138.866657090492        12.4216055989595        0.0827055511366         -0.0586938177159531     -0.0202695598760047     0.204551408726374       0.00186184044695075     
5.16720449811963        1153.38611165358        47.8837082668257        0.0780742628822128      135.074655728902        12.2508346984967        0.0780742628822142      -0.0202695598760047     -0.019614549603544      0.115827570620693       -0.035727277941319      
5.28682322541409        1190.51356520429        49.1697405814401        0.0733586262333475      131.001659483327        12.0647171299587        0.0733586262333454      -0.019614549603544      -0.0329479020853741     0.00186184044695075     -0.00990799845138434    
5.41385061038011        1271.43365425184        50.1680279006711        0.0649204733649812      123.813112029296        11.7290291361645        0.0649204733649806      -0.0329479020853741     -0.0369315934554294     -0.035727277941319      0.014438496420507       
5.5523889587819         1396.36028495975        51.0319397408469        0.0546259700382886      114.416302633301        11.2751596506707        0.0546259700382886      -0.0369315934554294     -0.0305607684769482     -0.00990799845138434    0.0129856971275424      
5.70577521866873        1544.19063719108        52.0564726386627        0.0451993193698834      104.694548667575        10.7855123335568        0.0451993193698861      -0.0305607684769482     -0.0241711628287975     0.014438496420507       0.00642246169043626     
5.87737623708494        1714.99311056331        53.3219491352207        0.0368339896490071      94.7550577239111        10.2607698283809        0.0368339896490058      -0.0241711628287975     -0.020581792226113      0.0129856971275424      0.00651334205108031     
6.07296231196141        1941.42836683363        54.7660063983211        0.0286756953156068      83.5077124865961        9.63256701026933        0.028675695315605       -0.020581792226113      -0.0161274625552436     0.00642246169043626     -0.0194659239030969     
6.3029572607544         2270.12700672396        56.4139381883532        0.0206073806481854      70.1720570209297        8.83000295840706        0.0206073806481868      -0.0161274625552436     -0.032581552936997      0.00651334205108031     -0.0194659239030969     
6.64794968394387        2270.12700672396        56.4139381883532        1e-09                   3.40519051008594e-06    0.00194513367437989     1.00000016185683e-09    -0.032581552936997      -0.032581552936997      -0.0194659239030969     -0.0194659239030969     
