# xp[i]                    V[i]                   up[i]                    p[i]                    e[i]                   cs[i]                  dd1[i]             dd2_left[i]            dd2_right[i]             dd3_left[i]            dd3_right[i]
-132.549309918198       20712.4936802264        -72.0511722688964       1e-09                   3.10687405203396e-05    0.00587544234933654     0.000507827140460729    2.57807789193473e-05    2.57807789193473e-05    -1.20943217880558e-07   -1.20943217880558e-07   
-129.320752612655       20712.4936802264        -72.0511722688964       0.000507827140460729    15.7775496561604        4.18695721605406        0.000507827140460729    2.57807789193473e-05    2.57807789193473e-05    -1.20943217880558e-07   -1.20943217880558e-07   
-127.168381075626       18880.643318046         -70.9488552227144       0.000630309036710623    17.8509601534117        4.45358284647961        0.000630309036710623    2.57807789193473e-05    2.4975439284162e-05     -1.20943217880558e-07   -3.25679330316053e-07   
-125.199881945362       17762.4532068236        -69.840128930591        0.000729420567308317    19.4344480423631        4.64691630634566        0.000729420567308317    2.4975439284162e-05     2.30976833245926e-05    -1.20943217880558e-07   -2.09574702092364e-07   
-123.352532034405       16919.6038893           -68.7703109269924       0.000815002650031654    20.6842830108981        4.79401050048658        0.000815002650031654    2.30976833245926e-05    2.19636556511517e-05    -3.25679330316053e-07   -1.02438357179036e-07   
-121.605283668499       16234.7459981433        -67.7553326547466       0.000891944980653401    21.7207503078402        4.91265376438349        0.000891944980653401    2.19636556511517e-05    2.14378834843288e-05    -2.09574702092364e-07   -1.50435938238645e-08   
-119.94079841062        15648.8905344841        -66.7909641151229       0.000963446155542244    22.6152951359251        5.01279420149915        0.000963446155542244    2.14378834843288e-05    2.13641653299136e-05    -1.02438357179036e-07   5.4038792168375e-08     
-118.346473071712       15129.7856015932        -65.8690227822289       0.00103169259918521     23.413931748634         5.10053719922759        0.00103169259918521     2.13641653299136e-05    2.16183379182528e-05    -1.50435938238645e-08   8.44980879441362e-08    
-116.810738430057       14658.3854498592        -64.9811945726255       0.0010981498690463      24.1456560932897        5.17962419199712        0.0010981498690463      2.16183379182528e-05    2.20013309394032e-05    5.4038792168375e-08     9.38474525750381e-08    
-115.328301850377       14226.2112547718        -64.123633469905        0.00116343957459239     24.8270057554697        5.25219591699719        0.00116343957459239     2.20013309394032e-05    2.24124610763886e-05    8.44980879441362e-08    9.1165745074389e-08     
-113.893840929785       13828.0963716869        -63.2932345666934       0.00122780252978232     25.4672575608464        5.31948802474307        0.00122780252978232     2.24124610763886e-05    2.27994022346552e-05    9.38474525750381e-08    7.76348383338585e-08    
-112.501702019359       13460.2602246078        -62.4870287689346       0.00129131987016378     26.0722522284169        5.38230147266812        0.00129131987016378     2.27994022346552e-05    2.31193478579363e-05    9.1165745074389e-08     6.49918099266401e-08    
-111.14859815478        13120.2176733293        -61.7034496613063       0.00135392383921512     26.6456632254181        5.44116646250478        0.00135392383921512     2.31193478579363e-05    2.33798875739545e-05    7.76348383338585e-08    5.09599192018667e-08    
-109.83122377697        12805.4948334371        -60.9408554192927       0.00141555759607368     27.1903732244312        5.49650123305031        0.00141555759607368     2.33798875739545e-05    2.35789089657562e-05    6.49918099266401e-08    3.4181935481706e-08     
-108.546702296686       12513.6986316258        -60.1978021409665       0.00147616035300462     27.7083386841814        5.54860730115439        0.00147616035300463     2.35789089657562e-05    2.37091470950323e-05    5.09599192018667e-08    1.51524622724582e-08    
-107.29269884469        12243.2168785896        -59.47314650784         0.00153565127455559     28.2019674063998        5.59781380008698        0.00153565127455558     2.37091470950323e-05    2.37655509401965e-05    3.4181935481706e-08     -1.75380377651845e-09   
-106.066833162532       11992.0567502637        -58.765719490877        0.0015939519408514      28.6721431978245        5.64428355829787        0.0015939519408514      2.37655509401965e-05    2.37591645440551e-05    1.51524622724582e-08    -2.81043741482205e-08   
-104.866250726405       11758.6788926667        -58.0740768086024       0.00165101004114726     29.1205453836287        5.688247668427          0.00165101004114726     2.37591645440551e-05    2.36589354099137e-05    -1.75380377651845e-09   -4.74389841349827e-08   
-103.690241999697       11542.0932038785        -57.3979901792308       0.00170668173764497     29.5480195278832        5.72984579275561        0.00170668173764496     2.36589354099137e-05    2.34930601164877e-05    -2.81043741482205e-08   -6.55656125938191e-08   
-102.536654097343       11340.7081993735        -56.7363632092946       0.0017609109421923      29.95496574073          5.76916764078474        0.0017609109421923      2.34930601164877e-05    2.32680190223606e-05    -4.74389841349827e-08   -8.45979440821286e-08   
-101.403223826051       11153.2400836588        -56.0879958429853       0.0018136713004319      30.3424671698379        5.80636309671821        0.0018136713004319      2.32680190223606e-05    2.29826405840785e-05    -6.55656125938191e-08   -9.80809858091337e-08   
-100.288661517482       10978.6519972477        -55.4521994204749       0.00186491892281381     30.7114437849822        5.84156027339939        0.00186491892281381     2.29826405840785e-05    2.26571257759115e-05    -8.45979440821286e-08   -1.07946116677067e-07   
-99.1915354398003       10815.8478112199        -54.8281548391494       0.00191464770564088     31.0628072944697        5.87488130324252        0.00191464770564088     2.26571257759115e-05    2.23043572542305e-05    -9.80809858091337e-08   -1.14073800869911e-07   
-98.1106684128934       10663.7628343183        -54.2151389752066       0.00196287332772975     31.3974234610788        5.90643937307963        0.00196287332772975     2.23043572542305e-05    2.19369813012754e-05    -1.07946116677067e-07   -1.12521490872222e-07   
-97.0452055846023       10521.4551219913        -53.6125623415302       0.00200963232462814     31.7163844729171        5.93636481292466        0.00200963232462813     2.19369813012754e-05    2.15796128230422e-05    -1.14073800869911e-07   -1.0772902112983e-07    
-95.9939689792194       10387.9213710853        -53.0196057256101       0.00205501073413145     32.0209348843405        5.96479811378022        0.00205501073413145     2.15796128230422e-05    2.12419569158002e-05    -1.12521490872222e-07   -9.55353763480396e-08   
-94.9562309058232       10262.2143522938        -52.4356629631688       0.00209910814550989     32.3122466068027        5.99186917662434        0.00209910814550989     2.12419569158002e-05    2.0946258377843e-05     -1.0772902112983e-07    -8.13182703415834e-08   
-93.9310275654051       10143.4630543273        -51.8599628653298       0.00214206234171218     32.5918953348349        6.01774185543925        0.00214206234171218     2.0946258377843e-05     2.06975589402964e-05    -9.55353763480396e-08   -6.18077993108282e-08   
-92.9178005684207       10030.8515591472        -51.2919435617354       0.00218401372037474     32.8612761483299        6.04255980969157        0.00218401372037474     2.06975589402964e-05    2.05106815855405e-05    -8.13182703415834e-08   -4.45890312634153e-08   
-91.9157065610602       9923.51179795061        -50.7308816556592       0.00222512345734471     33.1215583212854        6.06644306559411        0.00222512345734471     2.05106815855405e-05    2.03773470420005e-05    -6.18077993108282e-08   -2.70697425475826e-08   
-90.9245042288201       9820.81297254978        -50.1764080586135       0.00226552437370333     33.37393673834          6.08951163325015        0.00226552437370332     2.03773470420005e-05    2.02972637317135e-05    -4.45890312634153e-08   -1.41987099898658e-08   
-89.9437255487721       9722.1952610759         -49.6280608736448       0.00230534270589344     33.6194878955896        6.11187258953057        0.00230534270589344     2.02972637317135e-05    2.02556923951987e-05    -2.70697425475826e-08   -4.64327762238461e-09   
-88.9729679910566       9627.21796767379        -49.0854627240124       0.00234467590585618     33.8590590138456        6.13361041166218        0.00234467590585618     2.02556923951987e-05    2.02422333209252e-05    -1.41987099898658e-08   -2.97966726372668e-09   
-88.0115930187312       9535.51876116025        -48.5481594675159       0.0023835986215354      34.0932740620897        6.15478802433879        0.0023835986215354      2.02422333209252e-05    2.02336800023078e-05    -4.64327762238461e-09   -6.55715014564862e-09   
-87.0594067123038       9446.8893662967         -48.0160007155803       0.00242213357199484     34.3224418275424        6.17543897023095        0.00242213357199484     2.02336800023078e-05    2.02150344043253e-05    -2.97966726372668e-09   -1.24847288933727e-08   
-86.1161635004518       9361.21159556156        -47.4888557633644       0.00246027472172499     34.5467283799184        6.19558340719136        0.00246027472172498     2.02150344043253e-05    2.0179859650459e-05     -6.55715014564862e-09   -2.55954437656663e-08   
-85.1812933350062       9278.40520034286        -46.9664492499664       0.0024980051579277      34.7662560716995        6.21523719684128        0.00249800515792771     2.0179859650459e-05     2.01083936504267e-05    -1.24847288933727e-08   -3.71443992304999e-08   
-84.2548617523453       9198.45836628969        -46.4488828290503       0.00253526763765647     34.980830718577         6.2343876754103         0.00253526763765647     2.01083936504267e-05    2.00055860995906e-05    -2.55954437656663e-08   -4.73027558224725e-08   
-83.3364333303103       9121.30335275822        -45.9359849470203       0.00257202049631397     35.1902687645872        6.25302315902629        0.00257202049631396     2.00055860995906e-05    1.9875775345469e-05     -3.71443992304999e-08   -6.11672054621257e-08   
-82.4254621303016       9046.88617142351        -45.4275161882807       0.00260823065124892     35.3945487160002        6.27114633469123        0.00260823065124892     1.9875775345469e-05     1.97092975656573e-05    -4.73027558224725e-08   -6.37671055998049e-08   
-81.5221859191617       8975.20702557671        -44.9236585557635       0.00264384503239314     35.5935847639064        6.28875405111788        0.00264384503239313     1.97092975656573e-05    1.95371376705682e-05    -6.11672054621257e-08   -7.28847012360842e-08   
-80.6257419684737       8906.13069658103        -44.4239587336585       0.00267886924431366     35.7875394133631        6.30586494317112        0.00267886924431366     1.95371376705682e-05    1.93418969233243e-05    -6.37671055998049e-08   -6.91328435357119e-08   
-79.7365075941586       8839.59599431023        -43.9286324526346       0.00271327657634721     35.9764031336019        6.3224822071365         0.00271327657634722     1.93418969233243e-05    1.91581065997915e-05    -7.28847012360842e-08   -7.14208811569513e-08   
-78.8536170263046       8775.41369607423        -43.4371828637502       0.00274710347751137     36.1604542216296        6.33863411694328        0.00274710347751138     1.91581065997915e-05    1.896962770271e-05      -6.91328435357119e-08   -6.57914035103146e-08   
-77.9772917967868       8713.46974510409        -42.9497038291812       0.002780355835136       36.3398196751218        6.35433532454827        0.00278035583513601     1.896962770271e-05      1.87972342596038e-05    -7.14208811569513e-08   -6.30157138142804e-08   
-77.1069804004491       8653.5886927365         -42.4658502887583       0.00281307609761949     36.5148052652511        6.36961583223659        0.00281307609761949     1.87972342596038e-05    1.86332451503436e-05    -6.57914035103146e-08   -6.09705169223569e-08   
-76.2425372741797       8595.63046520707        -41.9855006714433       0.0028452936181252      36.6856387596243        6.38449848022748        0.0028452936181252      1.86332451503436e-05    1.84755897461689e-05    -6.30157138142804e-08   -4.86644009512593e-08   
-75.3836662671931       8539.45765901232        -41.5084525158393       0.00287704183758153     36.8525654328517        6.39900733906368        0.00287704183758152     1.84755897461689e-05    1.83505349361235e-05    -6.09705169223569e-08   -6.5515483398034e-08    
-74.5290767342041       8484.8797562904         -41.0339577895087       0.00290838605515422     37.015958944283         6.41317731482809        0.00290838605515422     1.83505349361235e-05    1.81831715837741e-05    -4.86644009512593e-08   -3.98297863074004e-08   
-73.6809628989444       8432.01865438923        -40.5632115715164       0.00293925801750458     37.1758176504926        6.42701050692333        0.00293925801750458     1.81831715837741e-05    1.80820298333377e-05    -6.5515483398034e-08    -6.88995505794042e-08   
-72.8361170072527       8380.51937542909        -40.0944184707928       0.00296978044550099     37.3324538464372        6.4405360237964         0.00296978044550099     1.80820298333377e-05    1.79080880654124e-05    -3.98297863074004e-08   -4.39324084080571e-08   
-71.997926869033        8330.65588813665        -39.6294507479433       0.00299983183912003     37.4858501609777        6.45375430453535        0.00299983183912004     1.79080880654124e-05    1.77978055770388e-05    -6.88995505794042e-08   -6.29798973449738e-08   
-71.1629719072428       8282.04568525958        -39.1664081624305       0.00302953207655455     37.6360845944762        6.46667393422927        0.00302953207655455     1.77978055770388e-05    1.76406481204605e-05    -4.39324084080571e-08   -6.59525684791242e-08   
-70.3335551829477       8234.85470259972        -38.7065686237445       0.00305879414544364     37.7830880293366        6.47929077303104        0.00305879414544364     1.76406481204605e-05    1.74770206721438e-05    -6.29798973449738e-08   -5.00244888603634e-08   
-69.5097706006277       8188.97462078546        -38.2499850738107       0.00308761027292353     37.9265432457709        6.49157943850432        0.00308761027292354     1.74770206721438e-05    1.73536546616285e-05    -6.59525684791242e-08   -7.86169958529166e-08   
-68.6891546819699       8144.35357737178        -37.7952932523621       0.0031160617929764      38.0674635164083        6.50362834769163        0.0031160617929764      1.73536546616285e-05    1.71609046982161e-05    -5.00244888603634e-08   -5.75060275550798e-08   
-67.8751476788592       8101.03561839142        -37.3443985385448       0.00314402650329563     38.2048060325468        6.51534991236906        0.00314402650329563     1.71609046982161e-05    1.70207125542694e-05    -7.86169958529166e-08   -6.95363141501048e-08   
-67.0646591818369       8058.90166805871        -36.8955866472275       0.0031716095420358      38.3395341431148        6.52682789578818        0.00317160954203579     1.70207125542694e-05    1.68521118558145e-05    -5.75060275550798e-08   -6.77357062950972e-08   
-66.2585287247981       8017.91442942576        -36.449318814075        0.00319878179771727     38.4713380987527        6.53803726058795        0.00319878179771728     1.68521118558145e-05    1.66887007409375e-05    -6.95363141501048e-08   -6.74154862528375e-08   
-65.4564887547249       7978.06454372461        -36.0054419637196       0.00322555333876814     38.600509088878         6.54900408788984        0.00322555333876815     1.66887007409375e-05    1.65268904588292e-05    -6.77357062950972e-08   -7.02971102589615e-08   
-64.6583557983491       7939.25349822919        -35.5638488286669       0.00325193206278936     38.7268695082561        6.55971455241564        0.00325193206278936     1.65268904588292e-05    1.6359015468172e-05     -6.74154862528375e-08   -6.87113580890011e-08   
-63.8644430255325       7901.49793651756        -35.1247066946236       0.00327791004280734     38.8505991589986        6.57018511146279        0.00327791004280736     1.6359015468172e-05     1.61957492635532e-05    -7.02971102589615e-08   -6.84369930598453e-08   
-63.0744182211452       7864.70369851068        -34.687825772518        0.00330350084618607     38.9715829845491        6.58040719649789        0.00330350084618607     1.61957492635532e-05    1.60339502932072e-05    -6.87113580890011e-08   -7.35448693058345e-08   
-62.2881929556841       7828.820281431          -34.2531515268956       0.00332870997748242     39.0898082740742        6.59038089221912        0.00332870997748244     1.60339502932072e-05    1.58609172082853e-05    -6.84369930598453e-08   -6.49340450287525e-08   
-61.5061991071217       7793.77835639797        -33.820917385747        0.00335352644941406     39.2049627885772        6.60008104231196        0.00335352644941405     1.58609172082853e-05    1.5708864827867e-05     -7.35448693058345e-08   -7.44255147703408e-08   
-60.7271514341821       7759.42966175374        -33.3904082200639       0.003377993538609       39.3169548910427        6.60950114868678        0.00337799353860901     1.5708864827867e-05     1.55353906160002e-05    -6.49340450287525e-08   -6.92789690748429e-08   
-59.9521728674504       7725.74265595024        -32.9622403212464       0.00340207840471497     39.4253733752904        6.61860789116483        0.00340207840471496     1.55353906160002e-05    1.53746405849831e-05    -7.44255147703408e-08   -6.99576923845455e-08   
-59.1805326110701       7692.63268257915        -32.5360060439747       0.00342580633833546     39.5302047036992        6.62740142671145        0.00342580633833544     1.53746405849831e-05    1.52130498046043e-05    -6.92789690748429e-08   -7.37571239752507e-08   
-58.4121590646708       7660.09506526737        -32.1116625040574       0.00344918159037914     39.6315883195115        6.63589467463059        0.00344918159037914     1.52130498046043e-05    1.50434340769292e-05    -6.99576923845455e-08   -7.09736829372124e-08   
-57.647493693465        7628.20854770659        -31.6894504857883       0.00347219270762305     39.729915137362         6.64412147334954        0.00347219270762306     1.50434340769292e-05    1.48809201490416e-05    -7.37571239752507e-08   -7.11527122789919e-08   
-56.8859075135906       7597.0257059525         -31.2690199905514       0.00349486018588251     39.825814006289         6.65213533021031        0.00349486018588249     1.48809201490416e-05    1.471867551746e-05      -7.09736829372124e-08   -7.540268084617e-08     
-56.1272295677718       7566.64463470238        -30.8502742959913       0.00351718996774656     39.9199898980178        6.65999582065416        0.00351718996774655     1.471867551746e-05      1.45474422814323e-05    -7.11527122789919e-08   -7.31219044237566e-08   
-55.3719608724845       7537.1979782883         -30.4334876767511       0.00353916802562497     40.0131151313447        6.6677595047066         0.00353916802562497     1.45474422814323e-05    1.43820619002339e-05    -7.540268084617e-08     -7.55228096318968e-08   
-54.6196061688331       7508.80743544053        -30.0183846648739       0.00356080920997556     40.1061460080744        6.67550630689658        0.00356080920997555     1.43820619002339e-05    1.42119123745928e-05    -7.31219044237566e-08   -7.54325414380601e-08   
-53.8701153231321       7481.58109861399        -29.604935518581        0.00358211490961037     40.1998248012065        6.68329798836926        0.00358211490961036     1.42119123745928e-05    1.40425744133803e-05    -7.55228096318968e-08   -7.58497065994452e-08   
-53.1231642149639       7455.50396468002        -29.1929593280815       0.00360309409338282     40.2943234474961        6.6911486679955         0.00360309409338283     1.40425744133803e-05    1.38728842274502e-05    -7.54325414380601e-08   -7.89061575547482e-08   
-52.37861743707         7430.44201165654        -28.7823792552873       0.00362375038475058     40.3891006479109        6.69901324805965        0.00362375038475059     1.38728842274502e-05    1.36969399485582e-05    -7.58497065994452e-08   -7.63288584606916e-08   
-51.6367245605558       7406.23056957641        -28.3733306989004       0.00364407722644401     40.4833142285802        6.70682191905958        0.00364407722644401     1.36969399485582e-05    1.35272905531176e-05    -7.89061575547482e-08   -7.94715702770189e-08   
-50.8969719907536       7382.71175878918        -27.9655282947437       0.00366408938688445     40.5763737027097        6.71452601973344        0.00366408938688447     1.35272905531176e-05    1.33512004403174e-05    -7.63288584606916e-08   -7.82213301018425e-08   
-50.1595867439746       7359.8037161378         -27.5590950771576       0.00368378160139328     40.6678642790615        6.72209162877328        0.00368378160139329     1.33512004403174e-05    1.31783832153389e-05    -7.94715702770189e-08   -7.84114520482585e-08   
-49.4242305666108       7337.41649644166        -27.1538425469611       0.00370316393786194     40.7574842500441        6.72949430575285        0.00370316393786193     1.31783832153389e-05    1.3005631590292e-05     -7.82213301018425e-08   -7.97720509392726e-08   
-48.6907933604053       7315.50221251504        -26.7497081102735       0.00372224023510342     40.8450850131174        6.73672233303055        0.00372224023510344     1.3005631590292e-05     1.28303709103721e-05    -7.84114520482585e-08   -7.99485873747663e-08   
-47.9594797990833       7294.04056383441        -26.3468027001562       0.00374100621672708     40.930576641546         6.7437688639667         0.00374100621672707     1.28303709103721e-05    1.26552203018921e-05    -7.97720509392726e-08   -7.96727297384042e-08   
-47.2303003053304       7273.03285674365        -25.9451302855496       0.00375946278175327     41.0140445030946        6.75064149240604        0.00375946278175328     1.26552203018921e-05    1.24811732466784e-05    -7.99485873747663e-08   -8.06825098863193e-08   
-46.5031425523658       7252.46446362347        -25.5446272955623       0.00377761388101134     41.0955156439882        6.75734297256516        0.00377761388101132     1.24811732466784e-05    1.23054199126553e-05    -7.96727297384042e-08   -8.08068094197295e-08   
-45.7780809765879       7232.32849131675        -25.145333103149        0.00379545875654038     41.175006753817         6.76387518396378        0.00379545875654039     1.23054199126553e-05    1.21298855568064e-05    -8.06825098863193e-08   -8.05788811060766e-08   
-45.0550341140378       7212.60091579843        -24.7472012615019       0.00381300053811719     41.252476759746         6.77023524617916        0.00381300053811719     1.21298855568064e-05    1.19553239349322e-05    -8.08068094197295e-08   -8.19386781677497e-08   
-44.3338650818215       7193.26942703602        -24.3501548813951       0.00383024358651911     41.327961133513         6.77642655202685        0.00383024358651912     1.19553239349322e-05    1.1778286609398e-05     -8.05788811060766e-08   -8.08966525151123e-08   
-43.6146692988585       7174.33490050079        -23.9542450131837       0.00384718664696065     41.4015081450456        6.78245351747562        0.00384718664696065     1.1778286609398e-05     1.16039573673843e-05    -8.19386781677497e-08   -8.26253793373068e-08   
-42.8972307198863       7155.78674623889        -23.5593512731083       0.00386383577247385     41.4731772154681        6.78832144327202        0.00386383577247383     1.16039573673843e-05    1.14263657276078e-05    -8.08966525151123e-08   -8.24379641685461e-08   
-42.1817437363526       7137.64539361406        -23.165579238299        0.00388018738479599     41.5431024201727        6.79404170498539        0.00388018738479597     1.14263657276078e-05    1.12496267861464e-05    -8.26253793373068e-08   -8.16436560921563e-08   
-41.4680717470386       7119.90313882689        -22.7728523071406       0.00389624554670623     41.611336346451         6.79961897187801        0.00389624554670625     1.12496267861464e-05    1.10750333283243e-05    -8.24379641685461e-08   -8.47286949158538e-08   
-40.756023660226        7102.56287088435        -22.3810639511915       0.00391201531027552     41.678002039641         6.80506364078666        0.00391201531027552     1.10750333283243e-05    1.08942899663048e-05    -8.16436560921563e-08   -8.20297330180092e-08   
-40.0459875589665       7085.63591584469        -21.9904263138499       0.00392748891981843     41.7431348240214        6.81037891130731        0.00392748891981843     1.08942899663048e-05    1.07197265909139e-05    -8.47286949158538e-08   -8.42681867934538e-08   
-39.3374253273127       7069.10601530542        -21.6006419575858       0.00394267885741435     41.8068222410479        6.81557222192499        0.00394267885741437     1.07197265909139e-05    1.05408228357969e-05    -8.20297330180092e-08   -8.42548599950448e-08   
-38.630570030168        7052.97326694435        -21.2118377219165       0.00395758072697032     41.8690666036438        6.82064403961677        0.00395758072697031     1.05408228357969e-05    1.03623600119143e-05    -8.42681867934538e-08   -8.46212730660721e-08   
-37.925384357267        7037.23631698823        -20.8239916806252       0.00397219602908673     41.9299232311283        6.82559913781513        0.00397219602908674     1.03623600119143e-05    1.01835262947249e-05    -8.42548599950448e-08   -8.40102006236192e-08   
-37.2217666945476       7021.88152531705        -20.4370465316278       0.00398652752795584     41.9893859980815        6.83043727232756        0.00398652752795584     1.01835262947249e-05    1.00063755038928e-05    -8.46212730660721e-08   -8.64642507504932e-08   
-36.5195440312857       7006.90013065318        -20.0509057298768       0.00400057928343404     42.0474892556736        6.83516148355721        0.00400057928343402     1.00063755038928e-05    9.82444402100618e-06    -8.40102006236192e-08   -8.46781165486943e-08   
-35.8190465237317       6992.2960483931         -19.6657494149847       0.00401434532956353     42.1042364771886        6.83977228967851        0.00401434532956351     9.82444402100618e-06    9.6466466018869e-06     -8.64642507504932e-08   -8.59890444511576e-08   
-35.119857042967        6978.05225793435        -19.2813468548788       0.00402783448131445     42.1596592453832        6.84427248348599        0.00402783448131443     9.6466466018869e-06     9.46646805735972e-06    -8.46781165486943e-08   -8.65017929335562e-08   
-34.4220825497818       6964.16519672971        -18.8977555425752       0.00404104515322676     42.2137590217726        6.84866240158313        0.00404104515322677     9.46646805735972e-06    9.28557930644588e-06    -8.59890444511576e-08   -8.66368019129116e-08   
-33.7257754374483       6950.63666227253        -18.5150030236565       0.00405397693903965     42.2665811107445        6.85294592863735        0.00405397693903964     9.28557930644588e-06    9.10476401646749e-06    -8.65017929335562e-08   -8.60880784288812e-08   
-33.0308159532984       6937.45172467403        -18.1330222908759       0.00406663263977424     42.3181014306263        6.85712131296332        0.00406663263977425     9.10476401646749e-06    8.92543799571684e-06    -8.66368019129116e-08   -8.82482610217584e-08   
-32.3370247349191       6924.60440328159        -17.7517136856683       0.00407901596733369     42.3683578926822        6.86119182169478        0.00407901596733369     8.92543799571684e-06    8.74195611967067e-06    -8.60880784288812e-08   -8.67950806848019e-08   
-31.6447274680173       6912.09888494728        -17.3712552017827       0.00409112165648941     42.4173561600061        6.86515809966093        0.00409112165648943     8.74195611967067e-06    8.56182557389964e-06    -8.82482610217584e-08   -8.77883836205282e-08   
-30.9535524971721       6899.92030569178        -16.9914416548605       0.00410295675427239     42.465111933269         6.86902159726057        0.00410295675427237     8.56182557389964e-06    8.37995946161571e-06    -8.67950806848019e-08   -8.84527013775173e-08   
-30.2635795483476       6888.06583687599        -16.6123159850808       0.00411452031053953     42.5116301792395        6.87278288931052        0.0041145203105395      8.37995946161571e-06    8.19703508929233e-06    -8.77883836205282e-08   -8.81088599900162e-08   
-29.5748884344336       6876.5373604979         -16.233921196317        0.00412581150803449     42.556945466057         6.87644493632324        0.00412581150803448     8.19703508929233e-06    8.01513259819099e-06    -8.84527013775173e-08   -8.85348425060205e-08   
-28.8872968841342       6865.32246199901        -15.8561563004507       0.00413683382081107     42.6010472273572        6.88000704354914        0.00413683382081109     8.01513259819099e-06    7.83265254257465e-06    -8.81088599900162e-08   -8.91401556735794e-08   
-28.2007954456987       6854.41563080933        -15.4790152727638       0.00414758780790285     42.6439360509653        6.88346941358347        0.00414758780790287     7.83265254257465e-06    7.64922153711024e-06    -8.85348425060205e-08   -8.9071064591089e-08    
-27.5154523929865       6843.81318311856        -15.1025347775369       0.00415807286725191     42.6856108578993        6.88683210981486        0.0041580728672519      7.64922153711024e-06    7.4662247331825e-06     -8.91401556735794e-08   -8.93342465018279e-08   
-26.8311689784841       6833.49525611026        -14.726659717569        0.00416829100162284     42.7259951785151        6.89008911235028        0.00416829100162288     7.4662247331825e-06     7.28297320016047e-06    -8.9071064591089e-08    -8.97999818218251e-08   
-26.1479165764135       6823.46543756757        -14.3513735347901       0.00417824310386931     42.765146113511         6.89324517299452        0.0041782431038693      7.28297320016047e-06    7.09904554207724e-06    -8.93342465018279e-08   -8.98969333279681e-08   
-25.4657269375512       6813.72811318039        -13.9766928498322       0.00418792921688152     42.8031165616127        6.89630469177456        0.00418792921688151     7.09904554207724e-06    6.91518654107071e-06    -8.97999818218251e-08   -8.96355215920684e-08   
-24.7845092375801       6804.28170946616        -13.6025669895005       0.00419735115110431     42.8399394984987        6.89927045245435        0.00419735115110435     6.91518654107071e-06    6.73212035590693e-06    -8.98969333279681e-08   -9.0810287882301e-08    
-24.1041364279887       6795.12876171678        -13.2289254368057       0.00420651111668936     42.8756770132458        6.90214757346065        0.00420651111668937     6.73212035590693e-06    6.54690882023822e-06    -8.96355215920684e-08   -9.00755877952175e-08   
-23.424827666205        6786.27227155264        -12.8558878377235       0.00421540671779736     42.9103465834574        6.90493757180383        0.00421540671779732     6.54690882023822e-06    6.36343845547643e-06    -9.0810287882301e-08    -9.04772564880223e-08   
-22.7463214365725       6777.70947997085        -12.4833099086833       0.00422404195561729     42.9439938095728        6.90764422052143        0.00422404195561727     6.36343845547643e-06    6.17938439095732e-06    -9.00755877952175e-08   -9.1003782087247e-08    
-22.0686263658436       6769.44730515938        -12.1111957469387       0.00423241718611724     42.9766876723074        6.91027316330206        0.00423241718611726     6.17938439095732e-06    5.99448245141868e-06    -9.04772564880223e-08   -9.06318230048678e-08   
-21.3918221330861       6761.50387549609        -11.7395884701105       0.00424053194309163     43.0085597510685        6.91283506329337        0.00424053194309159     5.99448245141868e-06    5.8105498483655e-06     -9.1003782087247e-08    -9.11902186424996e-08   
-20.7157169680461       6753.90182323897        -11.3683821504832       0.00424838896099414     43.0398029242299        6.91534549022276        0.00424838896099414     5.8105498483655e-06     5.62568193140754e-06    -9.06318230048678e-08   -9.10123571368237e-08   
-20.0403341476445       6746.68995242165        -10.9975889283138       0.00425598826279299     43.0707498753149        6.91783121724937        0.00425598826279297     5.62568193140754e-06    5.44136083962878e-06    -9.11902186424996e-08   -9.18791907496327e-08   
-19.3655585072486       6739.94018652691        -10.6271449226396       0.00426333131122179     43.1018970494734        6.9203321250961         0.00426333131122177     5.44136083962878e-06    5.25546240247189e-06    -9.10123571368237e-08   -9.15319451479589e-08   
-18.6915176111117       6733.7663146986         -10.2571194973686       0.00427041679306025     43.1339831262485        6.92290747576868        0.00427041679306021     5.25546240247189e-06    5.0704266382107e-06     -9.18791907496327e-08   -9.21838031755951e-08   
-18.0179493838404       6728.33092774761        -9.88736811590114       0.00427724734095969     43.1681033547079        6.92564504454342        0.00427724734095966     5.0704266382107e-06     4.88421430672231e-06    -9.15319451479589e-08   -9.27430101987064e-08   
-17.3448572432819       6723.87878859796        -9.51789200940393       0.00428382250356258     43.2058548987345        6.92867270428026        0.00428382250356255     4.88421430672231e-06    4.69698597090359e-06    -9.21838031755951e-08   -9.29273154056152e-08   
-16.672196114601        6720.76096042946        -9.14866581901042       0.00429014209294597     43.2495292394496        6.93217372028986        0.00429014209294594     4.69698597090359e-06    4.50946458074421e-06    -9.27430101987064e-08   -9.38222653084195e-08   
-15.9996979049307       6719.45855557702        -8.77954181799531       0.00429620759124197     43.3022832832587        6.93640022580226        0.00429620759124195     4.50946458074421e-06    4.32016235192431e-06    -9.29273154056152e-08   -9.44533147133028e-08   
-15.3272363989489       6720.62200051454        -8.41045021338608       0.00430201859334626     43.3683612075982        6.94169057279583        0.00430201859334624     4.32016235192431e-06    4.12953600863146e-06    -9.38222653084195e-08   -9.52379249304325e-08   
-14.6544799694122       6725.09542216198        -8.04120852092218       0.00430757582214108     43.4532876631449        6.94848406034206        0.00430757582214105     4.12953600863146e-06    3.93717668219533e-06    -9.44533147133028e-08   -9.63783285574708e-08   
-13.9810000000364       6733.93573187606        -7.67158107453198       0.00431287985889113     43.5639836836133        6.95732896413027        0.00431287985889114     3.93717668219533e-06    3.74223690983382e-06    -9.52379249304325e-08   -9.74989452914342e-08   
-13.3063812250325       6748.41554919721        -7.30133957052771       0.00431793013227919     43.7087802675301        6.96888164689046        0.00431793013227918     3.74223690983382e-06    3.54459295555658e-06    -9.63783285574708e-08   -9.86718203801252e-08   
-12.6300321114282       6769.99085247236        -6.93015898217423       0.00432272628568977     43.8972261177923        6.98388829280909        0.00432272628568974     3.54459295555658e-06    3.34392459360841e-06    -9.74989452914342e-08   -9.97883326324494e-08   
-11.9511690412298       6800.23937798196        -6.55760887177009       0.00432726804016787     44.1396877887486        7.00314911615153        0.00432726804016786     3.34392459360841e-06    3.14007323906588e-06    -9.86718203801252e-08   -1.00850696908887e-07   
-11.2688227067807       6840.74944701737        -6.18315689599426       0.00433155496698455     44.4466233676873        7.02745594615919        0.00433155496698457     3.14007323906588e-06    2.93282020880315e-06    -9.97883326324494e-08   -1.01506380534936e-07   
-10.5819154978313       6892.96426300634        -5.80621127381565       0.0043355859622756      44.8275586457365        7.05750653526178        0.0043355859622756      2.93282020880315e-06    2.72262893738408e-06    -1.00850696908887e-07   -1.01813146817096e-07   
-9.88918951042477       6957.98455130498        -5.42608128347142       0.00433935977924876     45.2897974598506        7.09379991102172        0.00433935977924877     2.72262893738408e-06    2.50982582538159e-06    -1.01506380534936e-07   -1.01490635571376e-07   
-9.18936264903251       7036.3493781022         -5.04206293470457       0.00434287433183513     45.8369716559762        7.13652355889338        0.00434287433183515     2.50982582538159e-06    2.29533242152339e-06    -1.01813146817096e-07   -1.00484540925925e-07   
-8.481107708937         7127.82430807467        -4.65342749998479       0.00434612717151252     46.4676463486362        7.18545184140505        0.00434612717151256     2.29533242152339e-06    2.08024145477463e-06    -1.01490635571376e-07   -9.88043772423949e-08   
-7.76313631553191       7231.23285902288        -4.25946758749569       0.0043491154320897      47.1741996303158        7.23987412646225        0.0043491154320897      2.08024145477463e-06    1.86572656645714e-06    -1.00484540925925e-07   -9.65166502862789e-08   
-7.03434007312956       7344.36818217335        -3.85957460072086       0.00435183565016845     47.9422249247172        7.29857101118029        0.00435183565016843     1.86572656645714e-06    1.65296030832741e-06    -9.88043772423949e-08   -9.37467028905974e-08   
-6.29391601651413       7464.01345907539        -3.45330757385765       0.00435428379598051     48.7506492867487        7.35984973327495        0.00435428379598055     1.65296030832741e-06    1.44300087096919e-06    -9.65166502862789e-08   -9.06083432935257e-08   
-5.54142534714672       7586.07726539924        -3.04042538761695       0.0043564555641655      49.5726127695568        7.42163599586123        0.00435645556416551     1.44300087096919e-06    1.23681622520919e-06    -9.37467028905974e-08   -8.74490969666744e-08   
-4.77675884489752       7705.83953378962        -2.62086776805429       0.00435834678208088     50.3770814029854        7.48161312099243        0.00435834678208086     1.23681622520919e-06    1.03473092561449e-06    -9.06083432935257e-08   -8.43601536582211e-08   
-4.00037892019943       7818.26499205995        -2.19488806647701       0.0043599530073688      51.130901946807         7.53738106202878        0.0043599530073688      1.03473092561449e-06    8.36975289821663e-07    -8.74490969666744e-08   -8.16169829755655e-08   
-3.21318116488013       7918.37124831523        -1.76297725670234       0.00436127012170198     51.8012339067318        7.58662814187142        0.00436127012170198     8.36975289821663e-07    6.43223321106317e-07    -8.43601536582211e-08   -7.93266119092572e-08   
-2.41663708145906       8001.5702991504         -1.32594221451413       0.0043622942158644      52.3578057507242        7.62727603558616        0.00436229421586439     6.43223321106317e-07    4.52944174605431e-07    -8.16169829755655e-08   -7.76116778887174e-08   
-1.61266606266564       8063.97549753408        -0.884835454001299      0.00436302201061462     52.7749538831973        7.65759999268681        0.00436302201061462     4.52944174605431e-07    2.65337063769792e-07    -7.93266119092572e-08   -7.65537032923537e-08   
-0.803534298578783      8102.64653127551        -0.440899657920868      0.00436345105960883     53.0332523887949        7.67631656379216        0.00436345105960882     2.65337063769792e-07    7.94068774585433e-08    -7.76116778887174e-08   -7.61899672835722e-08   
0.00822333101888705     8115.75925477952        0.00447516201901393     0.00436357987372854     53.1206456162731        7.68263884180669        0.00436357987372852     7.94068774585433e-08    -1.0593688887498e-07    -7.65537032923537e-08   -7.654099676495e-08     
0.819983437895968       8102.69706719361        0.449850492315174       0.00436340802200852     53.0330600743463        7.67630264546866        0.00436340802200852     -1.0593688887498e-07    -2.91837334229865e-07   -7.61899672835722e-08   -7.7584632892941e-08    
1.62912256445709        8064.07529667216        0.893787799870529       0.00436293611790995     52.7745680540945        7.65757200090172        0.00436293611790997     -2.91837334229865e-07   -4.79381315510676e-07   -7.654099676495e-08     -7.92828751101276e-08   
2.43310564860714        8001.71721588598        1.33489702720749        0.00436216583221198     52.3572261572403        7.62723381903735        0.004362165832212       -4.79381315510676e-07   -6.6955893577425e-07    -7.7584632892941e-08    -8.15523439839964e-08   
3.22966627290959        7918.56282938209        1.77193545283037        0.00436109978629034     51.8004639944173        7.58657176232507        0.00436109978629032     -6.6955893577425e-07    -8.631620068492e-07     -7.92828751101276e-08   -8.42689449532245e-08   
4.01688482712463        7818.49875428439        2.20385055506721        0.00435974142716252     51.1299493759083        7.53731085083535        0.00435974142716256     -8.631620068492e-07     -1.06070958170926e-06   -8.15523439839964e-08   -8.73253813877905e-08   
4.79328959121217        7706.11288624748        2.62983546875876        0.00435809482233368     50.3759560048109        7.48152955282474        0.00435809482233367     -1.06070958170926e-06   -1.26251596770043e-06   -8.42689449532245e-08   -9.04431550037966e-08   
5.55798471916722        7586.38747310017        3.04939921995202        0.00435616423479753     49.5713246724525        7.42153957316528        0.0043561642347975      -1.26251596770043e-06   -1.46833293435137e-06   -8.73253813877905e-08   -9.35329584049561e-08   
6.31050751147591        7464.35780889248        3.46228844185418        0.00435395424680306     48.7492085725275        7.35974098068732        0.00435395424680306     -1.46833293435137e-06   -1.67782310630252e-06   -9.04431550037966e-08   -9.62449872373452e-08   
7.0509669282345         7344.74417314535        3.86856340476338        0.00435146915901538     47.9406416254499        7.29845049197658        0.00435146915901537     -1.67782310630252e-06   -1.89000112966609e-06   -9.35329584049561e-08   -9.84677668435082e-08   
7.779801573789          7231.63826841022        4.26846525490016        0.00434871340373305     47.1724834031765        7.23974242967068        0.00434871340373302     -1.89000112966609e-06   -2.10379696220315e-06   -9.62449872373452e-08   -1.00077511133486e-07   
8.49781427885287        7128.25719213919        4.66243500859356        0.00434569113204449     46.4658061002174        7.18530955802782        0.00434569113204448     -2.10379696220315e-06   -2.31802947465474e-06   -9.84677668435082e-08   -1.0100972395348e-07    
9.20611331868817        7036.80805040738        5.05108131036929        0.00434240592286411     45.8350154342203        7.13637127165561        0.00434240592286415     -2.31802947465474e-06   -2.53152025347015e-06   -1.00077511133486e-07   -1.01257127592155e-07   
9.90598692360683        6958.46753634088        5.43511157825848        0.00433886075474434     45.2877325598879        7.09363819519433        0.00433886075474438     -2.53152025347015e-06   -2.74317576894979e-06   -1.0100972395348e-07    -1.00876376305521e-07   
10.5987621288789        6893.47022354852        5.81525454673208        0.00433505818815409     44.8253918060856        7.05733596307067        0.00433505818815407     -2.74317576894979e-06   -2.95207770673077e-06   -1.01257127592155e-07   -1.00150903114692e-07   
11.2857208628888        6841.27710016929        6.19221421177152        0.00433100042051122     44.4443609965005        7.02727709212075        0.00433100042051123     -2.95207770673077e-06   -3.15790842146525e-06   -1.00876376305521e-07   -9.90232064980116e-08   
11.968120893758         6800.78742191022        6.56668131669275        0.00432668880559076     44.1373362113721        7.00296256446529        0.00432668880559075     -3.15790842146525e-06   -3.36021299250519e-06   -1.00150903114692e-07   -9.78480642532744e-08   
12.6470397143533        6770.55791054841        6.93924767764006        0.00432212455356869     43.89479187981          6.9836946509399         0.00432212455356868     -3.36021299250519e-06   -3.55922272135348e-06   -9.90232064980116e-08   -9.66230767810279e-08   
13.3234465123027        6749.00013943827        7.31044567482598        0.00431730819442796     43.7062704092884        6.96868155944775        0.00431730819442797     -3.55922272135348e-06   -3.75510812844308e-06   -9.78480642532744e-08   -9.5457205888562e-08    
13.998124746548         6734.536245092          7.68070576708038        0.00431224010474194     43.5614059243859        6.95712312225438        0.00431224010474197     -3.75510812844308e-06   -3.948202020833e-06     -9.66230767810279e-08   -9.4278154455659e-08    
14.6716657412042        6725.71010117095        8.05035298088138        0.00430692073360919     43.4506504244668        6.9482732007046         0.00430692073360917     -3.948202020833e-06     -4.13864025063197e-06   -9.5457205888562e-08    -9.34621020182367e-08   
15.3444845208175        6721.24892209326        8.41961560695661        0.00430135073737265     43.3656735106664        6.94147546840859        0.00430135073737264     -4.13864025063197e-06   -4.32728373681746e-06   -9.4278154455659e-08    -9.28057559817615e-08   
16.0170094730192        6720.09563643452        8.78872930567981        0.00429552960772618     43.299554659584         6.93618167931223        0.0042955296077262      -4.32728373681746e-06   -4.51455275555953e-06   -9.34621020182367e-08   -9.1891240982601e-08    
16.6895720158315        6721.40599641383        9.15787656769961        0.0042894566851244      43.2467698271288        6.9319525730192         0.0042894566851244      -4.51455275555953e-06   -4.70000122448744e-06   -9.28057559817615e-08   -9.16935344799276e-08   
17.3622981594868        6724.52950675552        9.52712719618349        0.0042831324281533      43.2030755916874        6.92844985000953        0.00428313242815326     -4.70000122448744e-06   -4.88512882556579e-06   -9.1891240982601e-08    -9.11260517020968e-08   
18.0354558074418        6728.98499531939        9.89662893041834        0.00427655539496702     43.1653156265778        6.92542141730803        0.00427655539496705     -4.88512882556579e-06   -5.06922240746973e-06   -9.16935344799276e-08   -9.04715589721945e-08   
18.7090898002177        6734.42127766502        10.266407115273         0.00426972580326223     43.1311984489269        6.92268400493197        0.00426972580326222     -5.06922240746973e-06   -5.25213237851134e-06   -9.11260517020968e-08   -9.08204022035032e-08   
19.3831964463634        6740.59342070973        10.6364604769673        0.00426264412105744     43.0991263758401        6.92010969532839        0.00426264412105741     -5.25213237851134e-06   -5.43590642667508e-06   -9.04715589721945e-08   -8.99611504869651e-08   
20.0580375516284        6747.33871829552        11.0069334998598        0.00425530772239313     43.0680038303476        6.91761068500354        0.00425530772239317     -5.43590642667508e-06   -5.61811614483165e-06   -9.08204022035032e-08   -9.01502056877969e-08   
20.7334852484895        6754.54341446483        11.377756743739         0.00424771791239532     43.0370925775112        6.9151277466718         0.00424771791239534     -5.61811614483165e-06   -5.80089307438721e-06   -8.99611504869651e-08   -8.96088131124118e-08   
21.4096544425008        6762.13572325227        11.7489940237793        0.00423987321027234     43.0058971458643        6.91262107757046        0.00423987321027232     -5.80089307438721e-06   -5.98276657312775e-06   -9.01502056877969e-08   -9.00005754205543e-08   
22.0865215971885        6770.06693676824        12.1206331227288        0.00423177356096209     42.9740854034391        6.91006394916856        0.00423177356096213     -5.98276657312775e-06   -6.16564697569388e-06   -8.96088131124118e-08   -8.95004159769028e-08   
22.764278241057         6778.31436932571        12.4927798877271        0.0042234161910665      42.9414639833233        6.90744075322027        0.00422341619106653     -6.16564697569388e-06   -6.34773018353613e-06   -9.00005754205543e-08   -8.91299860412651e-08   
23.4428444125214        6786.85974587661        12.8653910859634        0.00421480150936637     42.9079000511679        6.90474072658038        0.00421480150936633     -6.34773018353613e-06   -6.52929025094777e-06   -8.95004159769028e-08   -8.98974510970009e-08   
24.1222112151519        6795.69605079853        13.2384624976418        0.00420592909034132     42.8733235637567        6.90195814113299        0.00420592909034131     -6.52929025094777e-06   -6.71265535564837e-06   -8.91299860412651e-08   -8.8765872141754e-08    
24.8026399154966        6804.82609059626        13.6121382823471        0.00419679486013077     42.8376887416472        6.89908921055262        0.00419679486013076     -6.71265535564837e-06   -6.89395995979348e-06   -8.98974510970009e-08   -8.90714482562823e-08   
25.4839110747706        6814.24706136563        13.9862986358594        0.00418740111068941     42.8009785699118        6.89613245634519        0.00418740111068943     -6.89395995979348e-06   -7.07614457780033e-06   -8.8765872141754e-08    -8.90246234315139e-08   
26.1661515442287        6823.95664737611        14.361013949619         0.00417774552570855     42.763131526807         6.89308280708575        0.00417774552570853     -7.07614457780033e-06   -7.25849732787641e-06   -8.90714482562823e-08   -8.86152451276846e-08   
26.8494519335167        6833.95658382794        14.7363347466753        0.00416782617373433     42.7241146803632        6.8899374840224         0.00416782617373433     -7.25849732787641e-06   -7.4402863001235e-06    -8.90246234315139e-08   -8.84130352313646e-08   
27.5337802455536        6844.24257181566        15.1122442217556        0.00415764287072523     42.6838745013352        6.88669203781509        0.00415764287072524     -7.4402863001235e-06    -7.6219426419489e-06    -8.86152451276846e-08   -8.85465696777952e-08   
28.2191649414543        6854.81106820076        15.4887587777462        0.00414719456943435     42.642352854811         6.88334163476586        0.00414719456943429     -7.6219426419489e-06    -7.80416275999831e-06   -8.84130352313646e-08   -8.801206316537e-08     
28.905704581734         6865.68198854092        15.8659333299175        0.00413647910285337     42.5996251086544        6.87989220754176        0.00413647910285344     -7.80416275999831e-06   -7.98557487965231e-06   -8.85465696777952e-08   -8.76602075046229e-08   
29.5933305858083        6876.85911567742        16.2437309479219        0.00412549688800145     42.5556913214274        6.87634361185162        0.00412549688800151     -7.98557487965231e-06   -8.16655965226159e-06   -8.801206316537e-08     -8.80788589950107e-08   
30.282052210988         6888.3481017585         16.6221574385214        0.00411424717129104     42.5105500387919        6.87269557652211        0.00411424717129101     -8.16655965226159e-06   -8.3487184369579e-06    -8.76602075046229e-08   -8.74953579288586e-08   
30.9720517222315        6900.16152982416        17.0013136655717        0.00410272628156401     42.4642110831698        6.86894873754911        0.00410272628156406     -8.3487184369579e-06    -8.52998393159909e-06   -8.80788589950107e-08   -8.65853545469405e-08   
31.6632492138452        6912.29772331759        17.3811564351177        0.00409093481567759     42.4166391189732        6.86510007363923        0.0040909348156776      -8.52998393159909e-06   -8.70968449510022e-06   -8.74953579288586e-08   -8.811403414098e-08     
32.3555647073447        6924.75973088158        17.7616425171956        0.00407887349889021     42.3678284287125        6.86114895048866        0.00407887349889028     -8.70968449510022e-06   -8.89289151238571e-06   -8.65853545469405e-08   -8.60435490078138e-08   
33.0493696854002        6937.5626142286         18.1429768515641        0.00406653508225539     42.317762634156         6.85709386403404        0.00406653508225544     -8.89289151238571e-06   -9.07212775195396e-06   -8.811403414098e-08     -8.66718346203367e-08   
33.7443384572372        6950.7024354512         18.5249812648795        0.0040539245775282      42.266435151241         6.85293409596219        0.00405392457752819     -9.07212775195396e-06   -9.2530179941797e-06    -8.60435490078138e-08   -8.66179393697674e-08   
34.4406504215193        6964.18539741106        18.9077552638556        0.00404103804949654     42.2138072620294        6.84866631477573        0.00404103804949657     -9.2530179941797e-06    -9.43415029509631e-06   -8.66718346203367e-08   -8.61860992436129e-08   
35.1384252714097        6978.02664708836        19.2913656428619        0.00402787247151677     42.1599021559765        6.84429220072191        0.00402787247151677     -9.43415029509631e-06   -9.61474123255912e-06   -8.66179393697674e-08   -8.49564031247898e-08   
35.8376105099255        6992.22460210787        19.6757846088959        0.00401442801568335     42.1046735019783        6.83980778660875        0.00401442801568331     -9.61474123255912e-06   -9.79312129087446e-06   -8.61860992436129e-08   -8.68112117989953e-08   
36.5380991242129        7006.78303899158        20.0609544446674        0.00400070603314355     42.0481187655323        6.83521264934037        0.00400070603314354     -9.79312129087446e-06   -9.97577990978906e-06   -8.49564031247898e-08   -8.44353393032512e-08   
37.240308267195         7021.71915712238        20.4471057114315        0.00398669751167277     41.9902054370472        6.83050392130341        0.00398669751167283     -9.97577990978906e-06   -1.01538231958978e-05   -8.68112117989953e-08   -8.51107413058226e-08   
37.9439078892172        7037.02926243124        20.8340581251475        0.00397240818028688     41.9309289105           6.82568099252131        0.00397240818028694     -1.01538231958978e-05   -1.03336861727076e-05   -8.44353393032512e-08   -8.48065270104258e-08   
38.6490711389442        7052.72228991828        21.2219081194585        0.00395783378312792     41.8702538130869        6.82074073959443        0.00395783378312795     -1.03336861727076e-05   -1.05133112641241e-05   -8.51107413058226e-08   -8.48753292782543e-08   
39.3558997637235        7068.81202950178        21.6107128856201        0.00394297136777554     41.8081851547692        6.81568331576921        0.00394297136777555     -1.05133112641241e-05   -1.06934966886967e-05   -8.48065270104258e-08   -8.26910346574785e-08   
40.064431176507         7085.2999566016         22.0004942284063        0.00392781925681193     41.7446664147427        6.81050384942608        0.00392781925681194     -1.06934966886967e-05   -1.08694592034397e-05   -8.48753292782543e-08   -8.54262701456619e-08   
40.7744324003175        7102.18609101912        22.3911251845222        0.00391238167342806     41.6796940556683        6.80520177312656        0.00391238167342805     -1.08694592034397e-05   -1.10516811858102e-05   -8.26910346574785e-08   -8.23827105190523e-08   
41.4864415871714        7119.48675683072        22.782903065089         0.0038966460202986      41.6131796063595        6.79976957177876        0.00389664602029855     -1.10516811858102e-05   -1.12278450075845e-05   -8.54262701456619e-08   -8.32026696169711e-08   
42.2000707527575        7137.19074006061        23.1756156337241        0.00388061991158216     41.5450867479585        6.79420396350681        0.00388061991158212     -1.12278450075845e-05   -1.14062122481827e-05   -8.23827105190523e-08   -8.34095109926581e-08   
42.9155110981915        7155.29522688456        23.5693693574816        0.00386429820284572     41.4752917291208        6.78849449265453        0.00386429820284566     -1.14062122481827e-05   -1.15854771520862e-05   -8.32026696169711e-08   -8.16946282402557e-08   
43.6328993690598        7173.8080130387         23.9642408116884        0.00384767675713451     41.4037415278714        6.78263645297243        0.00384767675713444     -1.15854771520862e-05   -1.17615132540185e-05   -8.34095109926581e-08   -8.27381414202681e-08   
44.3520413340144        7192.70881194792        24.3601244185908        0.00383075909032326     41.3303019981266        6.77661846171793        0.00383075909032325     -1.17615132540185e-05   -1.1940264141192e-05    -8.16946282402557e-08   -8.13745052497772e-08   
45.0731531738305        7212.00835641214        24.7571405710046        0.00381353912730595     41.2549140804527        6.77043524618065        0.00381353912730591     -1.1940264141192e-05    -1.21165350213697e-05   -8.27381414202681e-08   -8.15890094521998e-08   
45.7961396363176        7231.70591346108        25.1552382651081        0.00379601811510487     41.1775299759139        6.76408242737688        0.00379601811510487     -1.21165350213697e-05   -1.22937533927498e-05   -8.13745052497772e-08   -8.14446315402653e-08   
46.5211378259593        7251.81389622541        25.5544944896655        0.00377819171572763     41.0981147800759        6.75755665739194        0.00377819171572769     -1.22937533927498e-05   -1.24711510313321e-05   -8.15890094521998e-08   -8.04100667813736e-08   
47.2482293240069        7272.3564052519         25.9549557562784        0.0037600568466731      41.0167102395215        6.75086087016739        0.00376005684667305     -1.24711510313321e-05   -1.26467923284479e-05   -8.14446315402653e-08   -8.06823259254056e-08   
47.9773392830211        7293.34041193416        26.3565824910915        0.00374161434675403     40.9333006815807        6.74399326821701        0.00374161434675409     -1.26467923284479e-05   -1.28235320046646e-05   -8.04100667813736e-08   -8.03244777531192e-08   
48.7085776828974        7314.78055021009        26.7594370203536        0.00372286042163955     40.8478605050339        6.73695121492355        0.00372286042163953     -1.28235320046646e-05   -1.29999857555096e-05   -8.06823259254056e-08   -7.90809478129637e-08   
49.4419144331521        7336.67486970798        27.1635046106814        0.00370379480240912     40.760307374085         6.72972736562559        0.00370379480240918     -1.29999857555096e-05   -1.31741909729218e-05   -8.03244777531192e-08   -7.88195405476877e-08   
50.1771779360189        7359.04527157211        27.5686926547319        0.00368442104039725     40.6707318537243        6.72232861884137        0.00368442104039725     -1.31741909729218e-05   -1.33483092026086e-05   -7.90809478129637e-08   -7.99691702946896e-08   
50.9144833268491        7381.93976726987        27.9750666451551        0.00366473529731636     40.5792828416658        6.71476671570169        0.00366473529731629     -1.33483092026086e-05   -1.35254823118546e-05   -7.88195405476877e-08   -7.67750643168495e-08   
51.654157600444         7405.44862587352        28.3828090129139        0.00364472795462244     40.4862684348623        6.70706662449409        0.00364472795462243     -1.35254823118546e-05   -1.36961051118918e-05   -7.99691702946896e-08   -7.9315937515843e-08    
52.3959700937948        7429.65376336612        28.7917948786766        0.00362440454012972     40.392106247304         6.69926250064587        0.00362440454012976     -1.36961051118918e-05   -1.38729439763248e-05   -7.67750643168495e-08   -7.61714120914956e-08   
53.1404363882511        7454.71337729181        29.2023108638687        0.00360375040655822     40.2973895462855        6.69140323651553        0.00360375040655828     -1.38729439763248e-05   -1.40433354845437e-05   -7.9315937515843e-08    -7.57453882986491e-08   
53.8873049410929        7480.79188620712        29.6142206748077        0.00358277234741351     40.2029614599873        6.68355872105301        0.00358277234741357     -1.40433354845437e-05   -1.42133577877381e-05   -7.61714120914956e-08   -7.57453599613541e-08   
54.6367192857251        7508.02214827029        30.0276058216128        0.00356146669342402     40.1093562218317        6.67577346511929        0.00356146669342406     -1.42133577877381e-05   -1.43839911170518e-05   -7.57453882986491e-08   -7.33052819535986e-08   
55.3889982161308        7536.41376858427        30.4426444613332        0.00353982480294807     40.0163765749709        6.66803124159272        0.00353982480294807     -1.43839911170518e-05   -1.45497690966144e-05   -7.57453599613541e-08   -7.56317054080225e-08   
56.1441895036123        7565.85390097029        30.8593652237032        0.00351784552554591     39.9232579386936        6.66026842457849        0.00351784552554593     -1.45497690966144e-05   -1.47215017597187e-05   -7.33052819535986e-08   -7.09613096304027e-08   
56.9027824602474        7596.22169962689        31.2780404708872        0.00349551435155467     39.8290529529552        6.65240582654586        0.00349551435155472     -1.47215017597187e-05   -1.48832859782148e-05   -7.56317054080225e-08   -7.13676230865782e-08   
57.6642226452078        7627.38795499096        31.6983666366227        0.00347284708861617     39.7331280798546        6.64439012165355        0.00347284708861613     -1.48832859782148e-05   -1.50466706162765e-05   -7.09613096304027e-08   -7.282525816344e-08     
58.4287517903871        7659.26074903694        32.1204796784365        0.00344983588720474     39.6347889022295        6.63616262126016        0.00344983588720479     -1.50466706162765e-05   -1.52141114984348e-05   -7.13676230865782e-08   -7.15140493814538e-08   
59.1968969177853        7691.77466821074        32.5446734274317        0.00342646351675015     39.5333779195306        6.62766742271707        0.00342646351675015     -1.52141114984348e-05   -1.53792687321131e-05   -7.282525816344e-08     -6.74542386957419e-08   
59.9685369850681        7724.8717614584         32.9708842481663        0.00340273176022978     39.428499729625         6.61887030723731        0.0034027317602298      -1.53792687321131e-05   -1.55357622100574e-05   -7.15140493814538e-08   -7.58246501138841e-08   
60.7433126255945        7758.537898185          33.3989171316561        0.0033786497421752      39.3200731040389        6.60976324202303        0.00337864974217519     -1.55357622100574e-05   -1.57124718315987e-05   -6.74542386957419e-08   -6.32797860260819e-08   
61.5223255323197        7792.87800611082        33.8293847454995        0.00335418077632401     39.2080824005027        6.60034362746051        0.00335418077632407     -1.57124718315987e-05   -1.58606285127749e-05   -7.58246501138841e-08   -7.4832480861207e-08    
62.3041156096273        7827.90190949607        34.2614846419558        0.00332936838889766     39.0929537533018        6.59064604431511        0.00332936838889765     -1.58606285127749e-05   -1.60366679414022e-05   -6.32797860260819e-08   -6.66291810833194e-08   
63.0903250930831        7863.77876770944        34.6961293581561        0.00330415802062844     38.9747515316621        6.58067469790329        0.00330415802062843     -1.60366679414022e-05   -1.61941811209316e-05   -7.4832480861207e-08    -7.14759730352507e-08   
63.8802066244546        7900.55739432959        35.1329111905775        0.00327857077451824     38.8538048631794        6.57045617080135        0.00327857077451818     -1.61941811209316e-05   -1.63640022705119e-05   -6.66291810833194e-08   -6.57009136942546e-08   
64.6742884112501        7938.31613163308        35.5721280174504        0.0032525868028524      38.73009342993          6.55998758721133        0.00325258680285239     -1.63640022705119e-05   -1.65208830168671e-05   -7.14759730352507e-08   -7.16607725441553e-08   
65.4719910526219        7977.08551376804        36.0134654196457        0.00322622244841458     38.6037785361618        6.54928143099699        0.00322622244841458     -1.65208830168671e-05   -1.66928580724762e-05   -6.57009136942546e-08   -6.45848165294378e-08   
66.2741438501391        8016.93330753675        36.4573883307959        0.00319944782024303     38.4746396937483        6.53831780045298        0.00319944782024299     -1.66928580724762e-05   -1.68486457867295e-05   -7.16607725441553e-08   -6.93569045035786e-08   
67.0800498073773        8057.89961934192        36.903516889142         0.00317228420183514     38.3429214936176        6.52711621652469        0.00317228420183514     -1.68486457867295e-05   -1.70168243461122e-05   -6.45848165294378e-08   -6.50269995843747e-08   
67.8905125955739        8100.01283986929        37.3523010062292        0.00314470335751459     38.2082063601723        6.51563984750644        0.00314470335751465     -1.70168243461122e-05   -1.71753484379719e-05   -6.93569045035786e-08   -6.36154336859778e-08   
68.7052781730738        8143.34096729229        37.8036039853473        0.00311671380525523     38.0706948204906        6.50390436759085        0.00311671380525523     -1.71753484379719e-05   -1.73313011523392e-05   -6.50269995843747e-08   -6.3632313512601e-08    
69.5245546150462        8187.89596760773        38.2575432788592        0.00308830992362988     37.9301405556181        6.49188729240992        0.00308830992362989     -1.73313011523392e-05   -1.74882190768792e-05   -6.36154336859778e-08   -6.41960934792771e-08   
70.348991398366         8233.77278769591        38.7144793954318        0.00305947204206232     37.7864964669737        6.47958301701701        0.00305947204206226     -1.74882190768792e-05   -1.764747627399e-05     -6.3632313512601e-08    -5.54549221390341e-08   
71.1788194675509        8280.96944218062        39.1745395648332        0.00303019600763466     37.6394408145605        6.46696226253619        0.00303019600763462     -1.764747627399e-05     -1.77858164710863e-05   -6.41960934792771e-08   -4.90768789330849e-08   
72.0125986283174        8329.52592333928        39.6369237386581        0.00300053798222734     37.4895883603901        6.45407609020929        0.00300053798222734     -1.77858164710863e-05   -1.7908934340603e-05    -5.54549221390341e-08   -6.85605816196609e-08   
72.8502320783247        8379.34550603697        40.1015768144359        0.0029705070281448      37.3363570754045        6.44087270444727        0.0029705070281448      -1.7908934340603e-05    -1.80819385457802e-05   -4.90768789330849e-08   -4.06265468688103e-08   
73.6949259454916        8430.81851520921        40.5702797498569        0.00293999066761344     37.1797916325865        6.42735401170363        0.0029399906676134      -1.80819385457802e-05   -1.81850968328705e-05   -6.85605816196609e-08   -6.47540442353479e-08   
74.543246454093         8483.67770149399        41.0411343280824        0.00290911199911517     37.0199528970629        6.41352329041819        0.00290911199911519     -1.81850968328705e-05   -1.83505272821549e-05   -4.06265468688103e-08   -4.74527468985019e-08   
75.3979527106647        8538.25525577673        41.5156862838155        0.00287776482726451     36.8566359919209        6.39936073126066        0.00287776482726456     -1.83505272821549e-05   -1.84724733336716e-05   -6.47540442353479e-08   -6.23129789083764e-08   
76.256707004912         8594.40294236247        41.992660175605         0.00284602305177995     36.6898033353736        6.38486085599484        0.00284602305177998     -1.84724733336716e-05   -1.86335875542963e-05   -4.74527468985019e-08   -6.04739984709886e-08   
77.1211489530344        8652.34198192805        42.4729974220411        0.00281380866954289     36.5190523208986        6.3699862481012         0.00281380866954287     -1.86335875542963e-05   -1.87909467103812e-05   -6.23129789083764e-08   -6.9060495000374e-08    
77.9911790342309        8712.1791785035         42.9566804530855        0.00278110306461431     36.3442023192075        6.35471848482226        0.00278110306461431     -1.87909467103812e-05   -1.89718876560397e-05   -6.04739984709886e-08   -6.73683717966753e-08   
78.8676728982813        8774.11088279995        43.4442371548444        0.00274784915048879     36.1648997033944        6.3390237334041         0.0027478491504888      -1.89718876560397e-05   -1.91496607017031e-05   -6.9060495000374e-08    -7.36716683575338e-08   
79.7502539759698        8838.23860942399        43.9354971250359        0.0027140393022866      35.9809904234454        6.3228852787531         0.00271403930228666     -1.91496607017031e-05   -1.9345502543057e-05    -6.73683717966753e-08   -6.82501189952501e-08   
80.6397151631386        8904.75772512975        44.4309325557403        0.00267962813030867     35.7921589407617        6.30627191688839        0.00267962813030867     -1.9345502543057e-05    -1.95283109749817e-05   -7.36716683575338e-08   -6.88336482529324e-08   
81.5357488597502        8973.75976317892        44.9303884099354        0.00264462390587984     35.5983293929884        6.28917318298221        0.00264462390587986     -1.95283109749817e-05   -1.97141280586332e-05   -6.82501189952501e-08   -5.76024309108742e-08   
82.439192320581         9045.41103262729        45.4343280166574        0.0026090051683622      35.3992862011276        6.27156601045346        0.00260900516836221     -1.97141280586332e-05   -1.98708806539385e-05   -6.88336482529324e-08   -5.08327566251216e-08   
83.3497957102397        9119.751220907          45.9425862530838        0.00257280944920229     35.1950731732855        6.2534499965384         0.00257280944920225     -1.98708806539385e-05   -2.00103603476054e-05   -5.76024309108742e-08   -3.62327583724196e-08   
84.2682370663146        9196.8632326551         46.4554940696489        0.00253605300797141     34.9855989976149        6.23481256936627        0.00253605300797135     -2.00103603476054e-05   -2.01106291157606e-05   -5.08327566251216e-08   -2.65811626700571e-08   
85.1944920258753        9276.7564070662         46.9729737957621        0.00249879145417325     34.771019448636         6.21566296174752        0.00249879145417322     -2.01106291157606e-05   -2.01848362813413e-05   -3.62327583724196e-08   -1.30121953291459e-08   
86.1291984487702        9359.51649887543        47.4953104199278        0.00246105848797121     34.5514762842959        6.19600913530421        0.00246105848797126     -2.01848362813413e-05   -2.02214902155844e-05   -2.65811626700571e-08   -6.5420584259693e-09    
87.0722744881579        9445.15512776335        48.0223924023717        0.00242291246296476     34.32717611054          6.17586486166018        0.00242291246296481     -2.02214902155844e-05   -2.02400892659481e-05   -1.30121953291459e-08   -3.43577673488661e-09   
88.0242363473775        9533.74726896471        48.5544629545105        0.00238437319877534     34.0980172080256        6.15521614459599        0.00238437319877531     -2.02400892659481e-05   -2.02499499770345e-05   -6.5420584259693e-09    -4.49840408074299e-09   
88.9854474806305        9625.42183622327        49.0917153877192        0.00234544286590503     33.8638154656445        6.13404121509579        0.00234544286590499     -2.02499499770345e-05   -2.02629867915907e-05   -3.43577673488661e-09   -1.39975981159498e-08   
89.9560440007307        9720.37717783248        49.6342635771265        0.00230610204986456     33.6242726028843        6.11230749325438        0.00230610204986452     -2.02629867915907e-05   -2.03039625395377e-05   -4.49840408074299e-09   -2.67588181522916e-08   
90.9366622508807        9818.9724806274         50.1825558764624        0.00226627709560402     33.3787686528182        6.08995244031951        0.002266277095604       -2.03039625395377e-05   -2.03831130297919e-05   -1.39975981159498e-08   -4.42648564756401e-08   
91.9277043030652        9921.64413412265        50.7369651492041        0.00222587135781584     33.1264552508777        6.06689150232433        0.00222587135781583     -2.03831130297919e-05   -2.05154548976835e-05   -2.67588181522916e-08   -6.10065189566042e-08   
92.929630681077         10028.9468923474        51.2979458980678        0.00218475956093        32.8662564136728        6.04301768008821        0.00218475956093005     -2.05154548976835e-05   -2.06998745096099e-05   -4.42648564756401e-08   -8.10878536041504e-08   
93.9426213514816        10141.5023349723        51.8658312899884        0.00214281198860179     32.5969991787177        6.01821302184901        0.00214281198860181     -2.06998745096099e-05   -2.09478211265017e-05   -6.10065189566042e-08   -9.48764598913242e-08   
94.967643741852         10260.1895826545        52.4414148246213        0.0020998627894382      32.3174854757966        5.99235489564241        0.00209986278943818     -2.09478211265017e-05   -2.12414253325172e-05   -8.10878536041504e-08   -1.07192333199978e-07   
96.0051969776414        10385.8126208263        53.0252277370201        0.00205577433471198     32.0263305465337        5.96530063939537        0.00205577433471199     -2.12414253325172e-05   -2.15773387540575e-05   -9.48764598913242e-08   -1.12057535451906e-07   
97.0562447939062        10519.243295489         53.618045294706         0.00201040890712813     31.7219706262484        5.93688757087119        0.00201040890712819     -2.15773387540575e-05   -2.19331684100663e-05   -1.07192333199978e-07   -1.13807769238877e-07   
98.1215099885206        10661.4244386967        54.2204757145494        0.00196366672109151     31.4032265545506        5.90698518277308        0.00196366672109153     -2.19331684100663e-05   -2.22996179023402e-05   -1.12057535451906e-07   -1.07940576021768e-07   
99.2021692457371        10813.3587275355        54.8333419986557        0.00191546069535555     31.0688454410612        5.87545227016243        0.00191546069535556     -2.22996179023402e-05   -2.26522976782195e-05   -1.13807769238877e-07   -9.84188163118468e-08   
100.299069997014        10975.9974418161        55.4572328507488        0.00186575274198355     30.7177459846091        5.84215960683957        0.00186575274198351     -2.26522976782195e-05   -2.29788643317403e-05   -1.07940576021768e-07   -8.53915154978525e-08   
101.413387283353        11150.4132806717        56.0928720743771        0.00181452475798769     30.3490514393604        5.80699304855413        0.00181452475798768     -2.29788643317403e-05   -2.32668524685119e-05   -9.84188163118468e-08   -6.695409161e-08        
102.546556554739        11337.7079760138        56.7410815202873        0.00176177990927894     29.961819194119         5.7698275724399         0.00176177990927894     -2.32668524685119e-05   -2.34965851594519e-05   -8.53915154978525e-08   -4.73794424222455e-08   
103.699805668734        11538.9180916801        57.4025145105699        0.00170756262197231     29.5551378470295        5.73053593063119        0.00170756262197235     -2.34965851594519e-05   -2.36621752137139e-05   -6.695409161e-08        -2.91456589106112e-08   
104.875045990104        11755.2841080916        58.0781690314835        0.00165191468368787     29.1280896436188        5.68898444790151        0.00165191468368786     -2.36621752137139e-05   -2.37660621998141e-05   -4.73794424222455e-08   -4.02659151531804e-09   
106.074851540827        11988.4243881606        58.769384603537         0.00159487228129902     28.6800086296898        5.64505768395779        0.00159487228129903     -2.37660621998141e-05   -2.37807171287806e-05   -2.91456589106112e-08   1.60329633461118e-08    
107.300324371079        12239.4721303464        59.4766195235737        0.00153656162748766     28.2100548242925        5.59861637909984        0.00153656162748767     -2.37807171287806e-05   -2.37210653376373e-05   -4.02659151531804e-09   3.34401987426071e-08    
108.553601368555        12509.8099989214        60.200907469081         0.00147707079442083     27.7168124897409        5.54945567798629        0.00147707079442086     -2.37210653376373e-05   -2.35937165621935e-05   1.60329633461118e-08    5.04325919791203e-08    
109.837439743334        12801.5065459236        60.9436376326377        0.00141646138597823     27.1992595569725        5.49739934039244        0.00141646138597822     -2.35937165621935e-05   -2.3396850474834e-05    3.34401987426071e-08    6.47335956529926e-08    
111.154244456937        13116.2251946112        61.7059953762694        0.00135481089127998     26.6550071192102        5.442120411834          0.00135481089127995     -2.3396850474834e-05    -2.31374601043307e-05   5.04325919791203e-08    7.71459298984203e-08    
112.506779019851        13456.3784218958        62.4893594883063        0.00129218420685692     26.0821795173959        5.38332605958186        0.00129218420685694     -2.31374601043307e-05   -2.28196627218198e-05   6.47335956529926e-08    9.09497136642087e-08    
113.898350229326        13824.5044370863        63.2953723772355        0.00122863687781118     25.4779439533029        5.32060397086468        0.00122863687781117     -2.28196627218198e-05   -2.24337999285042e-05   7.71459298984203e-08    9.40407574443354e-08    
115.33219719884         14223.1702011998        64.1255714589781        0.0011642397121018      24.8387693703296        5.25344007615006        0.00116423971210181     -2.24337999285042e-05   -2.20219899434472e-05   9.09497136642087e-08    8.52181387845524e-08    
116.814016121212        14656.2601925083        64.982944492134         0.00109891479361692     24.1589717169691        5.18105220083174        0.0010989147936169      -2.20219899434472e-05   -2.16358802072698e-05   9.40407574443354e-08    5.60151907510997e-08    
118.349230273093        15129.1003236193        65.8706380954671        0.00103242758511879     23.4295507682013        5.10223815466216        0.00103242758511879     -2.16358802072698e-05   -2.13725022043907e-05   8.52181387845524e-08    -1.25326713106919e-08   
119.942996785357        15650.3287307966        66.7923904140514        0.000964176922299338    22.6345286829485        5.01492535481708        0.00096417692229937     -2.13725022043907e-05   -2.14339000180363e-05   5.60151907510997e-08    -9.94323582378551e-08   
121.60702287178         16239.3650113166        67.756562832744         0.000892704936116042    21.7454419574887        4.91544526721511        0.000892704936116048    -2.14339000180363e-05   -2.19442595721197e-05   -1.25326713106919e-08   -2.05396204855995e-07   
123.354264518497        16929.3124802243        68.7715333118019        0.000815815876500855    20.7168028494165        4.79777759308255        0.000815815876500848    -2.19442595721197e-05   -2.30569456035028e-05   -9.94323582378551e-08   -3.39954242718965e-07   
125.203424671759        17781.3300725237        69.8423673782333        0.000730236958980419    19.4768765981802        4.65198602727674        0.000730236958980436    -2.30569456035028e-05   -2.50203052885948e-05   -2.05396204855995e-07   -1.16850551833891e-07   
127.18112848772         18920.4135124339        70.9562381139962        0.000630727110048485    17.9004266034296        4.45974919616558        0.000630727110048461    -2.50203052885948e-05   -2.57990397915502e-05   -3.39954242718965e-07   -7.54262421596708e-06   
129.330888020623        20682.2602177493        72.0567076058957        0.00050815764979615     15.7647731170859        4.18526158973843        0.000508157649796149    -2.57990397915502e-05   -8.59557701506876e-05   -1.16850551833891e-07   -7.54262421596708e-06   
132.555527319979        20682.2602177493        72.0567076058957        1e-09                   3.1023390326624e-05     0.0058711526718566      1.00000001053671e-09    -8.59557701506876e-05   -8.59557701506876e-05   -7.54262421596708e-06   -7.54262421596708e-06   
