x                       V                     vel                       p                      cs                  dd1[i]             dd2_left[i]            dd2_right[i]             dd3_left[i]            dd3_right[i]
-89.4743030527165       15591.3316719754        -70.7890564695222       1e-09                   4.60750694369603        0.000816958577349697    9.5958905621559e-05     9.5958905621559e-05     -2.66484360621488e-07   -2.66484360621488e-07   
-87.1211443019198       15591.3316719754        -70.7890564695222       0.000816958577349697    4.60750694369603        0.000816958577349697    9.5958905621559e-05     9.5958905621559e-05     -2.66484360621488e-07   -2.66484360621488e-07   
-85.5523718013887       13216.8621180915        -69.9577516583212       0.00114579491244733     5.02391171854282        0.00114579491244733     9.5958905621559e-05     9.46983339382646e-05    -2.66484360621488e-07   -3.58449587928099e-06   
-84.189384737004        11998.6259872912        -69.0660421080625       0.00140805362415398     5.3063968953006         0.00140805362415398     9.46983339382646e-05    8.04574130314723e-05    -2.66484360621488e-07   -2.4521339282785e-06    
-82.9453071695108       11274.8466400657        -68.1189998692768       0.00160976371873073     5.49997561440516        0.00160976371873073     8.04574130314723e-05    7.15321051684198e-05    -3.58449587928099e-06   -1.07033210634848e-06   
-81.7823658437792       10763.7071040299        -67.164458778449        0.00177688276262142     5.64591970881869        0.00177688276262142     7.15321051684198e-05    6.78774634207467e-05    -2.4521339282785e-06    -2.93839887509147e-07   
-80.679765581055        10350.8939729615        -66.2285132998872       0.0019269587345609      5.76566641879784        0.0019269587345609      6.78774634207467e-05    6.69239948061543e-05    -1.07033210634848e-06   8.60790186624517e-08    
-79.6259398342647       9993.61490301568        -65.3207735585036       0.00206830802608803     5.86939433467376        0.00206830802608803     6.69239948061543e-05    6.71915379802012e-05    -2.93839887509147e-07   2.05830257473341e-07    
-78.6120178263896       9674.01606551881        -64.4418437541719       0.00220470001718117     5.96214494202942        0.00220470001718117     6.71915379802012e-05    6.78073983404001e-05    8.60790186624517e-08    2.33824003394462e-07    
-77.6338909183038       9384.74531846289        -63.591738544076        0.00233748080183545     6.04657782165832        0.00233748080183545     6.78073983404001e-05    6.84832654714229e-05    2.05830257473341e-07    2.10890443394752e-07    
-76.6876567958218       9121.18143035643        -62.7687888823129       0.00246722033626127     6.12426380823362        0.00246722033626127     6.84832654714229e-05    6.90737717527276e-05    2.33824003394462e-07    1.25132602844318e-07    
-75.7693107080379       8879.94390643923        -61.9705172515985       0.00259416973084776     6.19624640322815        0.00259416973084776     6.90737717527276e-05    6.94140248768538e-05    2.10890443394752e-07    2.65187871161421e-08    
-74.8764743724518       8658.88495551068        -61.1955726474595       0.0027182022063127      6.26319942072699        0.0027182022063127      6.94140248768538e-05    6.94841930897068e-05    1.25132602844318e-07    -8.58111638888213e-08   
-74.0067924078154       8456.13327436292        -60.4424690285343       0.0028391318021382      6.32561945614325        0.0028391318021382      6.94841930897068e-05    6.92628639954181e-05    2.65187871161421e-08    -2.03944892659787e-07   
-73.1582126434848       8269.96945208829        -59.709859819787        0.00295674003595143     6.38385330020001        0.00295674003595142     6.92628639954181e-05    6.87492726967228e-05    -8.58111638888213e-08   -3.15119191407439e-07   
-72.3290572914598       8099.16715676442        -58.9966059395513       0.00307080565404196     6.43829277293589        0.00307080565404196     6.87492726967228e-05    6.79732318192307e-05    -2.03944892659787e-07   -3.95339662107947e-07   
-71.5176401293374       7942.1868925642         -58.301447084957        0.00318118211245144     6.48916312996413        0.00318118211245144     6.79732318192307e-05    6.70197281718269e-05    -3.15119191407439e-07   -4.91843628534368e-07   
-70.7219849473191       7797.73842850562        -57.6227738999383       0.00328784890628806     6.53679148661413        0.00328784890628806     6.70197281718269e-05    6.58564698668031e-05    -3.95339662107947e-07   -5.3353737720383e-07    
-69.9415663537818       7664.84355516127        -56.9601147130058       0.00339068784542603     6.5814248558066         0.00339068784542603     6.58564698668031e-05    6.46175722482713e-05    -4.91843628534368e-07   -5.45523164367581e-07   
-69.174935380674        7542.12037092136        -56.3121093880281       0.00348981170358423     6.62326454505661        0.00348981170358423     6.46175722482713e-05    6.33723605795927e-05    -5.3353737720383e-07    -5.37361620351448e-07   
-68.420600372664        7428.38655067142        -55.6772732655738       0.0035854454197086      6.66259140449243        0.0035854454197086      6.33723605795927e-05    6.21651116412471e-05    -5.45523164367581e-07   -4.8666107919211e-07    
-67.6777491184566       7322.61841822035        -55.0546098117313       0.00367783147500036     6.6996711981445         0.00367783147500036     6.21651116412471e-05    6.10879281476768e-05    -5.37361620351448e-07   -4.09499091018185e-07   
-66.9455067546514       7223.7731219357         -54.4429971165497       0.0037673144784919      6.7347636770725         0.0037673144784919      6.10879281476768e-05    6.01942430840736e-05    -4.8666107919211e-07    -3.17463025059216e-07   
-66.2231966933028       7130.86782659032        -53.8414322148907       0.00385428547708388     6.76811154151483        0.00385428547708388     6.01942430840736e-05    5.95106729562994e-05    -4.09499091018185e-07   -2.09183069270608e-07   
-65.5103808937769       7043.06882537662        -53.2490971260421       0.00393914480004771     6.79995930623368        0.00393914480004771     5.95106729562994e-05    5.90660225621338e-05    -3.17463025059216e-07   -1.17233446720006e-07   
-64.8064199038361       6959.60003840482        -52.6650312223986       0.00402231501645284     6.83053240274644        0.00402231501645283     5.90660225621338e-05    5.88198887601672e-05    -2.09183069270608e-07   -3.58637164204913e-08   
-64.110979691315        6879.83436690321        -52.0885891959828       0.00410414114039551     6.86000622744061        0.0041041411403955      5.88198887601672e-05    5.87454836880588e-05    -1.17233446720006e-07   7.48393553131178e-09    
-63.4235606951533       6803.31484227134        -51.5190782251217       0.0041849138841074      6.8885517032943         0.0041849138841074      5.87454836880588e-05    5.87608328545476e-05    -3.58637164204913e-08   2.90347705917591e-08    
-62.7439170799374       6729.72364938993        -50.9561198684055       0.00426480034777194     6.91627642597846        0.00426480034777194     5.87608328545476e-05    5.88197223372297e-05    7.48393553131178e-09    6.75271775382475e-09    
-62.071585478654        6658.78188316765        -50.3992583597675       0.00434389573893901     6.94322862564867        0.00434389573893902     5.88197223372297e-05    5.88332706274693e-05    2.90347705917591e-08    -3.26623000478065e-08   
-61.406474936946        6590.40104884279        -49.8484342396216       0.00442216509152734     6.96943821951212        0.00442216509152734     5.88332706274693e-05    5.87684300635323e-05    6.75271775382475e-09    -9.2177310086227e-08    
-60.748310250214        6524.52869846201        -49.3034976087514       0.00449953135041544     6.99491737208943        0.00449953135041544     5.87684300635323e-05    5.85873185599175e-05    -3.26623000478065e-08   -1.48993555091791e-07   
-60.0968311371095       6461.14148852518        -48.7643432523732       0.00457588110937263     7.01966467412868        0.00457588110937263     5.85873185599175e-05    5.82974708751605e-05    -9.2177310086227e-08    -2.0990278128326e-07    
-59.4515961953517       6400.1914587695         -48.2307199740728       0.00465111683583841     7.04367780903225        0.00465111683583841     5.82974708751605e-05    5.78930400226774e-05    -1.48993555091791e-07   -2.5667027694134e-07    
-58.8124477503043       6341.64511733176        -47.702592456517        0.0047251270757824      7.06695113997868        0.0047251270757824      5.78930400226774e-05    5.74030769354915e-05    -2.0990278128326e-07    -2.77120176016522e-07   
-58.1791872660169       6285.4441008992         -47.1798579913496       0.00479784119211679     7.08949488304605        0.0047978411921168      5.74030769354915e-05    5.68788291426705e-05    -2.5667027694134e-07    -2.97380805731305e-07   
-57.5513995823438       6231.48636962683        -46.6621962566317       0.00486925632199257     7.11134122379128        0.00486925632199256     5.68788291426705e-05    5.63211596534147e-05    -2.77120176016522e-07   -2.90587462737493e-07   
-56.9291032270669       6179.66805834421        -46.1496080298989       0.004939361890625       7.13250971539214        0.004939361890625       5.63211596534147e-05    5.57808259604971e-05    -2.97380805731305e-07   -2.69406258375485e-07   
-56.3119905404038       6129.82716523354        -45.6417965480555       0.00500821834769993     7.15303116135065        0.00500821834769993     5.57808259604971e-05    5.52839811433694e-05    -2.90587462737493e-07   -2.66144847560663e-07   
-55.6996905587045       6081.81294111248        -45.1383961201086       0.00507591452193443     7.17295413660248        0.00507591452193442     5.52839811433694e-05    5.47970339989715e-05    -2.69406258375485e-07   -2.27811355558002e-07   
-55.0923692269721       6035.52880629262        -44.6394766905406       0.00514248884797009     7.1923152945768         0.00514248884797009     5.47970339989715e-05    5.43834443027005e-05    -2.66144847560663e-07   -2.33521814840771e-07   
-54.4894604302894       5990.81955224903        -44.1445106269129       0.00520805795280496     7.21116442433884        0.00520805795280497     5.43834443027005e-05    5.39626745036696e-05    -2.27811355558002e-07   -2.04626800009847e-07   
-53.8912366447092       5947.61077677354        -43.6536697634278       0.00527263662790857     7.22952170273155        0.00527263662790857     5.39626745036696e-05    5.35966618918096e-05    -2.33521814840771e-07   -2.17729621931684e-07   
-53.2971358424781       5905.77495175843        -43.1664549599169       0.00533631575236621     7.24742251942007        0.00533631575236622     5.35966618918096e-05    5.3209983181711e-05     -2.04626800009847e-07   -2.10558510590959e-07   
-52.7073265115525       5865.25688579725        -42.6829804243352       0.00539909267333402     7.26487731937365        0.00539909267333402     5.3209983181711e-05     5.28386122169214e-05    -2.17729621931684e-07   -2.22368597378652e-07   
-52.1214541391398       5825.97566583696        -42.202943165883        0.00546100828783268     7.28190696130338        0.00546100828783267     5.28386122169214e-05    5.24490275315119e-05    -2.10558510590959e-07   -2.38821644640161e-07   
-51.5394336242308       5787.87878922331        -41.7262692586019       0.00552206610080262     7.29852145500769        0.00552206610080262     5.24490275315119e-05    5.20332160275535e-05    -2.22368597378652e-07   -2.09396161896083e-07   
-50.9610745743838       5750.91326302137        -41.2528029305151       0.0055822763340722      7.31473250906075        0.00558227633407219     5.20332160275535e-05    5.16708409010406e-05    -2.38821644640161e-07   -2.95951604233421e-07   
-50.3855132911026       5714.98361449246        -40.7818388737222       0.00564171754859779     7.33056652515467        0.00564171754859781     5.16708409010406e-05    5.11616249942215e-05    -2.09396161896083e-07   -1.97772357575756e-07   
-49.8142305503203       5680.19130544951        -40.3145890640284       0.00570022829342956     7.34601787721482        0.00570022829342955     5.11616249942215e-05    5.08233140826662e-05    -2.95951604233421e-07   -3.21441080676481e-07   
-49.2450669940181       5646.31165729316        -39.8492854829174       0.00575802383723623     7.36111371953534        0.00575802383723623     5.08233140826662e-05    5.02765755702982e-05    -1.97772357575756e-07   -2.145468740516e-07     
-48.6803055337722       5613.52877467639        -39.3877901436412       0.00581487030015553     7.37585495055027        0.00581487030015554     5.02765755702982e-05    4.99136667950181e-05    -3.21441080676481e-07   -2.87698029667271e-07   
-48.1176421761957       5581.58511283938        -38.9282133752705       0.00587100072676182     7.39025149030385        0.00587100072676184     4.99136667950181e-05    4.94298437516243e-05    -2.145468740516e-07     -2.92452337154398e-07   
-47.5586298462435       5550.58389071789        -38.4718156343181       0.00592626289637406     7.40430273160737        0.00592626289637407     4.94298437516243e-05    4.89407877144319e-05    -2.87698029667271e-07   -2.18883882464091e-07   
-47.0033338743795       5520.44486344529        -38.0186402693144       0.00598065672061789     7.41798329212693        0.00598065672061788     4.89407877144319e-05    4.857690008687e-05      -2.92452337154398e-07   -3.3138917550403e-07    
-46.4500959428542       5491.12904479692        -37.5673246233255       0.00603434948036687     7.43139642531354        0.00603434948036687     4.857690008687e-05      4.80291064571923e-05    -2.18883882464091e-07   -2.39199690981885e-07   
-45.9012384600081       5462.65836450712        -37.1197534406256       0.00608712170819127     7.44444606345606        0.00608712170819126     4.80291064571923e-05    4.76358914091395e-05    -3.3138917550403e-07    -2.86309917652007e-07   
-45.3546810674422       5434.95282682492        -36.6742209570711       0.00613917964108908     7.45722823225036        0.00613917964108906     4.76358914091395e-05    4.71677255739199e-05    -2.39199690981885e-07   -2.7754432046632e-07    
-44.8109932645011       5407.98581430465        -36.2311831897279       0.00619047285046807     7.46971545187291        0.00619047285046807     4.71677255739199e-05    4.67161128604239e-05    -2.86309917652007e-07   -2.76099706640878e-07   
-44.2699980146651       5381.75202186133        -35.7904882433998       0.00624102205414869     7.48193747839821        0.00624102205414871     4.67161128604239e-05    4.62690851738133e-05    -2.7754432046632e-07    -2.8875533524474e-07    
-43.7315748719516       5356.18692827651        -35.3520310744959       0.00629084178738332     7.4938780069065         0.0062908417873833      4.62690851738133e-05    4.58038734322057e-05    -2.76099706640878e-07   -2.83359435876944e-07   
-43.1959382026018       5331.30389792434        -34.9159800640896       0.00633991532223346     7.50555519486883        0.00633991532223346     4.58038734322057e-05    4.53495912240965e-05    -2.8875533524474e-07    -2.8362100531445e-07    
-42.6628667837065       5307.04228054961        -34.4821494596933       0.00638826575786748     7.51695821419697        0.00638826575786746     4.53495912240965e-05    4.48971211166111e-05    -2.83359435876944e-07   -3.06227800665395e-07   
-42.1323035583591       5283.37066973934        -34.0504878202911       0.00643590068359694     7.52808617833592        0.00643590068359692     4.48971211166111e-05    4.44109011066445e-05    -2.8362100531445e-07    -2.7176600360647e-07    
-41.6045424005214       5260.24442659954        -33.6212294840495       0.00648279659432644     7.53890958672452        0.00648279659432643     4.44109011066445e-05    4.39813936997914e-05    -3.06227800665395e-07   -3.12135928524144e-07   
-41.0787180473091       5237.56647284974        -33.1936663661603       0.00652903286005616     7.54941980198527        0.00652903286005614     4.39813936997914e-05    4.34903121629454e-05    -2.7176600360647e-07    -2.9145669104966e-07    
-40.5555903682951       5215.31655097412        -32.7684121834864       0.00657454551935251     7.55957847835136        0.00657454551935251     4.34903121629454e-05    4.30337906292568e-05    -3.12135928524144e-07   -2.94585064442979e-07   
-40.0346678897213       5193.43937720654        -32.3450632183606       0.00661938106197313     7.56938507629985        0.00661938106197312     4.30337906292568e-05    4.25744137305738e-05    -2.9145669104966e-07    -3.10323229731067e-07   
-39.5159039103066       5171.93286206333        -31.9235775278411       0.00666354682824245     7.57885400515639        0.00666354682824246     4.25744137305738e-05    4.20925852419614e-05    -2.94585064442979e-07   -2.98530017621964e-07   
-38.9995980610426       5150.85064446286        -31.5041945323693       0.00670702103058177     7.5880238531735         0.00670702103058178     4.20925852419614e-05    4.16310179111067e-05    -3.10323229731067e-07   -2.98870051320548e-07   
-38.4853271606432       5130.22911856076        -31.0865665479951       0.00674984264646612     7.59695545274594        0.0067498426464661      4.16310179111067e-05    4.11708122839141e-05    -2.98530017621964e-07   -3.16032511510775e-07   
-37.9729771713996       5110.13501120459        -30.6705972852048       0.00679202338297445     7.60571676287624        0.00679202338297443     4.11708122839141e-05    4.06861272361338e-05    -2.98870051320548e-07   -3.06199981226727e-07   
-37.4628878463023       5090.65798864812        -30.2565589688718       0.00683353727793532     7.61437249927685        0.0068335372779353      4.06861272361338e-05    4.02183885481958e-05    -3.16032511510775e-07   -3.15865308399586e-07   
-36.9547260695736       5071.88091795422        -29.8441777853946       0.00687441282833116     7.62301375727392        0.00687441282833114     4.02183885481958e-05    3.97377148375336e-05    -3.06199981226727e-07   -3.15344407565886e-07   
-36.4484592773921       5053.87730106401        -29.4334241603012       0.00691465292420261     7.63171097661631        0.00691465292420262     3.97377148375336e-05    3.92595144723475e-05    -3.15865308399586e-07   -3.17030963783064e-07   
-35.943869790777        5036.63770146664        -29.0241185237456       0.00695427457251552     7.64048007853372        0.00695427457251553     3.92595144723475e-05    3.87803703177846e-05    -3.15344407565886e-07   -3.29697503148002e-07   
-35.4408673483882       5020.07221200259        -28.616184885139        0.00699328452229751     7.64926938787986        0.00699328452229749     3.87803703177846e-05    3.82836941729202e-05    -3.17030963783064e-07   -3.19063798815898e-07   
-34.9396217367024       5004.07002388027        -28.2097582872206       0.00703167021073144     7.65799909890883        0.00703167021073145     3.82836941729202e-05    3.78045509095287e-05    -3.29697503148002e-07   -3.32056848026423e-07   
-34.4397870629049       4988.52523629498        -27.8045558152479       0.0070694593424865      7.66661336977364        0.00706945934248648     3.78045509095287e-05    3.7307397871166e-05     -3.19063798815898e-07   -3.26823232150544e-07   
-33.9415177522563       4973.38288940481        -27.4007003912453       0.00710664185030703     7.67507339589717        0.00710664185030705     3.7307397871166e-05     3.6819466552669e-05     -3.32056848026423e-07   -3.27487794217855e-07   
-33.4445862369236       4958.58275354846        -26.9980054021762       0.00714323670943373     7.68335108659327        0.00714323670943374     3.6819466552669e-05     3.63318813827435e-05    -3.26823232150544e-07   -3.32947285316468e-07   
-32.9489190497276       4944.09284386267        -26.5964093040371       0.00717925122295043     7.69143296095094        0.00717925122295042     3.63318813827435e-05    3.58375137222125e-05    -3.27487794217855e-07   -3.33492713988728e-07   
-32.4546554283993       4929.89963648704        -26.1960229416479       0.00721467743916121     7.69931119047803        0.00721467743916121     3.58375137222125e-05    3.53437086797619e-05    -3.32947285316468e-07   -3.32171988911591e-07   
-31.9618033206269       4916.00427330641        -25.7968508050427       0.00724951720787183     7.70699439614284        0.00724951720787182     3.53437086797619e-05    3.48532356309442e-05    -3.33492713988728e-07   -3.36175324362625e-07   
-31.4702876877667       4902.39716559998        -25.3988301961443       0.00728377813640781     7.71448564830959        0.00728377813640782     3.48532356309442e-05    3.43582285769025e-05    -3.32171988911591e-07   -3.3652911281713e-07    
-30.9801597044503       4889.0738697987         -25.0020006521715       0.00731745892647976     7.72178705900578        0.00731745892647981     3.43582285769025e-05    3.38640501179521e-05    -3.36175324362625e-07   -3.3542140407498e-07    
-30.4913651474777       4876.01841763118        -24.6063163633717       0.00735056560632331     7.72889527211994        0.00735056560632334     3.38640501179521e-05    3.33728139560184e-05    -3.3652911281713e-07    -3.40840728243467e-07   
-30.0038122916051       4863.22276072763        -24.2117012061727       0.00738310653820797     7.73581408789555        0.00738310653820801     3.33728139560184e-05    3.28749349308476e-05    -3.3542140407498e-07    -3.36295855223297e-07   
-29.5175664367414       4850.68764886023        -23.8182061696069       0.00741507952814698     7.74254853418207        0.00741507952814702     3.28749349308476e-05    3.23849513469708e-05    -3.40840728243467e-07   -3.43130017951804e-07   
-29.0324822891582       4838.40615994465        -23.4257118258311       0.00744649624067179     7.74910460213211        0.00744649624067179     3.23849513469708e-05    3.1886283476894e-05     -3.36295855223297e-07   -3.41999421571589e-07   
-28.5486920406593       4826.39215615422        -23.0343233136589       0.00747735024715457     7.75549531855581        0.00747735024715458     3.1886283476894e-05     3.13904946628312e-05    -3.43130017951804e-07   -3.38324808760768e-07   
-28.0661040864136       4814.64056266323        -22.6439647046732       0.00750764961289185     7.76172600612475        0.0075076496128918      3.13904946628312e-05    3.09012479641909e-05    -3.41999421571589e-07   -3.50641085686841e-07   
-27.5845899459338       4803.15345509645        -22.2545303348802       0.00753740432225722     7.76780852974941        0.00753740432225718     3.09012479641909e-05    3.03954177197802e-05    -3.38324808760768e-07   -3.39105560239724e-07   
-27.1044128021878       4791.93841061722        -21.8662313404517       0.00756660021139146     7.77374665039872        0.00756660021139148     3.03954177197802e-05    2.99073861156592e-05    -3.50641085686841e-07   -3.47976165077635e-07   
-26.6252094815522       4780.98465975079        -21.4787723891252       0.00759526128103164     7.77954879490787        0.00759526128103167     2.99073861156592e-05    2.94077463511433e-05    -3.39105560239724e-07   -3.4761149642984e-07    
-26.1471383285984       4770.29225537221        -21.0922799549041       0.00762337963181162     7.78521556299644        0.00762337963181163     2.94077463511433e-05    2.89097587362357e-05    -3.47976165077635e-07   -3.48874711149893e-07   
-25.6701748346666       4759.86038076815        -20.7067327105528       0.00765095841400181     7.79075240586684        0.00765095841400178     2.89097587362357e-05    2.84110691355402e-05    -3.4761149642984e-07    -3.46165629216313e-07   
-25.1942509868034       4749.67995219917        -20.3220742277559       0.0076780030772383      7.79615902104815        0.0076780030772383      2.84110691355402e-05    2.79173217685404e-05    -3.48874711149893e-07   -3.56151453550431e-07   
-24.7192504538193       4739.74522557985        -19.9382091065176       0.00770452143574957     7.80143882995007        0.00770452143574952     2.79173217685404e-05    2.74104080756721e-05    -3.46165629216313e-07   -3.48690657685415e-07   
-24.2453972491708       4730.05890877945        -19.5553170150855       0.00773050231311097     7.80659244223226        0.00773050231311098     2.74104080756721e-05    2.69151400312335e-05    -3.56151453550431e-07   -3.54036479513139e-07   
-23.7724098778369       4720.60976829239        -19.1731691446398       0.00775596237333944     7.81162293659203        0.00775596237333945     2.69151400312335e-05    2.64132935626942e-05    -3.48690657685415e-07   -3.5611817118517e-07    
-23.3003613423313       4711.39553557472        -18.791823153227        0.00778089860992647     7.81653066408697        0.00778089860992652     2.64132935626942e-05    2.59094912666506e-05    -3.54036479513139e-07   -3.56667112886364e-07   
-22.829287723064        4702.41759107922        -18.4113068355581       0.00780531020707098     7.82132001024132        0.00780531020707094     2.59094912666506e-05    2.54058845609596e-05    -3.5611817118517e-07    -3.5441985940037e-07    
-22.3591086251173       4693.66604586209        -18.0315538733621       0.00782920237279931     7.8259888984706         0.00782920237279931     2.54058845609596e-05    2.49063912408444e-05    -3.56667112886364e-07   -3.63368270334967e-07   
-21.8897032924086       4685.13707898752        -17.6524653616685       0.00785258200719373     7.83054096978551        0.00785258200719371     2.49063912408444e-05    2.4395226948957e-05     -3.5441985940037e-07    -3.57431178367488e-07   
-21.4212926593588       4676.8336333463         -17.2742183178561       0.00787543903494264     7.8349769363613         0.00787543903494262     2.4395226948957e-05     2.38933169401861e-05    -3.63368270334967e-07   -3.61591486793804e-07   
-20.9536258283798       4668.74592366647        -16.896608718123        0.00789778660767653     7.83929833494655        0.00789778660767649     2.38933169401861e-05    2.33864565955987e-05    -3.57431178367488e-07   -3.6438891560048e-07    
-20.4867572830008       4660.87219827695        -16.5196791571192       0.00791962277195531     7.84350576365011        0.00791962277195528     2.33864565955987e-05    2.28765451206224e-05    -3.61591486793804e-07   -3.63006542060883e-07   
-20.0207415561454       4653.21388552063        -16.1434722682928       0.00794094583646758     7.84760254583293        0.00794094583646753     2.28765451206224e-05    2.23694189719036e-05    -3.6438891560048e-07    -3.64764641794665e-07   
-19.5554558226595       4645.76277720175        -15.7678875351303       0.00796176224552104     7.85158780981824        0.00796176224552105     2.23694189719036e-05    2.18606632418593e-05    -3.63006542060883e-07   -3.67222619649036e-07   
-19.0908941793466       4638.51527745247        -15.3929188898076       0.00798207298651416     7.85546174047995        0.00798207298651413     2.18606632418593e-05    2.13492915699322e-05    -3.64764641794665e-07   -3.66864112306599e-07   
-18.6271033115263       4631.46898902427        -15.0186027617234       0.0080018769076842      7.85922438411586        0.00800187690768422     2.13492915699322e-05    2.08392188997214e-05    -3.67222619649036e-07   -3.678568019249e-07     
-18.1640168712399       4624.61057709617        -14.6448844059685       0.00802117782410967     7.86286883672735        0.00802117782410972     2.08392188997214e-05    2.03285492260795e-05    -3.66864112306599e-07   -3.69691277319171e-07   
-17.7016159491163       4617.94254969577        -14.2717474414425       0.00803997748086668     7.86640050123414        0.00803997748086672     2.03285492260795e-05    1.98160975556554e-05    -3.678568019249e-07     -3.70040214670541e-07   
-17.2399224904644       4611.46794381011        -13.8992085077794       0.00805827601067195     7.86982438448572        0.00805827601067197     1.98160975556554e-05    1.93038938140177e-05    -3.69691277319171e-07   -3.68972387032892e-07   
-16.7788754771817       4605.18579604116        -13.5272173447766       0.00807607684157721     7.87314362866662        0.00807607684157722     1.93038938140177e-05    1.87938750556095e-05    -3.70040214670541e-07   -3.73906242919117e-07   
-16.3183893586637       4599.09795028437        -13.1557039461759       0.00809338408087259     7.87636402337243        0.00809338408087258     1.87938750556095e-05    1.82777319635969e-05    -3.68972387032892e-07   -3.71041729864311e-07   
-15.8586128915854       4593.20654112682        -12.784787357529        0.00811019303674553     7.87948726189092        0.00811019303674547     1.82777319635969e-05    1.77662082746488e-05    -3.73906242919117e-07   -3.7292384705401e-07    
-15.3993694877302       4587.50990650617        -12.4143241615992       0.00812651100932267     7.88251755052483        0.00812651100932264     1.77662082746488e-05    1.72527327852016e-05    -3.71041729864311e-07   -3.75346225715394e-07   
-14.9406653775933       4582.01291141896        -12.044318445845        0.00814233833972604     7.88546124224473        0.00814233833972608     1.72527327852016e-05    1.67365343231647e-05    -3.7292384705401e-07    -3.74042912644325e-07   
-14.4825548686166       4576.72800494233        -11.6748130809698       0.00815767378748397     7.88833041887           0.00815767378748393     1.67365343231647e-05    1.62227145772677e-05    -3.75346225715394e-07   -3.76511996190737e-07   
-14.0249085142547       4571.67070825012        -11.3057027379448       0.00817252218930291     7.89114274628632        0.00817252218930296     1.62227145772677e-05    1.57060461953096e-05    -3.74042912644325e-07   -3.75843326007251e-07   
-13.5677424091329       4566.87419659105        -10.9369995084853       0.00818688334285113     7.89392871019325        0.00818688334285108     1.57060461953096e-05    1.51908063896742e-05    -3.76511996190737e-07   -3.79364706378884e-07   
-13.1109789250353       4562.38726758142        -10.568639928281        0.0082007598958614      7.89673376924181        0.00820075989586144     1.51908063896742e-05    1.46712278336663e-05    -3.75843326007251e-07   -3.77766994239541e-07   
-12.6547047321774       4558.28697893073        -10.200693070777        0.0082141494001868      7.89962554533053        0.00821414940018684     1.46712278336663e-05    1.41542758000515e-05    -3.79364706378884e-07   -3.80208100947164e-07   
-12.1987427425427       4554.68342449069        -9.83301534921576       0.00822705700509758     7.90270419681959        0.00822705700509757     1.41542758000515e-05    1.36343687851702e-05    -3.77766994239541e-07   -3.82235359976301e-07   
-11.7430955843873       4551.74226151054        -9.46560814872395       0.0082394821337229      7.90611567512007        0.00823948213372289     1.36343687851702e-05    1.31119982204254e-05    -3.80208100947164e-07   -3.82743784625642e-07   
-11.2877330627077       4549.70110605809        -9.09844641785379       0.00825142474661365     7.91006914173565        0.00825142474661371     1.31119982204254e-05    1.25891451361595e-05    -3.82235359976301e-07   -3.86265938039576e-07   
-10.8324740086275       4548.88565355699        -8.73138340305949       0.00826288792707502     7.91485231999739        0.00826288792707498     1.25891451361595e-05    1.20615428242204e-05    -3.82743784625642e-07   -3.88824196623706e-07   
-10.3772332934849       4549.73624794965        -8.36434981194831       0.00827387108991135     7.92085130195742        0.00827387108991132     1.20615428242204e-05    1.15302970035956e-05    -3.86265938039576e-07   -3.92157269761929e-07   
-9.92178672136674       4552.82444524474        -7.99716424359749       0.00828437562956804     7.9285673232818         0.00828437562956801     1.15302970035956e-05    1.09940734359977e-05    -3.88824196623706e-07   -3.97089160954845e-07   
-9.46584441854334       4558.86593113469        -7.62959236544519       0.00829440249977341     7.93862592805323        0.00829440249977345     1.09940734359977e-05    1.04503264108831e-05    -3.92157269761929e-07   -4.02034999518777e-07   
-9.00912552718411       4568.72249063977        -7.26140713226006       0.00830395031394872     7.95177596101365        0.00830395031394874     1.04503264108831e-05    9.8985787515444e-06     -3.97089160954845e-07   -4.07238210465129e-07   
-8.5512298320667        4583.38011233943        -6.89228529908628       0.00831301797168528     7.9688687240769         0.00831301797168527     9.8985787515444e-06     9.33787653640143e-06    -4.02034999518777e-07   -4.12190803241265e-07   
-8.0916270469005        4603.90726374955        -6.52179880174114       0.0083216044627683      7.99081714972356        0.00832160446276835     9.33787653640143e-06    8.76779780424243e-06    -4.07238210465129e-07   -4.16848047898786e-07   
-7.6296611433622        4631.37959881155        -6.14941826059791       0.00832970850754075     8.01852459889715        0.0083297085075407      8.76779780424243e-06    8.18782591726377e-06    -4.12190803241265e-07   -4.19718985266504e-07   
-7.16460274719897       4666.77451116999        -5.77455522392697       0.00833732762769485     8.05278710180515        0.0083373276276949      8.18782591726377e-06    7.59940056948309e-06    -4.16848047898786e-07   -4.21027601762228e-07   
-6.6956004050583        4710.83749473503        -5.39652288308931       0.00834445919855619     8.09417396092658        0.00834445919855622     7.59940056948309e-06    7.0036011204261e-06     -4.19718985266504e-07   -4.19627054624057e-07   
-6.22178627759425       4763.93371810381        -5.01462125810694       0.00835109915480949     8.14289903810115        0.00835109915480944     7.0036011204261e-06     6.40315976367962e-06    -4.21027601762228e-07   -4.15321011344522e-07   
-5.74226198547245       4825.90458225091        -4.62812576859175       0.00835724288816176     8.19870485188196        0.00835724288816181     6.40315976367962e-06    5.80125271397934e-06    -4.19627054624057e-07   -4.08185448148577e-07   
-5.25615544477308       4895.95358950605        -4.23633302151067       0.00836288511804865     8.26078057372476        0.00836288511804869     5.80125271397934e-06    5.20123433245105e-06    -4.15321011344522e-07   -3.98530709429932e-07   
-4.76271643482763       4972.58653184015        -3.83863781348899       0.00836801951510898     8.32773490001998        0.00836801951510898     5.20123433245105e-06    4.6064069269297e-06     -4.08185448148577e-07   -3.86901314781371e-07   
-4.26140153797605       5053.62529397927        -3.43460156651062       0.00837263871963037     8.39763645427234        0.00837263871963037     4.6064069269297e-06     4.01971400748845e-06    -3.98530709429932e-07   -3.73782614294856e-07   
-3.75191390917663       5136.29950595908        -3.02398436419175       0.00837673485685248     8.46811855400415        0.00837673485685253     4.01971400748845e-06    3.44382239136686e-06    -3.86901314781371e-07   -3.60609734687852e-07   
-3.23417985865788       5217.41308778179        -2.60672607677479       0.00838030028551808     8.53653797793183        0.00838030028551803     3.44382239136686e-06    2.87959734603733e-06    -3.73782614294856e-07   -3.47755262284378e-07   
-2.70851273962425       5293.55647601269        -2.1830784605078        0.00838332683132987     8.60015639765901        0.00838332683132991     2.87959734603733e-06    2.32764390366512e-06    -3.60609734687852e-07   -3.36346303153227e-07   
-2.17551921318276       5361.35587064495        -1.75352963990455       0.0083858069097163      8.65633632139895        0.00838580690971633     2.32764390366512e-06    1.78702540137551e-06    -3.47755262284378e-07   -3.26818161557571e-07   
-1.63619589106825       5417.70448390536        -1.31888203150021       0.00838773331720307     8.7027065141075         0.00838773331720307     1.78702540137551e-06    1.25624083315106e-06    -3.36346303153227e-07   -3.19673065014508e-07   
-1.09184266035001       5459.97041480491        -0.880182523074821      0.00838910003072889     8.73729916074553        0.00838910003072889     1.25624083315106e-06    7.33039345837396e-07    -3.26818161557571e-07   -3.15246404189218e-07   
-0.543994236865219      5486.16255104219        -0.438667330297994      0.00838990259043997     8.75864995290975        0.00838990259043993     7.33039345837396e-07    2.14627212360924e-07    -3.19673065014508e-07   -3.13692682509302e-07   
0.00563272147489117     5495.04558729612        0.00428063132388908     0.0083901383295906      8.76586111046911        0.00839013832959057     2.14627212360924e-07    -3.02058249362647e-07   -3.15246404189218e-07   -3.15096132353353e-07   
0.555261616348059       5486.20191745657        0.447230099970573       0.00838980655803311     8.75863125016032        0.0083898065580332      -3.02058249362647e-07   -8.20226870603822e-07   -3.13692682509302e-07   -3.19363597939982e-07   
1.10311579574404        5460.04815430935        0.88874977746133        0.00838890853267821     8.73726163723696        0.00838890853267821     -8.20226870603822e-07   -1.34292908350221e-06   -3.15096132353353e-07   -3.26336360411306e-07   
1.64747845846609        5417.81888805528        1.32745665332179        0.0083874474824068      8.70265011292109        0.0083874474824067      -1.34292908350221e-06   -1.87294204107031e-06   -3.19363597939982e-07   -3.35669835412609e-07   
2.18681470295489        5361.50491350789        1.76211439565058        0.00838542840883727     8.6562612807002         0.0083854284088373      -1.87294204107031e-06   -2.41248784876451e-06   -3.26336360411306e-07   -3.46855327745984e-07   
2.71982445294097        5293.73802235181        2.19167600953739        0.00838285785214153     8.60006330866737        0.0083828578521416      -2.41248784876451e-06   -2.96303134780987e-06   -3.35669835412609e-07   -3.59457555284006e-07   
3.24551089965226        5217.62486377972        2.61533897561487        0.00837974350041435     8.53642763297958        0.00837974350041426     -2.96303134780987e-06   -3.5254759525578e-06    -3.46855327745984e-07   -3.7233738117247e-07    
3.7632671550701         5136.53909894782        3.03261505171167        0.0083760933787655      8.46799180605679        0.00837609337876558     -3.5254759525578e-06    -4.09916705713919e-06   -3.59457555284006e-07   -3.85134155662079e-07   
4.27277961226706        5053.89028635238        3.44325235020993        0.0083719160748536      8.39749420252454        0.00837191607485362     -4.09916705713919e-06   -4.68321026094654e-06   -3.7233738117247e-07    -3.96405987698429e-07   
4.77412172639437        4972.8746479471         3.84731089147733        0.00836721959913796     8.32757810114074        0.008367219599138       -4.68321026094654e-06   -5.27490001886829e-06   -3.85134155662079e-07   -4.05682517326114e-07   
5.26759015266422        4896.26275234656        4.24503052383188        0.00836201217306889     8.26061022137244        0.00836201217306883     -5.27490001886829e-06   -5.8712761710496e-06    -3.96405987698429e-07   -4.12430239681872e-07   
5.75372816093367        4826.23292074924        4.63684979508877        0.00835630147008428     8.19852194510552        0.00835630147008423     -5.8712761710496e-06    -6.46903380888042e-06   -4.05682517326114e-07   -4.1635120928779e-07    
6.23328583583326        4764.27955412402        5.02337389088048        0.00835009410017501     8.14270456671445        0.00835009410017512     -6.46903380888042e-06   -7.06483051542179e-06   -4.12430239681872e-07   -4.17381838633371e-07   
6.70713511117293        4711.19930959893        5.40530617713086        0.00834339559767098     8.09396890483466        0.00834339559767108     -7.06483051542179e-06   -7.65551575963021e-06   -4.1635120928779e-07    -4.15730052107871e-07   
7.17617420065235        4667.15089248496        5.78337119536569        0.00833621080413354     8.05257243519678        0.00833621080413351     -7.65551575963021e-06   -8.23839548305212e-06   -4.17381838633371e-07   -4.12555326715819e-07   
7.64127078056989        4631.76917950019        6.15826888819634        0.00832854399828264     8.01830129571894        0.00832854399828264     -8.23839548305212e-06   -8.81244279670011e-06   -4.15730052107871e-07   -4.07633957071084e-07   
8.10327616342185        4604.30866916153        6.53068604329805        0.00832039799304674     7.99058619149843        0.00832039799304678     -8.81244279670011e-06   -9.3762681427869e-06    -4.12555326715819e-07   -4.02463568014965e-07   
8.56291959526008        4583.79192102519        6.90121109798215        0.00831177543797129     7.96863111434961        0.00831177543797118     -9.3762681427869e-06    -9.93044608061509e-06   -4.07633957071084e-07   -3.97085772453325e-07   
9.02085697491009        4569.14321388228        7.27037341176588        0.00830267776084039     7.95153273987634        0.00830267776084043     -9.93044608061509e-06   -1.0475451598522e-05    -4.02463568014965e-07   -3.92007286897358e-07   
9.47761843302442        4559.29400022953        7.63860100080802        0.0082931061005186      7.93837818106459        0.00829310610051854     -1.0475451598522e-05    -1.10122902382968e-05   -3.97085772453325e-07   -3.86982003128905e-07   
9.93360399603983        4553.25820092301        8.00621702652576        0.00828306166450007     7.92831617817175        0.0082830616645         -1.10122902382968e-05   -1.15414877328825e-05   -3.92007286897358e-07   -3.83593755937057e-07   
10.3890943121612        4550.17393255525        8.37344842334677        0.00827254592107059     7.92059791576385        0.00827254592107055     -1.15414877328825e-05   -1.20656376953556e-05   -3.86982003128905e-07   -3.81014016350909e-07   
10.8443790559209        4549.32541876592        8.74052941277116        0.00826155796811538     7.91459786964942        0.00826155796811546     -1.20656376953556e-05   -1.2586116699567e-05    -3.83593755937057e-07   -3.77504563039565e-07   
11.2996822390559        4550.14104391127        9.10764128606796        0.00825009643552909     7.90981483216969        0.00825009643552906     -1.2586116699567e-05    -1.31018625311812e-05   -3.81014016350909e-07   -3.77039518488439e-07   
11.7550888112256        4552.18044539463        9.47485321618746        0.00823816190117893     7.90586275204903        0.00823816190117883     -1.31018625311812e-05   -1.3617181974921e-05    -3.77504563039565e-07   -3.75089128757462e-07   
12.2107797759313        4555.11791849024        9.84231184097657        0.00822575124332115     7.90245393126881        0.00822575124332119     -1.3617181974921e-05    -1.41301381387761e-05   -3.77039518488439e-07   -3.7276010308262e-07    
12.6667851358853        4558.71580290249        10.210042058922         0.00821286442594939     7.89937917873626        0.00821286442594945     -1.41301381387761e-05   -1.46402865922521e-05   -3.75089128757462e-07   -3.74493790489891e-07   
13.1231020482834        4562.80836991024        10.578042301081         0.00819950191041442     7.89649246458345        0.00819950191041431     -1.46402865922521e-05   -1.51532413645955e-05   -3.7276010308262e-07    -3.7115376763526e-07    
13.5799073930433        4567.28549446431        10.9464559716296        0.00818565840549107     7.89369356913471        0.00818565840549112     -1.51532413645955e-05   -1.56620982324223e-05   -3.74493790489891e-07   -3.72026034239356e-07   
14.0371142754387        4572.07019826558        11.3152137777009        0.00817133616085619     7.89091487524952        0.00817133616085619     -1.56620982324223e-05   -1.61726554865241e-05   -3.7115376763526e-07    -3.69801834329211e-07   
14.4948001340975        4577.11383778697        11.684378986218         0.00815653230105421     7.88811097617924        0.00815653230105412     -1.61726554865241e-05   -1.66806922516538e-05   -3.72026034239356e-07   -3.71367659447828e-07   
14.9529486916417        4582.38337169142        12.0539392948336        0.00814124675261443     7.8852513956983         0.00814124675261454     -1.66806922516538e-05   -1.71914605750752e-05   -3.69801834329211e-07   -3.69248508598534e-07   
15.4116892294815        4587.86331512434        12.4239998288695        0.0081254743812606      7.88231838058746        0.00812547438126066     -1.71914605750752e-05   -1.76999148128522e-05   -3.71367659447828e-07   -3.67693568455977e-07   
15.8709672569541        4593.54120011816        12.7945174737821        0.00810921607395253     7.87929968719317        0.00810921607395262     -1.76999148128522e-05   -1.8206859724213e-05    -3.69248508598534e-07   -3.70886877876457e-07   
16.3307763768172        4599.41217898236        13.1654878978246        0.00809247110744514     7.8761888171084         0.00809247110744512     -1.8206859724213e-05    -1.87188699580282e-05   -3.67693568455977e-07   -3.66329492213308e-07   
16.7912930299296        4605.47802859351        13.5370542849139        0.00807523179849531     7.8729815004408         0.00807523179849526     -1.87188699580282e-05   -1.92252677891275e-05   -3.70886877876457e-07   -3.67762684280731e-07   
17.2523683038424        4611.73683571763        13.9090973140845        0.00805750238580893     7.86967603701255        0.00805750238580888     -1.92252677891275e-05   -1.97343488477478e-05   -3.66329492213308e-07   -3.67793157532745e-07   
17.7140876551076        4618.18698764533        14.2816867653554        0.00803927832319955     7.86626664331724        0.00803927832319943     -1.97343488477478e-05   -2.02441965894469e-05   -3.67762684280731e-07   -3.66349403170424e-07   
18.1765120043262        4624.82963698464        14.6548726544527        0.00802055572757422     7.86275013740656        0.00802055572757424     -2.02441965894469e-05   -2.07527979512573e-05   -3.67793157532745e-07   -3.65747944291357e-07   
18.6396192966377        4631.66188161549        15.0286380689839        0.00800133398772468     7.85912141326018        0.00800133398772457     -2.07527979512573e-05   -2.12613401692768e-05   -3.66349403170424e-07   -3.66492586357496e-07   
19.1034283936421        4638.6813136256         15.4029991577132        0.00798161087704014     7.85537493566846        0.00798161087704016     -2.12613401692768e-05   -2.17717137766048e-05   -3.65747944291357e-07   -3.64428738803197e-07   
19.568005586022         4645.90136644098        15.7780104178848        0.00796138210334349     7.8515174746332         0.00796138210334357     -2.17717137766048e-05   -2.2280016436597e-05    -3.66492586357496e-07   -3.63057915651492e-07   
20.0333040586595        4653.32456145421        16.1536350975885        0.00794064832289772     7.84754886092999        0.00794064832289782     -2.2280016436597e-05    -2.27872266784073e-05   -3.64428738803197e-07   -3.6481032319261e-07    
20.499329665156         4660.95463979637        16.5298790034951        0.00791940806030274     7.84346880564852        0.00791940806030281     -2.27872266784073e-05   -2.32977371656904e-05   -3.63057915651492e-07   -3.62388276180402e-07   
20.9662053102139        4668.79996558419        16.906842497834         0.00789765440307674     7.83927809232463        0.00789765440307671     -2.32977371656904e-05   -2.38057206232707e-05   -3.6481032319261e-07    -3.58591844636818e-07   
21.4338764899013        4676.85928449425        17.2844827393456        0.00787538855359703     7.83497331157867        0.00787538855359704     -2.38057206232707e-05   -2.43092635955296e-05   -3.62388276180402e-07   -3.64841779069616e-07   
21.9022886446673        4685.13452338791        17.6627568427349        0.00785261199527181     7.83055378605903        0.00785261199527177     -2.43092635955296e-05   -2.48225008464318e-05   -3.58591844636818e-07   -3.56238944859545e-07   
22.371692645308         4693.63562006899        18.0418686014233        0.00782931117371205     7.82601791095351        0.00782931117371215     -2.48225008464318e-05   -2.5324554995044e-05    -3.64841779069616e-07   -3.58770234932962e-07   
22.8418676561513        4702.35980778848        18.4216408510804        0.00780549569731637     7.8213648901504         0.00780549569731634     -2.5324554995044e-05    -2.58311254800609e-05   -3.56238944859545e-07   -3.58488293099047e-07   
23.3129345525311        4711.31105687013        18.80217239432          0.00778115828204142     7.81659101414403        0.00778115828204145     -2.58311254800609e-05   -2.63382721967702e-05   -3.58770234932962e-07   -3.5664888254606e-07    
23.7849737842994        4720.4993918182         19.1835294043964        0.0077562933613028      7.8116982889759         0.00775629336130285     -2.63382721967702e-05   -2.68438104383565e-05   -3.58488293099047e-07   -3.5152143266618e-07    
24.257949296765         4729.92355449379        19.5656839279262        0.00773090141035798     7.80668225286533        0.00773090141035788     -2.68438104383565e-05   -2.7343085422002e-05    -3.5664888254606e-07    -3.59137515167036e-07   
24.73178814557          4739.58592271992        19.9485781915685        0.00770498512828579     7.80154248090184        0.00770498512828581     -2.7343085422002e-05    -2.78542324921197e-05   -3.5152143266618e-07    -3.49313034348802e-07   
25.2067719254019        4749.49780981682        20.3324409508963        0.00767852762866589     7.79627583689445        0.00767852762866586     -2.78542324921197e-05   -2.83524504341826e-05   -3.59137515167036e-07   -3.52118787556587e-07   
25.6826767818141        4759.65659798854        20.7170925399151        0.00765153983943526     7.79088164475414        0.00765153983943525     -2.83524504341826e-05   -2.88557560956237e-05   -3.49313034348802e-07   -3.50924843533208e-07   
26.1596192144364        4770.06808414973        21.1026283999405        0.00762401378683875     7.78535642918989        0.00762401378683873     -2.88557560956237e-05   -2.93584672782527e-05   -3.52118787556587e-07   -3.51319368469005e-07   
26.637667395574         4780.74137835327        21.489105015089         0.00759594390137627     7.77970043520954        0.00759594390137628     -2.93584672782527e-05   -2.98628822579771e-05   -3.50924843533208e-07   -3.42453304693627e-07   
27.1168459651877        4791.67729472421        21.8765437701722        0.00756732695758755     7.7739081510339         0.00756732695758749     -2.98628822579771e-05   -3.03557055925696e-05   -3.51319368469005e-07   -3.5393139244868e-07    
27.5969966919972        4802.87576221888        22.2648182621819        0.00753817081619038     7.76797892038705        0.00753817081619035     -3.03557055925696e-05   -3.08662535209439e-05   -3.42453304693627e-07   -3.4155081668365e-07    
28.0784828151931        4814.34750158464        22.6542238787853        0.00750845153088112     7.76190428400863        0.00750845153088103     -3.08662535209439e-05   -3.1360135860991e-05    -3.5393139244868e-07    -3.45109858625769e-07   
28.5610412525428        4826.08489742153        23.0445495998123        0.00747818331849351     7.75568045301111        0.00747818331849352     -3.1360135860991e-05    -3.18604025535568e-05   -3.4155081668365e-07    -3.46098751556467e-07   
29.0448005797136        4838.08581508577        23.43590122327          0.00744735632367978     7.74929555825178        0.00744735632367986     -3.18604025535568e-05   -3.23633521170925e-05   -3.45109858625769e-07   -3.39098897359412e-07   
29.5298525098132        4850.35527765745        23.8283548466437        0.0074159626482269      7.74274429920661        0.00741596264822683     -3.23633521170925e-05   -3.28573863892259e-05   -3.46098751556467e-07   -3.43447627874977e-07   
30.0160649573432        4862.87939880562        24.221805530306         0.00738400891942714     7.73601370807119        0.00738400891942724     -3.28573863892259e-05   -3.33590384473992e-05   -3.39098897359412e-07   -3.37815442747111e-07   
30.5035832952843        4875.66508413488        24.6163728938002        0.00735148372117991     7.72909788784595        0.00735148372117992     -3.33590384473992e-05   -3.3853745294884e-05    -3.43447627874977e-07   -3.38693128455364e-07   
30.9923423112618        4888.71156496304        25.0120061756058        0.00731838952013743     7.7219919153027         0.00731838952013733     -3.3853745294884e-05    -3.43510649686743e-05   -3.37815442747111e-07   -3.38099341086e-07      
31.4824338454909        4902.02685252856        25.4087817619857        0.00728471825597667     7.71469209840361        0.00728471825597671     -3.43510649686743e-05   -3.48488676093157e-05   -3.38693128455364e-07   -3.33854434663473e-07   
31.9739121550851        4915.62686525497        25.8067456780845        0.00725046422841087     7.70720190760419        0.00725046422841089     -3.48488676093157e-05   -3.53417865778184e-05   -3.38099341086e-07      -3.35045041305215e-07   
32.4667257306536        4929.51600301853        26.2058583242907        0.00721562910715128     7.69951937412854        0.00721562910715116     -3.53417865778184e-05   -3.58378474800068e-05   -3.33854434663473e-07   -3.33653414895988e-07   
32.9609479606163        4943.7037733492         26.6061812758993        0.0071802057672564      7.69164160469111        0.00718020576725651     -3.58378474800068e-05   -3.63332155521775e-05   -3.35045041305215e-07   -3.28599715962195e-07   
33.4565575321638        4958.18852733554        27.0076994413311        0.0071441937133846      7.68356029745393        0.00714419371338462     -3.63332155521775e-05   -3.68224066095623e-05   -3.33653414895988e-07   -3.27584489547427e-07   
33.953437477194         4972.98478323098        27.4103202591958        0.00710759966898124     7.67528338229728        0.0071075996689813      -3.68224066095623e-05   -3.73114276495238e-05   -3.28599715962195e-07   -3.323673688772e-07     
34.4516645782628        4988.12454639625        27.8141081961213        0.0070704164382848      7.66682439573821        0.00707041643828478     -3.73114276495238e-05   -3.78090026331899e-05   -3.27584489547427e-07   -3.19144755151065e-07   
34.9514587051343        5003.66822050723        28.2192438505727        0.00703262597122398     7.65821204970273        0.00703262597122391     -3.78090026331899e-05   -3.82882280058285e-05   -3.323673688772e-07     -3.2963860116592e-07    
35.4526628657271        5019.67075946698        28.625602463622         0.00699423888715052     7.64948543221006        0.00699423888715042     -3.82882280058285e-05   -3.87847745642137e-05   -3.19144755151065e-07   -3.16640876270147e-07   
35.95562420157          5036.23825272341        29.0334681660067        0.0069552277236122      7.64070065701418        0.00695522772361218     -3.87847745642137e-05   -3.92632902164558e-05   -3.2963860116592e-07    -3.149800701791e-07     
36.4601714850529        5053.4813257257         29.4427049772432        0.0069156054730547      7.63193762140043        0.0069156054730547      -3.92632902164558e-05   -3.97409004999572e-05   -3.16640876270147e-07   -3.1521708623607e-07    
36.9664003637306        5071.48909911134        29.8533934607746        0.00687536523811622     7.62324732397721        0.00687536523811622     -3.97409004999572e-05   -4.02205513451296e-05   -3.149800701791e-07     -3.05508144451192e-07   
37.4745248208275        5090.26738566185        30.2657103705876        0.00683449052569991     7.61461141715771        0.0068344905257         -4.02205513451296e-05   -4.0687197616588e-05    -3.1521708623607e-07    -3.15670071768519e-07   
37.9845757253117        5109.7395109296         30.6796840871405        0.00679297874851986     7.6059573042251         0.00679297874851983     -4.0687197616588e-05    -4.11712816001347e-05   -3.05508144451192e-07   -2.96932691120825e-07   
38.4968820892568        5129.82324272268        31.0955852434925        0.00675080186807771     7.59719469386351        0.0067508018680776      -4.11712816001347e-05   -4.16284484664614e-05   -3.15670071768519e-07   -2.99195388327637e-07   
39.0110679851464        5150.43134161196        31.5131124157883        0.00670798897912781     7.58826250175092        0.0067079889791278      -4.16284484664614e-05   -4.20909679268178e-05   -2.96932691120825e-07   -3.05677537844123e-07   
39.5272951682938        5171.50130266765        31.9324007620064        0.00666452451942005     7.5790937490179         0.00666452451942005     -4.20909679268178e-05   -4.25655049035435e-05   -2.99195388327637e-07   -3.00440793423913e-07   
40.0459179232639        5192.98822649234        32.3537420699667        0.00662037541509143     7.56962477994881        0.00662037541509149     -4.25655049035435e-05   -4.30339439924289e-05   -3.05677537844123e-07   -2.83478792019963e-07   
40.5668528721677        5214.85242778153        32.7770727486674        0.00657554490075142     7.55981660818899        0.00657554490075136     -4.30339439924289e-05   -4.34779158491651e-05   -3.00440793423913e-07   -3.1768256983999e-07    
41.0898557199654        5237.08368133691        33.202198323787         0.00653005062682051     7.54966021045821        0.00653005062682045     -4.34779158491651e-05   -4.39776623890315e-05   -2.83478792019963e-07   -2.64813642078843e-07   
41.6156682832666        5259.75082749891        33.6297260024889        0.00648382432575025     7.53915339662689        0.00648382432575025     -4.39776623890315e-05   -4.43961289526409e-05   -3.1768256983999e-07    -3.11591878041322e-07   
42.1433030740532        5282.85980192676        34.0588570162015        0.00643694988591659     7.528335783262          0.00643694988591655     -4.43961289526409e-05   -4.48908111931854e-05   -2.64813642078843e-07   -2.76255973904416e-07   
42.6738662883364        5306.52163339993        34.4904953320057        0.0063893264348792      7.51721346306158        0.00638932643487928     -4.48908111931854e-05   -4.53315073161301e-05   -3.11591878041322e-07   -2.95038075161587e-07   
43.2068511355591        5330.76742143011        34.9242333449865        0.00634099640323619     7.50581741559805        0.00634099640323619     -4.53315073161301e-05   -4.58044821622611e-05   -2.76255973904416e-07   -2.69947019897747e-07   
43.742611393526         5355.64709594694        35.36036392285          0.0062919249794453      7.49414546430326        0.00629192497944535     -4.58044821622611e-05   -4.62393491291431e-05   -2.95038075161587e-07   -2.94000747049061e-07   
44.2807532768551        5381.17912447774        35.7985719522304        0.00624214545581034     7.48221255364572        0.00624214545581036     -4.62393491291431e-05   -4.67152993146413e-05   -2.69947019897747e-07   -2.64761908961881e-07   
44.8218331422729        5407.40622589916        36.2393165439514        0.0061916030991333      7.46999700429993        0.00619160309913333     -4.67152993146413e-05   -4.7146058723523e-05    -2.94000747049061e-07   -2.85849451375285e-07   
45.3653775236825        5434.35423525011        36.6822188511187        0.00614033845075937     7.45752128902462        0.00614033845075936     -4.7146058723523e-05    -4.761351400029e-05     -2.64761908961881e-07   -2.70691419267915e-07   
45.9119250758413        5462.04084302744        37.1277252324466        0.00608829651292972     7.44474358390801        0.00608829651292972     -4.761351400029e-05     -4.80584945189243e-05   -2.85849451375285e-07   -2.69400356217693e-07   
46.4613010070533        5490.51280371929        37.5757015767487        0.00603548885898589     7.43168092885308        0.00603548885898581     -4.80584945189243e-05   -4.85037761097035e-05   -2.70691419267915e-07   -2.75748123688441e-07   
47.0136423830332        5519.78057703053        38.0262684827919        0.00598189702797778     7.41830607672987        0.00598189702797778     -4.85037761097035e-05   -4.89621849159088e-05   -2.69400356217693e-07   -2.85624325042415e-07   
47.5693840620772        5549.91219156846        38.4797902708122        0.00592747262496342     7.40461034159043        0.00592747262496351     -4.89621849159088e-05   -4.94397903706685e-05   -2.75748123688441e-07   -2.57031711856795e-07   
48.1286791952187        5580.91252627267        38.9364018427958        0.00587219379463252     7.39055702740162        0.0058721937946325      -4.94397903706685e-05   -4.98719217988935e-05   -2.85624325042415e-07   -2.36831189203022e-07   
48.6905553695689        5612.81733493049        39.3953186934753        0.00581615174919581     7.37620016906544        0.00581615174919588     -4.98719217988935e-05   -5.02722726013046e-05   -2.57031711856795e-07   -3.21154128582416e-07   
49.2549466635018        5645.56819090213        39.8564946150359        0.00575935100296065     7.36147729994405        0.00575935100296067     -5.02722726013046e-05   -5.08182694725169e-05   -2.36831189203022e-07   -2.02465899712267e-07   
49.8240125286436        5679.42845818406        40.3217016934027        0.00570157191175494     7.34639024419521        0.00570157191175499     -5.08182694725169e-05   -5.11645894852818e-05   -3.21154128582416e-07   -2.94249640346209e-07   
50.3954390822233        5714.21897392894        40.7890532395734        0.00564305078807367     7.33094217274233        0.0056430507880737      -5.11645894852818e-05   -5.16709185726385e-05   -2.02465899712267e-07   -2.05730555756561e-07   
50.9710836092101        5750.149764368          41.2600706149998        0.0055836033727032      7.31511626905475        0.00558360337270317     -5.16709185726385e-05   -5.20269673079742e-05   -2.94249640346209e-07   -2.45489294477866e-07   
51.5493689132994        5787.10183042065        41.7334632216014        0.00552340192596264     7.29891423385325        0.00552340192596265     -5.20269673079742e-05   -5.24543584964013e-05   -2.05730555756561e-07   -2.12163410983359e-07   
52.131393867669         5825.19069924664        42.2101291815523        0.0054623444245604      7.28230709070862        0.00546234442456038     -5.24543584964013e-05   -5.28260307901462e-05   -2.45489294477866e-07   -2.23670658222314e-07   
52.7170826037544        5864.44851061187        42.6900064002116        0.00540044997343181     7.26528971701818        0.00540044997343179     -5.28260307901462e-05   -5.32204918644699e-05   -2.12163410983359e-07   -1.99228563012485e-07   
53.3070116826407        5904.96356315741        43.1735716622487        0.0053376645328441      7.24784043454807        0.00533766453284417     -5.32204918644699e-05   -5.35742947365598e-05   -2.23670658222314e-07   -2.20689020029159e-07   
53.9009108738547        5946.76666534328        43.6606157474177        0.00527401530859603     7.22995371465925        0.00527401530859604     -5.35742947365598e-05   -5.39690117217777e-05   -1.99228563012485e-07   -2.10581938306497e-07   
54.4992939917318        5989.96427987154        44.151583744254         0.00520943316380032     7.21160159852883        0.00520943316380025     -5.39690117217777e-05   -5.43484154303343e-05   -2.20689020029159e-07   -2.44492980926291e-07   
55.1019332681636        6034.618450718          44.6463261930656        0.00514391340757549     7.19276891030739        0.00514391340757543     -5.43484154303343e-05   -5.47922431234004e-05   -2.10581938306497e-07   -2.4716286301672e-07    
55.709372480716         6080.87049346765        45.1453407424391        0.00507735249719701     7.17341422489315        0.00507735249719708     -5.47922431234004e-05   -5.52443971117752e-05   -2.44492980926291e-07   -2.80563571003974e-07   
56.321428988377         6128.81300598155        45.6485391970524        0.00500971471133951     7.15350784337245        0.00500971471133958     -5.52443971117752e-05   -5.57617526501249e-05   -2.4716286301672e-07    -2.84789605026041e-07   
56.9385517173727        6178.59688397278        46.1563564485642        0.00494089138151163     7.13299564160058        0.00494089138151168     -5.57617526501249e-05   -5.62912230435236e-05   -2.80563571003974e-07   -3.01452655302141e-07   
57.5607277516758        6230.34582316963        46.6688420880373        0.00487083280452695     7.11184139528834        0.00487083280452701     -5.62912230435236e-05   -5.6856440714604e-05    -2.84789605026041e-07   -2.81526860560693e-07   
58.1884003982679        6284.23645427935        47.1864045670026        0.00479945917903386     7.0900089719866         0.0047994591790338      -5.6856440714604e-05    -5.73889187773137e-05   -3.01452655302141e-07   -2.60852298310373e-07   
58.8215401180128        6340.37649835356        47.7090347530131        0.00472677788563224     7.06747850120536        0.00472677788563231     -5.73889187773137e-05   -5.78867600017438e-05   -2.81526860560693e-07   -2.17643349805879e-07   
59.4605262698342        6398.86883465005        48.2370247831614        0.00465279215188544     7.04421827870253        0.00465279215188543     -5.78867600017438e-05   -5.83060161504383e-05   -2.60852298310373e-07   -1.54872199541095e-07   
60.1056372495874        6459.78291987988        48.7705454334652        0.0045775609530441      7.02021486603548        0.00457756095304411     -5.83060161504383e-05   -5.86072395799895e-05   -2.17643349805879e-07   -9.75317111905788e-08   
60.7569929911289        6523.148555936          49.3096033288754        0.00450119970090146     6.99547405218962        0.00450119970090147     -5.86072395799895e-05   -5.87988354916446e-05   -1.54872199541095e-07   -3.63682011105276e-08   
61.4150346737424        6589.01276463101        49.8544518733293        0.00442380785103013     6.9699983738296         0.00442380785103007     -5.87988354916446e-05   -5.88710195376123e-05   -9.75317111905788e-08   4.8755977104709e-09     
62.0800235470282        6657.39521062891        50.4051987028902        0.00434550271921862     6.94378967023783        0.00434550271921866     -5.88710195376123e-05   -5.88612393063215e-05   -3.63682011105276e-08   3.1111416785477e-08     
62.7522309128413        6728.3424486161         50.9619905792146        0.00426636731065814     6.91683697915086        0.00426636731065811     -5.88612393063215e-05   -5.87981508054163e-05   4.8755977104709e-09     8.7945795682907e-09     
63.4317074434194        6801.93344362807        51.5248515434312        0.00418644729837538     6.88911410473145        0.0041864472983754      -5.87981508054163e-05   -5.87801172493162e-05   3.1111416785477e-08     -3.16312542267027e-08   
64.1190002734988        6878.45078815621        52.0943023891347        0.00410564292767324     6.86057126286895        0.00410564292767324     -5.87801172493162e-05   -5.88457288658004e-05   8.7945795682907e-09     -1.12972585249845e-07   
64.8143157459409        6958.20165702654        52.6706825426634        0.00402379553743195     6.83110298269308        0.004023795537432       -5.88457288658004e-05   -5.90828746861853e-05   -3.16312542267027e-08   -2.05012757884273e-07   
65.5181534282243        7041.64195454274        53.254677739307         0.00394061626192015     6.80054027224925        0.00394061626192012     -5.90828746861853e-05   -5.95185835574542e-05   -1.12972585249845e-07   -3.13876151860677e-07   
66.2308439863297        7129.39485212347        53.8469241777719        0.00385576060024927     6.76870738206807        0.00385576060024933     -5.95185835574542e-05   -6.01943099309886e-05   -2.05012757884273e-07   -4.06445971512718e-07   
66.9530257622083        7222.2345272787         54.4483777662906        0.00376880511445494     6.73537853727131        0.00376880511445495     -6.01943099309886e-05   -6.10811686742784e-05   -3.13876151860677e-07   -4.84165055623643e-07   
67.6851313052787        7320.99771893644        55.0598518966049        0.00367934880070929     6.70031145758218        0.00367934880070936     -6.10811686742784e-05   -6.21526203564102e-05   -4.06445971512718e-07   -5.35892620822393e-07   
68.4278347813672        7426.66699835337        55.6823515563622        0.00358699965274671     6.66326395797122        0.00358699965274668     -6.21526203564102e-05   -6.33563118975547e-05   -4.84165055623643e-07   -5.4624250132858e-07    
69.1820118925471        7540.28164255474        56.3170066001829        0.00349141153666563     6.62397492906433        0.00349141153666556     -6.33563118975547e-05   -6.46027866742472e-05   -5.35892620822393e-07   -5.28965343528697e-07   
69.9484314814661        7662.85904515472        56.9647854873125        0.00339234529178428     6.58218097130897        0.00339234529178434     -6.46027866742472e-05   -6.58305137271955e-05   -5.4624250132858e-07    -4.93697410888771e-07   
70.7283492979614        7795.55284337518        57.6269795646737        0.00328960368823795     6.5376192641028         0.003289603688238       -6.58305137271955e-05   -6.69975377974661e-05   -5.28965343528697e-07   -4.05200888052376e-07   
71.5234916690313        7939.76144504838        58.3051883493705        0.00318303230455341     6.49005870158823        0.00318303230455344     -6.69975377974661e-05   -6.79743067292291e-05   -4.93697410888771e-07   -3.13830575372102e-07   
72.3346413567049        8096.56410132343        59.0001079008556        0.00307270665012916     6.43925026139606        0.00307270665012916     -6.79743067292291e-05   -6.87467780176459e-05   -4.05200888052376e-07   -2.11061147907084e-07   
73.1632983123683        8267.16530767249        59.7129416291843        0.00295870512448432     6.38489158884336        0.0029587051244843      -6.87467780176459e-05   -6.92780115759017e-05   -3.13830575372102e-07   -9.18590501562015e-08   
74.0113981635298        8453.1618857812         60.4451655834418        0.00284113605403394     6.3267399456959         0.00284113605403392     -6.92780115759017e-05   -6.95148151331603e-05   -2.11061147907084e-07   2.30919701988184e-08    
74.8806652044192        8655.81571812439        61.1979633595932        0.00272021344717567     6.2644055733853         0.00272021344717565     -6.95148151331603e-05   -6.94537441592725e-05   -9.18590501562015e-08   1.22276995588015e-07    
75.7730769001447        8876.85041970773        61.9726223466849        0.00259616899223273     6.19755379273862        0.00259616899223278     -6.94537441592725e-05   -6.91214154895522e-05   2.30919701988184e-08    2.09781939667593e-07    
76.6909884223256        9118.16367603179        62.7706333705489        0.00246919327007997     6.12569837982377        0.00246919327007999     -6.91214154895522e-05   -6.85343010232683e-05   1.22276995588015e-07    2.3311494521103e-07     
77.6367444781004        9381.94709224993        63.5933212234071        0.00233942167448101     6.04818573023398        0.00233942167448101     -6.85343010232683e-05   -6.78608127208576e-05   2.09781939667593e-07    2.04260078696266e-07    
78.614376192171         9671.6641689605         64.4431871656763        0.00220660118808432     5.96398994605412        0.00220660118808436     -6.78608127208576e-05   -6.72499395646645e-05   2.3311494521103e-07     8.68711271048298e-08    
79.6278540763605        9992.09926218364        65.3219584717386        0.00207015310595896     5.87156641829357        0.00207015310595895     -6.72499395646645e-05   -6.69800528951659e-05   2.04260078696266e-07    -2.91783790831107e-07   
80.6812057685388        10350.8115766611        66.2295460833075        0.00192874529751145     5.76831563426625        0.00192874529751144     -6.69800528951659e-05   -6.79265224842679e-05   8.68711271048298e-08    -1.06252738647257e-06   
81.7834101905157        10766.0190355539        67.1654231290964        0.00177860586342209     5.64926316468943        0.00177860586342205     -6.79265224842679e-05   -7.15544320606718e-05   -2.91783790831107e-07   -2.42824854245206e-06   
82.9462920956085        11281.1535964427        68.1201394918064        0.00161140912527645     5.50432464052176        0.00161140912527643     -7.15544320606718e-05   -8.04030897910445e-05   -1.06252738647257e-06   -3.64576119615526e-06   
84.1915979942184        12012.1521590833        69.068151694658         0.00140947626098092     5.31206854114895        0.00140947626098096     -8.04030897910445e-05   -9.49131475613761e-05   -2.42824854245206e-06   -2.109726498909e-07     
85.5611168358332        13248.4545559153        69.9636302533522        0.00114600814484939     5.03038050710313        0.00114600814484944     -9.49131475613761e-05   -9.59121395455077e-05   -3.64576119615526e-06   -1.62114709632842e-05   
87.128546067368         15571.3617666554        70.7927772003944        0.000817244294156188    4.6053603832999         0.000817244294156191    -9.59121395455077e-05   -0.000189596680803355   -2.109726498909e-07     -1.62114709632842e-05   
89.4796899146701        15571.3617666554        70.7927772003944        1e-09                   4.6053603832999         1.00000004206365e-09    -0.000189596680803355   -0.000189596680803355   -1.62114709632842e-05   -1.62114709632842e-05   
