x                       V                     vel                       p                      cs                  dd1[i]             dd2_left[i]            dd2_right[i]             dd3_left[i]            dd3_right[i]
-102.50542680145        16946.2898940943        -71.3159164321219       1e-09                   4.48018269688099        0.000710670139229477    6.35635081591961e-05    6.35635081591961e-05    -9.62194020824302e-07   -9.62194020824302e-07   
-99.9128844768608       16946.2898940943        -71.3159164321219       0.000710670139229477    4.48018269688099        0.000710670139229477    6.35635081591961e-05    6.35635081591961e-05    -9.62194020824302e-07   -9.62194020824302e-07   
-98.1845229271347       14766.525912339         -70.3745806213642       0.000951655576327433    4.83953281620257        0.000951655576327433    6.35635081591961e-05    5.84947282756926e-05    -9.62194020824302e-07   -1.87879407714826e-06   
-96.6512793274639       13657.0926632603        -69.3809959940472       0.00113342721660402     5.07925856207089        0.00113342721660402     5.84947282756926e-05    5.00660065731494e-05    -9.62194020824302e-07   -1.02148975838524e-06   
-95.2311529621975       12948.6774442729        -68.376688266425        0.00127638758048127     5.24841739218084        0.00127638758048127     5.00660065731494e-05    4.58163358125258e-05    -1.87879407714826e-06   -3.41624039717695e-07   
-93.8937738436723       12411.6426299714        -67.3955221236383       0.00139933950354319     5.3802264258393         0.00139933950354319     4.58163358125258e-05    4.44742132400307e-05    -1.02148975838524e-06   2.78097992197618e-09    
-92.6214931813975       11957.9847476342        -66.4474353558864       0.00151274434572987     5.49080653051196        0.00151274434572987     4.44742132400307e-05    4.44846283199047e-05    -3.41624039717695e-07   1.59204747972186e-07    
-91.4036315627865       11555.4027993641        -65.5333025944104       0.00162129936591941     5.58789871531216        0.00162129936591941     4.44846283199047e-05    4.50565411446963e-05    2.78097992197618e-09    1.91605362576187e-07    
-90.2310722524984       11190.2944584799        -64.650053495184        0.00172705783487047     5.67542740226457        0.00172705783487047     4.50565411446963e-05    4.57195600730244e-05    1.59204747972186e-07    1.91808426930031e-07    
-89.0995745639892       10857.2784047895        -63.7963492276011       0.00183061837653282     5.75550944269063        0.00183061837653282     4.57195600730244e-05    4.63609027016945e-05    1.91605362576187e-07    1.79264398287594e-07    
-88.0048782385155       10552.3611466399        -62.9699794282982       0.00193222450341221     5.82945548863594        0.00193222450341221     4.63609027016945e-05    4.69415709495537e-05    1.91808426930031e-07    1.39368580597807e-07    
-86.9425007398468       10272.1337069349        -62.1681707198406       0.00203202581095877     5.89819758148077        0.00203202581095877     4.69415709495537e-05    4.73799200880382e-05    1.79264398287594e-07    9.37029884171546e-08    
-85.9098017605811       10014.2837977958        -61.3893841799932       0.00212994654942761     5.96236659111463        0.00212994654942761     4.73799200880382e-05    4.76666503441503e-05    1.39368580597807e-07    3.67925417050251e-08    
-84.9041494582199       9776.75301838315        -60.6320325796762       0.00222587340857064     6.02243231119867        0.00222587340857064     4.76666503441503e-05    4.77763626312517e-05    9.37029884171546e-08    -2.87204822607379e-08   
-83.9232484831318       9557.68434168605        -59.8947496783187       0.00231964602749891     6.0787121052737         0.00231964602749891     4.77763626312517e-05    4.76927778730561e-05    3.67925417050251e-08    -9.54648765673317e-08   
-82.9652210219597       9355.82257398158        -59.1764400625801       0.00241107343077193     6.13155434768151        0.00241107343077193     4.76927778730561e-05    4.74212080269939e-05    -2.87204822607379e-08   -1.48763001924999e-07   
-82.0281623221979       9169.56168645256        -58.4759254219151       0.00249999982975696     6.18114102938357        0.00249999982975697     4.74212080269939e-05    4.70069724349854e-05    -9.54648765673317e-08   -2.17555642474194e-07   
-81.1098165191206       8997.57952422878        -57.7916982131415       0.0025863511971206      6.22774712793169        0.00258635119712059     4.70069724349854e-05    4.64132620661062e-05    -1.48763001924999e-07   -2.5922592145225e-07    
-80.209585588187        8838.91919800783        -57.1234123520403       0.00266995551931205     6.27156560696427        0.00266995551931206     4.64132620661062e-05    4.57191183902498e-05    -2.17555642474194e-07   -2.89122929478806e-07   
-79.3257883738458       8692.15051639794        -56.469836994442        0.00275080828440337     6.31274367843709        0.00275080828440337     4.57191183902498e-05    4.49585164630488e-05    -2.5922592145225e-07    -3.12396591308728e-07   
-78.456679167           8556.07261621352        -55.8296230812647       0.00282897799408522     6.35150128540007        0.00282897799408522     4.49585164630488e-05    4.41501014314711e-05    -2.89122929478806e-07   -3.13017153079187e-07   
-77.6012797986507       8429.66555979693        -55.2019143449183       0.00290453344052489     6.38804162881332        0.00290453344052489     4.41501014314711e-05    4.33524750863741e-05    -3.12396591308728e-07   -2.97197000489575e-07   
-76.7585253251246       8311.86714757108        -54.5857165878314       0.00297762281095733     6.42256506652579        0.00297762281095733     4.33524750863741e-05    4.26061293490021e-05    -3.13017153079187e-07   -2.67486635692401e-07   
-75.9275675458308       8201.64833407576        -53.9801284222519       0.00304844297277501     6.45526364413635        0.00304844297277502     4.26061293490021e-05    4.19436327313365e-05    -2.97197000489575e-07   -2.18590682708476e-07   
-75.1078256729075       8098.09824498815        -53.3843915240032       0.003117225936859       6.48634487320729        0.003117225936859       4.19436327313365e-05    4.14093409057897e-05    -2.67486635692401e-07   -1.6719998481689e-07    
-74.2984862346503       8000.3057575468         -52.7975491842283       0.00318426381955506     6.51601669850714        0.00318426381955506     4.14093409057897e-05    4.1005779329965e-05     -2.18590682708476e-07   -1.08691705485627e-07   
-73.4990924606175       7907.46507496443        -52.2189031143316       0.00324983638074509     6.54445919335466        0.00324983638074509     4.1005779329965e-05     4.07465824232101e-05    -1.6719998481689e-07    -6.11671597614779e-08   
-72.709008742913        7818.9090348849         -51.6476550494928       0.00331422948941414     6.57186666765517        0.00331422948941414     4.07465824232101e-05    4.06023978114548e-05    -1.08691705485627e-07   -1.86026343553372e-08   
-71.9279069058084       7734.09488357907        -51.0832857519704       0.00337767008069097     6.59838627866568        0.00337767008069097     4.06023978114548e-05    4.0559034867191e-05     -6.11671597614779e-08   5.10864096622509e-10    
-71.1552265767799       7652.51524646701        -50.5251840704625       0.00344035074998174     6.62411460340543        0.00344035074998173     4.0559034867191e-05     4.05602128150146e-05    -1.86026343553372e-08   6.68730259742983e-09    
-70.3908527393707       7573.89924236449        -49.973145287925        0.00350236341377171     6.64912871561012        0.00350236341377171     4.05602128150146e-05    4.057546941976e-05      5.10864096622509e-10    -6.51465057657823e-09   
-69.634473129002        7498.05633911448        -49.42690326162         0.00356375011114864     6.67347974097447        0.00356375011114864     4.057546941976e-05      4.05607595896342e-05    6.68730259742983e-09    -2.8300981858043e-08    
-68.8858027519805       7424.88057108733        -48.8862786992088       0.00362449328683148     6.69719217103101        0.00362449328683148     4.05607595896342e-05    4.04974926276968e-05    -6.51465057657823e-09   -6.35877789028255e-08   
-68.1443535832079       7354.29038728311        -48.350991858593        0.00368455022362932     6.72027433605441        0.00368455022362933     4.04974926276968e-05    4.03567127891771e-05    -2.8300981858043e-08    -1.00178829163635e-07   
-67.4099640173467       7286.26670685445        -47.8210211943481       0.00374382959864355     6.74271717741109        0.00374382959864355     4.03567127891771e-05    4.01369969191371e-05    -6.35877789028255e-08   -1.2786317646976e-07    
-66.6824220725841       7220.7943898439         -47.296308981589        0.00380224166007437     6.76451590382931        0.00380224166007437     4.01369969191371e-05    3.98591150604322e-05    -1.00178829163635e-07   -1.5894276385977e-07    
-65.9612611549753       7157.82445888931        -46.7765967736026       0.00385973083453253     6.78568048321195        0.00385973083453253     3.98591150604322e-05    3.95167461052515e-05    -1.2786317646976e-07    -1.73339225709575e-07   
-65.2465062287448       7097.3080166073         -46.2619522844688       0.00391622744590463     6.80620702578125        0.00391622744590463     3.95167461052515e-05    3.91465655496542e-05    -1.5894276385977e-07    -1.75677884870353e-07   
-64.5378013193689       7039.11831476352        -45.7521365391265       0.00397172265584586     6.82610500064835        0.00397172265584586     3.91465655496542e-05    3.87745120277783e-05    -1.73339225709575e-07   -1.83683637018497e-07   
-63.8347130013032       6983.12328466428        -45.2468253867553       0.00402624297663307     6.84540613353734        0.00402624297663308     3.87745120277783e-05    3.83886275061842e-05    -1.75677884870353e-07   -1.64310547206665e-07   
-63.1374213982146       6929.23277243661        -44.7461123010967       0.0040797918079445      6.86413712716651        0.0040797918079445      3.83886275061842e-05    3.80461465454059e-05    -1.83683637018497e-07   -1.66332280952735e-07   
-62.4452650598806       6877.2687736305         -44.2494718758084       0.00413245382656073     6.88234403623698        0.00413245382656074     3.80461465454059e-05    3.77020900014403e-05    -1.64310547206665e-07   -1.43244368926581e-07   
-61.7585459535411       6827.13193050065        -43.7570652502448       0.00418424765077568     6.90004960631117        0.00418424765077569     3.77020900014403e-05    3.7407978285201e-05     -1.66332280952735e-07   -1.43570266600721e-07   
-61.0766098391202       6778.65208428362        -43.2683706421891       0.00423526386144396     6.91729477491842        0.00423526386144397     3.7407978285201e-05     3.71153151690177e-05    -1.43244368926581e-07   -1.31299038581479e-07   
-60.3996434175401       6731.73994756123        -42.7834778576386       0.00428552313691143     6.93409779002101        0.00428552313691144     3.71153151690177e-05    3.68495242749751e-05    -1.43570266600721e-07   -1.31794774359975e-07   
-59.7272354690197       6686.2785703142         -42.3020597034832       0.00433508080444557     6.9504865397257         0.00433508080444558     3.68495242749751e-05    3.6584525089169e-05     -1.31299038581479e-07   -1.3724098413475e-07    
-59.0592860470443       6642.18936931588        -41.8240237415485       0.00438395804140181     6.96647681138345        0.00438395804140182     3.6584525089169e-05     3.63103046047224e-05    -1.31794774359975e-07   -1.17160090215077e-07   
-58.3955758138955       6599.40002572545        -41.3492020735484       0.00443217507676374     6.98208377630612        0.00443217507676374     3.63103046047224e-05    3.60776358613689e-05    -1.3724098413475e-07    -1.69774789035103e-07   
-57.7351136519104       6557.79560239549        -40.8768822021505       0.00447980024794253     6.99733453604153        0.00447980024794254     3.60776358613689e-05    3.57424402647043e-05    -1.17160090215077e-07   -1.1145346120682e-07    
-57.0795989840747       6517.49380974006        -40.4082796767665       0.00452670391471065     7.01222322598817        0.00452670391471065     3.57424402647043e-05    3.55236829131396e-05    -1.69774789035103e-07   -1.89059233196883e-07   
-56.4265541366607       6478.23893193091        -39.9416247724457       0.00457305451149514     7.02677495657504        0.00457305451149514     3.55236829131396e-05    3.51547312118858e-05    -1.1145346120682e-07    -1.26366563216468e-07   
-55.7785981731714       6440.2485855908         -39.4787897945217       0.00461865842532321     7.04098813981566        0.00461865842532322     3.51547312118858e-05    3.490950011885e-05      -1.89059233196883e-07   -1.73125414340509e-07   
-55.1330868770662       6403.23047987147        -39.0178844113995       0.0046636963010981      7.05487093008029        0.00466369630109809     3.490950011885e-05      3.45754945724335e-05    -1.26366563216468e-07   -1.77674643731467e-07   
-54.4918007127591       6367.30778619373        -38.5601765988981       0.0047080406060982      7.06842080535265        0.0047080406060982      3.45754945724335e-05    3.42346566672659e-05    -1.73125414340509e-07   -1.33888157230646e-07   
-53.854813003085        6332.39080374815        -38.1057123023686       0.00475168730664553     7.0816124579657         0.00475168730664552     3.42346566672659e-05    3.39793330021338e-05    -1.77674643731467e-07   -2.03057184281579e-07   
-53.2202198607808       6298.43484030495        -37.6531262414716       0.00479476818120686     7.09454426110877        0.00479476818120686     3.39793330021338e-05    3.35943249551926e-05    -1.33888157230646e-07   -1.47012736554637e-07   
-52.5906834243356       6265.46641094182        -37.2043086475028       0.0048371059945089      7.10712378940558        0.00483710599450889     3.35943249551926e-05    3.33171362242186e-05    -2.03057184281579e-07   -1.75655730033362e-07   
-51.9638157863911       6233.39183925514        -36.7575485152876       0.00487886600865625     7.11944327916834        0.00487886600865626     3.33171362242186e-05    3.29877116850239e-05    -1.47012736554637e-07   -1.70060967858376e-07   
-51.3402685532834       6202.17981698081        -36.3133022612482       0.0049200081747323      7.13147663539434        0.00492000817473228     3.29877116850239e-05    3.2670354129941e-05     -1.75655730033362e-07   -1.688413992992e-07     
-50.7198372015494       6171.82286484325        -35.8714164980851       0.00496054987732343     7.14325266190178        0.00496054987732342     3.2670354129941e-05     3.23568533172034e-05    -1.70060967858376e-07   -1.76182070711111e-07   
-50.1023822382285       6142.24557964253        -35.4317847193923       0.00500050371934775     7.15475621133124        0.00500050371934776     3.23568533172034e-05    3.20313501583394e-05    -1.688413992992e-07     -1.72517293698052e-07   
-49.48814826881         6113.46207669613        -34.9945745626613       0.00503985728700459     7.16600497674764        0.00503985728700459     3.20313501583394e-05    3.17141920803649e-05    -1.76182070711111e-07   -1.72344912431247e-07   
-48.8768804835759       6085.40148796269        -34.5595986269976       0.00507863006812718     7.17698903596223        0.0050786300681272      3.17141920803649e-05    3.1398918275302e-05     -1.72517293698052e-07   -1.85878766578482e-07   
-48.2685124633216       6058.0267191868         -34.1268043168464       0.0051168289879443      7.18770787832441        0.00511682898794429     3.1398918275302e-05     3.10605113342468e-05    -1.72344912431247e-07   -1.64707262748173e-07   
-47.6633802502897       6031.28584617563        -33.6964257609708       0.00515443584039161     7.19813354617875        0.00515443584039162     3.10605113342468e-05    3.07620463637619e-05    -1.85878766578482e-07   -1.89297817029179e-07   
-47.0604909101417       6005.06655086993        -33.2677524700633       0.00519151467135022     7.20825812306918        0.00519151467135021     3.07620463637619e-05    3.04205824635895e-05    -1.64707262748173e-07   -1.76751626017741e-07   
-46.4607149122187       5979.34549499471        -32.8413994737734       0.00522801432397777     7.21804496797717        0.00522801432397778     3.04205824635895e-05    3.01031694936682e-05    -1.89297817029179e-07   -1.78807403582102e-07   
-45.8634880188971       5954.05884349551        -32.4169619680208       0.00526397198523475     7.22749368160678        0.00526397198523474     3.01031694936682e-05    2.97834986706982e-05    -1.76751626017741e-07   -1.88596390945811e-07   
-45.2687559857038       5929.20406137171        -31.9943980358022       0.00529939328172692     7.23661801405661        0.0052993932817269      2.97834986706982e-05    2.94477949980535e-05    -1.78807403582102e-07   -1.81580151351065e-07   
-44.6768616164152       5904.84268524377        -31.5739479130952       0.00533426040315862     7.24545472724989        0.00533426040315861     2.94477949980535e-05    2.91259507223255e-05    -1.88596390945811e-07   -1.81926976702672e-07   
-44.087319079268        5881.01619877356        -31.1552632144333       0.00536860429031013     7.25406194212584        0.00536860429031016     2.91259507223255e-05    2.88048190027113e-05    -1.81580151351065e-07   -1.92477239289016e-07   
-43.4999969876348       5857.80092363287        -30.738247512701        0.00540243410358327     7.26250455901587        0.00540243410358328     2.88048190027113e-05    2.84664345413497e-05    -1.81926976702672e-07   -1.86481086451191e-07   
-42.9152841527388       5835.29954808171        -30.3231737042219       0.0054357289268075      7.27084435148291        0.00543572892680751     2.84664345413497e-05    2.81399045664143e-05    -1.92477239289016e-07   -1.92324909342385e-07   
-42.3327980929511       5813.606642797          -29.9097671738737       0.0054685116645292      7.27916842081106        0.00546851166452921     2.81399045664143e-05    2.78044285963963e-05    -1.86481086451191e-07   -1.91910636145824e-07   
-41.7525008938354       5792.80608202911        -29.4979980919606       0.0055007848050511      7.28754413075641        0.00550078480505108     2.78044285963963e-05    2.7470857123929e-05     -1.92324909342385e-07   -1.9282989852167e-07    
-41.1741424911363       5772.88658075924        -29.0876862341193       0.00553256223529917     7.29598682900104        0.00553256223529918     2.7470857123929e-05     2.71368221502263e-05    -1.91910636145824e-07   -2.00464981994786e-07   
-40.5976189089091       5753.74467104744        -28.6787552182454       0.00556384963737266     7.3044472984548         0.00556384963737264     2.71368221502263e-05    2.67906935502332e-05    -1.9282989852167e-07    -1.93905841177395e-07   
-40.0231242567767       5735.25305080807        -28.2713402332903       0.00559463717424443     7.31284941293401        0.00559463717424444     2.67906935502332e-05    2.64569532747948e-05    -2.00464981994786e-07   -2.01815128312687e-07   
-39.4502616410392       5717.28995292743        -27.8651575180614       0.00562494723743124     7.32113997570421        0.00562494723743126     2.64569532747948e-05    2.61106552122776e-05    -1.93905841177395e-07   -1.98637002932002e-07   
-38.8792076298779       5699.79221609684        -27.4603301439306       0.0056547718364334      7.32928196768582        0.00565477183643339     2.61106552122776e-05    2.57707845513412e-05    -2.01815128312687e-07   -1.99094564952548e-07   
-38.3097010106914       5682.69059251598        -27.0566708870653       0.00568412619097209     7.33724862512177        0.00568412619097207     2.57707845513412e-05    2.54310718205453e-05    -1.98637002932002e-07   -2.02501667414511e-07   
-37.7416572093032       5665.94830187858        -26.6541178735674       0.00571301609213684     7.34502709614332        0.00571301609213686     2.54310718205453e-05    2.50864920634554e-05    -1.99094564952548e-07   -2.02914256939432e-07   
-37.1752354211936       5649.54980880652        -26.2527820017964       0.00574143505394871     7.35260988938746        0.00574143505394869     2.50864920634554e-05    2.47421753724879e-05    -2.02501667414511e-07   -2.0218275792086e-07    
-36.6104443819106       5633.49635845934        -25.8526675457922       0.00576938444019489     7.36000523487018        0.00576938444019492     2.47421753724879e-05    2.44000678774465e-05    -2.02914256939432e-07   -2.04695289007896e-07   
-36.0471977319724       5617.77687642705        -25.4537114377141       0.00579687024214288     7.36721607324847        0.0057968702421429      2.44000678774465e-05    2.40546777276197e-05    -2.0218275792086e-07    -2.0497131838096e-07    
-35.4855537525683       5602.38621177292        -25.0559531135644       0.0058238913236171      7.37424441895534        0.00582389132361708     2.40546777276197e-05    2.37097713329444e-05    -2.04695289007896e-07   -2.0435309534477e-07    
-34.9254499502623       5587.3059767363         -24.6593465050028       0.0058504524399025      7.38108707938502        0.00585045243990251     2.37097713329444e-05    2.33668311169654e-05    -2.0497131838096e-07    -2.07728519479031e-07   
-34.3667808719366       5572.52685422076        -24.2638152120784       0.00587656022167563     7.38774769982175        0.00587656022167561     2.33668311169654e-05    2.30191372837378e-05    -2.0435309534477e-07    -2.05024397750592e-07   
-33.8096210021376       5558.04965590023        -23.8694102884949       0.00590221282074296     7.39423107760146        0.00590221282074297     2.30191372837378e-05    2.26768544103302e-05    -2.07728519479031e-07   -2.09282399067939e-07   
-33.2538035228353       5543.86636582438        -23.4760120064396       0.00592741949118381     7.40054294779622        0.00592741949118381     2.26768544103302e-05    2.23283596153117e-05    -2.05024397750592e-07   -2.08675308052397e-07   
-32.6994795725286       5529.99285784976        -23.08372573232         0.0059521749556848      7.40669573129714        0.00595217495568482     2.23283596153117e-05    2.19817466098159e-05    -2.09282399067939e-07   -2.06506360194612e-07   
-32.1465438600658       5516.42326027947        -22.692475332527        0.00597648556260323     7.41269451372316        0.00597648556260318     2.19817466098159e-05    2.16395925761715e-05    -2.08675308052397e-07   -2.14094589621187e-07   
-31.5948488564406       5503.15988350198        -22.3021548397223       0.00600035921366533     7.41855063464157        0.00600035921366534     2.16395925761715e-05    2.1285730677219e-05     -2.06506360194612e-07   -2.07081763418202e-07   
-31.0446957824224       5490.21140936428        -21.9129757600832       0.00602378446581487     7.42426766329718        0.00602378446581484     2.1285730677219e-05     2.09442759194708e-05    -2.14094589621187e-07   -2.12518500584286e-07   
-30.4956682257227       5477.5653501227         -21.5246419318644       0.00604678053841055     7.42985369494738        0.00604678053841058     2.09442759194708e-05    2.0594673135946e-05     -2.07081763418202e-07   -2.12292737427911e-07   
-29.9479473025655       5465.22170723778        -21.1372799109885       0.00606934109736243     7.43530930918317        0.00606934109736244     2.0594673135946e-05     2.02462373479e-05       -2.12518500584286e-07   -2.13055253673939e-07   
-29.4015046378874       5453.17943558176        -20.7508680838745       0.00609146870482035     7.44063974328555        0.00609146870482038     2.02462373479e-05       1.98973308651854e-05    -2.12292737427911e-07   -2.11395882141855e-07   
-28.8562620259713       5441.42800963127        -20.3653496402334       0.00611316777872712     7.44584474486062        0.00611316777872716     1.98973308651854e-05    1.95518959013605e-05    -2.13055253673939e-07   -2.17515676967265e-07   
-28.3120859208045       5429.96073357662        -19.9806287128764       0.00613444462158675     7.45092761758744        0.00613444462158674     1.95518959013605e-05    1.9197219800385e-05     -2.11395882141855e-07   -2.12996349238068e-07   
-27.7692326924996       5418.78067683725        -19.5968851305917       0.00615529026499015     7.45588894188715        0.00615529026499011     1.9197219800385e-05     1.88506365768175e-05    -2.17515676967265e-07   -2.16334628840003e-07   
-27.2273795946212       5407.8748753944         -19.2138893609593       0.00617571803078321     7.46073168621245        0.00617571803078326     1.88506365768175e-05    1.8499336872615e-05     -2.12996349238068e-07   -2.17700720260262e-07   
-26.6866100046307       5397.24072715721        -18.831699007558        0.00619572540847253     7.46545617147077        0.00619572540847257     1.8499336872615e-05     1.81465207372098e-05    -2.16334628840003e-07   -2.18142246520332e-07   
-26.1469649988204       5386.87982516522        -18.4503417766156       0.00621531160502513     7.47006656510114        0.00621531160502513     1.81465207372098e-05    1.7793675184848e-05     -2.17700720260262e-07   -2.16872627506304e-07   
-25.6083522206185       5376.78084574974        -18.0697510852331       0.00623448063966983     7.47456086631787        0.00623448063966984     1.7793675184848e-05     1.74435471763483e-05    -2.18142246520332e-07   -2.22431382968103e-07   
-25.0706330822152       5366.93941108007        -17.6898277252075       0.00625323789288198     7.47894253823891        0.00625323789288203     1.74435471763483e-05    1.70851089822406e-05    -2.16872627506304e-07   -2.18860974398821e-07   
-24.5340604111475       5357.35892915062        -17.3107490497372       0.00627157515542298     7.48321222902131        0.00627157515542296     1.70851089822406e-05    1.67330617883442e-05    -2.22431382968103e-07   -2.21428833811128e-07   
-23.9983465397428       5348.02813360638        -16.9323105640923       0.00628950290199697     7.48737141973946        0.00628950290199699     1.67330617883442e-05    1.63775139550213e-05    -2.18860974398821e-07   -2.23127847396156e-07   
-23.4635536261591       5338.9449780086         -16.5545549662519       0.00630701954932508     7.49142068736756        0.00630701954932508     1.63775139550213e-05    1.60198526588091e-05    -2.21428833811128e-07   -2.22242608476445e-07   
-22.9297438877066       5330.11102941092        -16.177525020314        0.00632412378491625     7.49536322639337        0.00632412378491629     1.60198526588091e-05    1.56642111876256e-05    -2.23127847396156e-07   -2.23259961475151e-07   
-22.3967763898168       5321.5167715699         -15.8011200469237       0.0063408208705567      7.49919824694479        0.00634082087055667     1.56642111876256e-05    1.53075251597026e-05    -2.22242608476445e-07   -2.24701860212546e-07   
-21.8646441414952       5313.1579767834         -15.4253340305878       0.00635711171850853     7.50292596663648        0.00635711171850855     1.53075251597026e-05    1.49491087358723e-05    -2.23259961475151e-07   -2.2443235584891e-07    
-21.3334003985168       5305.03179739624        -15.0502035380639       0.00637299552909413     7.50654646808464        0.00637299552909417     1.49491087358723e-05    1.45916863350868e-05    -2.24701860212546e-07   -2.25009132039646e-07   
-20.802968951984        5297.12285608811        -14.6756737400292       0.00638847546715986     7.51005319695436        0.0063884754671599      1.45916863350868e-05    1.42338977068255e-05    -2.2443235584891e-07    -2.26124574163262e-07   
-20.2733279421095       5289.43394853004        -14.3017282209626       0.00640355300156399     7.51345134161436        0.00640355300156399     1.42338977068255e-05    1.38748746253562e-05    -2.25009132039646e-07   -2.26353094818171e-07   
-19.7445023104375       5281.96850294572        -13.92838361749         0.00641822826642404     7.51674569965483        0.00641822826642405     1.38748746253562e-05    1.3516004678098e-05     -2.26124574163262e-07   -2.25727801774222e-07   
-19.2164219757859       5274.72537589469        -13.5555894846478       0.00643250400243747     7.51993928302184        0.00643250400243749     1.3516004678098e-05     1.31586246777894e-05    -2.26353094818171e-07   -2.28770517039957e-07   
-18.688988763237        5267.70664931429        -13.1832755641264       0.00644638347402389     7.52303762786299        0.00644638347402393     1.31586246777894e-05    1.27969179514639e-05    -2.25727801774222e-07   -2.27032224719904e-07   
-18.1623728709157       5260.91476208886        -12.8115610483607       0.00645986289007501     7.52604234635372        0.00645986289007504     1.27969179514639e-05    1.24384288237963e-05    -2.28770517039957e-07   -2.28171236673686e-07   
-17.6363718564586       5254.3477630892         -12.4403021138324       0.00647294809915303     7.52895747158676        0.00647294809915305     1.24384288237963e-05    1.20785946164895e-05    -2.27032224719904e-07   -2.29612015212003e-07   
-17.1109926791243       5248.01117771954        -12.0695027898333       0.00648563940874807     7.53178908712578        0.00648563940874805     1.20785946164895e-05    1.17169201183982e-05    -2.28171236673686e-07   -2.28750797669637e-07   
-16.5862973678077       5241.91920094911        -11.6992060143727       0.00649793590439386     7.53454875708988        0.00649793590439381     1.17169201183982e-05    1.13570155433165e-05    -2.29612015212003e-07   -2.30181905810843e-07   
-16.06213749658         5236.08951328729        -11.3293062542667       0.00650984158420606     7.53725339588001        0.00650984158420602     1.13570155433165e-05    1.09952422273706e-05    -2.28750797669637e-07   -2.29698003383532e-07   
-15.538531344402        5230.56001918862        -10.9598156883418       0.00652135642675123     7.5399321611276         0.00652135642675118     1.09952422273706e-05    1.06345896191805e-05    -2.30181905810843e-07   -2.31796009378102e-07   
-15.015389855431        5225.38651234718        -10.5906708013985       0.00653248268976084     7.54262851389992        0.0065324826897608      1.06345896191805e-05    1.02709872837583e-05    -2.29698003383532e-07   -2.30800504007637e-07   
-14.4928121564498       5220.65718282887        -10.2219408994633       0.00654321850983214     7.54540707010718        0.00654321850983219     1.02709872837583e-05    9.90925552813096e-06    -2.31796009378102e-07   -2.32316655217648e-07   
-13.9705952933824       5216.49806561267        -9.85348215223937       0.00655356805622753     7.54836351891056        0.00655356805622748     9.90925552813096e-06    9.54541955275532e-06    -2.30800504007637e-07   -2.33620086644357e-07   
-13.4487421482164       5213.09887824321        -9.48529596617544       0.00656353083632331     7.55163726619949        0.00656353083632334     9.54541955275532e-06    9.17976040893144e-06    -2.32316655217648e-07   -2.34022163698841e-07   
-12.9272180101066       5210.73177862714        -9.11735719825332       0.00657310672255138     7.55542808003029        0.00657310672255139     9.17976040893144e-06    8.81362268005778e-06    -2.33620086644357e-07   -2.36272225335624e-07   
-12.4058152576414       5209.76980915539        -8.7495186890498        0.00658229804703031     7.56001076280991        0.00658229804703028     8.81362268005778e-06    8.44401025129874e-06    -2.34022163698841e-07   -2.37913826977623e-07   
-11.8844362624647       5210.71732430033        -8.38171085984094       0.00659110419082625     7.56575407052583        0.00659110419082625     8.44401025129874e-06    8.07172716539354e-06    -2.36272225335624e-07   -2.3998719751662e-07    
-11.3628241239404       5214.22892566872        -8.01375176467679       0.00659952615294181     7.573136752405          0.00659952615294186     8.07172716539354e-06    7.69590451247793e-06    -2.37913826977623e-07   -2.4298145024534e-07    
-10.8406467250566       5221.12424326219        -7.64540642086623       0.00660756464595729     7.58275631085972        0.00660756464595724     7.69590451247793e-06    7.31484814992994e-06    -2.3998719751662e-07    -2.45925853386785e-07   
-10.317582280477        5232.39018306914        -7.27644718171973       0.00661521859675459     7.59532804256616        0.0066152185967546      7.31484814992994e-06    6.92831552784472e-06    -2.4298145024534e-07    -2.48981195079611e-07   
-9.79317231782591       5249.15584114195        -6.90655005136391       0.00662248725634436     7.61166513369755        0.00662248725634433     6.92831552784472e-06    6.53571233812678e-06    -2.45925853386785e-07   -2.51860935872709e-07   
-9.26680941230007       5272.64472615016        -6.5352860554431        0.00662937002493835     7.6326396591316         0.00662937002493833     6.53571233812678e-06    6.13678006346646e-06    -2.48981195079611e-07   -2.5456842104032e-07    
-8.7377421470922        5304.0885482085         -6.16212474688805       0.00663586612716831     7.65911456289804        0.00663586612716826     6.13678006346646e-06    5.73114647989883e-06    -2.51860935872709e-07   -2.56222622457463e-07   
-8.20513512019063       5344.60648194717        -5.78647652092203       0.00664197381945499     7.69185026812823        0.00664197381945498     5.73114647989883e-06    5.31976104672617e-06    -2.5456842104032e-07    -2.56982652491426e-07   
-7.66801312988344       5395.05214055336        -5.40765322424922       0.00664769118455513     7.73139062038344        0.0066476911845551      5.31976104672617e-06    4.90328447368203e-06    -2.56222622457463e-07   -2.56156054636159e-07   
-7.12538221522129       5455.84362070047        -5.02495349565041       0.00665301505461567     7.77793993121455        0.00665301505461568     4.90328447368203e-06    4.48351811044189e-06    -2.56982652491426e-07   -2.53615289951318e-07   
-6.57621344019842       5526.79924436432        -4.63765129588541       0.00665794171004063     7.83125226385434        0.00665794171004059     4.48351811044189e-06    4.06258256639754e-06    -2.56156054636159e-07   -2.49385187501147e-07   
-6.01950797851404       5607.0068629753         -4.24504178557856       0.00666246677928178     7.89055310226284        0.00666246677928182     4.06258256639754e-06    3.64275477671439e-06    -2.53615289951318e-07   -2.43625227844971e-07   
-5.45440655669822       5694.75535968598        -3.84651849499306       0.00666658496480209     7.95451344197208        0.00666658496480208     3.64275477671439e-06    3.22632297320371e-06    -2.49385187501147e-07   -2.36636934286547e-07   
-4.88028672661321       5787.55044470669        -3.44164191838505       0.00667029010539839     8.02128839046666        0.00667029010539842     3.22632297320371e-06    2.8153770195311e-06     -2.43625227844971e-07   -2.28691984054396e-07   
-4.29680840947403       5882.21959377932        -3.03017163567177       0.0066735756472761      8.08861725234666        0.00667357564727615     2.8153770195311e-06     2.4118586180302e-06     -2.36636934286547e-07   -2.20654765733797e-07   
-3.70388707891791       5975.10274754837        -2.61204741115968       0.00667643529952949     8.15397519639425        0.00667643529952951     2.4118586180302e-06     2.01647533838218e-06    -2.28691984054396e-07   -2.1275404901796e-07    
-3.10188145288207       6062.29533145119        -2.18752156642675       0.00667886245818582     8.21474656736941        0.00667886245818579     2.01647533838218e-06    1.62975581746145e-06    -2.20654765733797e-07   -2.05693142118706e-07   
-2.49148614998692       6139.93367507737        -1.75708328733661       0.00668085111883763     8.26841205660933        0.00668085111883764     1.62975581746145e-06    1.25112744994141e-06    -2.1275404901796e-07    -1.99761632326433e-07   
-1.87384237165853       6204.45983862565        -1.32153667774486       0.00668239568984098     8.31270670754754        0.00668239568984094     1.25112744994141e-06    8.79581148389003e-07    -2.05693142118706e-07   -1.9529381856553e-07    
-1.25043864315334       6252.85968562617        -0.881930760002361      0.0066834915852596      8.34575092414213        0.00668349158525956     8.79581148389003e-07    5.13531542016739e-07    -1.99761632326433e-07   -1.92519775639321e-07   
-0.623032428781608      6282.85290314651        -0.439504195876893      0.00668413546626188     8.36614605809509        0.00668413546626183     5.13531542016739e-07    1.50964158108534e-07    -1.9529381856553e-07    -1.9155148472592e-07    
0.00641043621082683     6293.02475455331        0.00435742798843732     0.00668432535931912     8.37303459064511        0.00668432535931916     1.50964158108534e-07    -2.10358896462424e-07   -1.92519775639321e-07   -1.92446912217098e-07   
0.635855468161986       6282.89698469135        0.448220129561785       0.00668406075458666     8.36612865074465        0.00668406075458669     -2.10358896462424e-07   -5.72791522581706e-07   -1.9155148472592e-07    -1.95143289686086e-07   
1.26326812381763        6252.94674782129        0.890649897307436       0.0066833425643383      8.34571598209273        0.00668334256433832     -5.72791522581706e-07   -9.3856392501367e-07    -1.92446912217098e-07   -1.99526588335405e-07   
1.88668240944588        6204.58799670787        1.33026106987621        0.0066821731608625      8.31265414752422        0.00668217316086252     -9.3856392501367e-07    -1.30968050635287e-06   -1.95143289686086e-07   -2.05361634159433e-07   
2.50434065711638        6140.10071268406        1.7658149015968         0.00668055626580954     8.26834206364081        0.00668055626580958     -1.30968050635287e-06   -1.68770866647977e-06   -1.99526588335405e-07   -2.12310462055237e-07   
3.1147541370506         6062.49893483607        2.19626230527567        0.00667849682875491     8.2146596511595         0.00667849682875489     -1.68770866647977e-06   -2.0736345296362e-06    -2.05361634159433e-07   -2.20083426629779e-07   
3.71678143690675        5975.34046714627        2.62079912351953        0.00667600078000605     8.1538720474253         0.00667600078000602     -2.0736345296362e-06    -2.46800937498066e-06   -2.12310462055237e-07   -2.27969559446733e-07   
4.30972769492551        5882.48883875466        3.03893610526326        0.00667307442915435     8.0884986091033         0.00667307442915436     -2.46800937498066e-06   -2.87027109356091e-06   -2.20083426629779e-07   -2.35746388548627e-07   
4.89323392087066        5787.84863154474        3.45042085089551        0.00666972466609905     8.02115502712063        0.00666972466609909     -2.87027109356091e-06   -3.27969116859022e-06   -2.27969559446733e-07   -2.42544158342835e-07   
5.46738439164624        5695.08007621319        3.85531353724431        0.00666595803628934     7.95436618063152        0.00666595803628935     -3.27969116859022e-06   -3.6942982609865e-06    -2.35746388548627e-07   -2.48098649719501e-07   
6.03251898855525        5607.35592995714        4.2538545636114         0.00666178133529295     7.89039279488382        0.00666178133529298     -3.6942982609865e-06    -4.11198577159744e-06   -2.42544158342835e-07   -2.52113369855473e-07   
6.58926001067376        5527.17072129246        4.64648344781365        0.00665720094658868     7.83107976353894        0.00665720094658869     -4.11198577159744e-06   -4.53045622854885e-06   -2.48098649719501e-07   -2.54434883976193e-07   
7.13846659592831        5456.2357891129         5.03380667849764        0.00665222237157309     7.7777560796709         0.00665222237157313     -4.53045622854885e-06   -4.94743170690444e-06   -2.52113369855473e-07   -2.55044797017674e-07   
7.681137418883          5395.4634643209         5.41652909968954        0.00664685017302568     7.73119624868139        0.00664685017302575     -4.94743170690444e-06   -5.36079894230543e-06   -2.54434883976193e-07   -2.54077151882263e-07   
8.2183012458705         5345.03554505123        5.79537674030118        0.0066410882547098      7.69164620213017        0.00664108825470981     -5.36079894230543e-06   -5.7687721761741e-06    -2.55044797017674e-07   -2.52232376482326e-07   
8.75095187085558        5304.5339833712         6.17105095105448        0.006634939962051       7.65890162994747        0.00663493996205103     -5.7687721761741e-06    -6.17071703643094e-06   -2.54077151882263e-07   -2.49351988642593e-07   
9.28006435356455        5273.10515257253        6.54423988991395        0.00662840737810894     7.63241869689812        0.00662840737810891     -6.17071703643094e-06   -6.56570964339158e-06   -2.52232376482326e-07   -2.46322377888288e-07   
9.80647396796126        5249.62981740764        6.91553317440129        0.00662149240638102     7.611437005397          0.00662149240638109     -6.56570964339158e-06   -6.95415529052599e-06   -2.49351988642593e-07   -2.43139429705278e-07   
10.3309320005698        5232.87618158           7.28546126006179        0.00661419596967412     7.59509365204605        0.00661419596967411     -6.95415529052599e-06   -7.33634382311199e-06   -2.46322377888288e-07   -2.40090211892366e-07   
10.854045715003         5221.62063343664        7.65445310507178        0.00660651880451833     7.58251661223151        0.00660651880451833     -7.33634382311199e-06   -7.71290178917906e-06   -2.43139429705278e-07   -2.37013272383262e-07   
11.3762733832506        5214.73395975944        8.02283265777443        0.00659846178300589     7.57289274782273        0.00659846178300596     -7.71290178917906e-06   -8.08410320821659e-06   -2.40090211892366e-07   -2.34880132087145e-07   
11.8979365649103        5211.22912670714        8.39082749469613        0.00659002608344069     7.5655067985987         0.00659002608344069     -8.08410320821659e-06   -8.45167534051804e-06   -2.37013272383262e-07   -2.33199253943998e-07   
12.4193671618175        5210.28638456928        8.7586725303562         0.0065812110744282      7.55976128977957        0.00658121107442816     -8.45167534051804e-06   -8.8165167468149e-06    -2.34880132087145e-07   -2.30930413202343e-07   
12.9408218750741        5211.25104687321        9.12654964804654        0.00657201581649503     7.555177507707          0.00657201581649505     -8.8165167468149e-06    -9.17785331031205e-06   -2.33199253943998e-07   -2.30529263511194e-07   
13.4623981374541        5213.61872025404        9.49452835983816        0.00656244096371481     7.55138674449772        0.00656244096371481     -9.17785331031205e-06   -9.53871073443725e-06   -2.30930413202343e-07   -2.29246288564427e-07   
13.9843033891256        5217.01633446639        9.86275576252108        0.00655248419273575     7.54811423081235        0.00655248419273572     -9.53871073443725e-06   -9.89777384790722e-06   -2.30529263511194e-07   -2.2777100195589e-07    
14.5065721266015        5221.17166240994        10.231256904631         0.00654214561249279     7.54516017980035        0.00654214561249276     -9.89777384790722e-06   -1.02547927197185e-05   -2.29246288564427e-07   -2.28821526006808e-07   
15.0292012259914        5225.89488500483        10.6000302565458        0.00653142566690707     7.5423851206011         0.00653142566690703     -1.02547927197185e-05   -1.0613764173821e-05    -2.2777100195589e-07    -2.26802201508215e-07   
15.552393405905         5231.05991141681        10.9692195236493        0.0065203201174996      7.53969331563036        0.00652032011749953     -1.0613764173821e-05    -1.09699041431393e-05   -2.28821526006808e-07   -2.27376722674378e-07   
16.0760492816434        5236.57861866593        11.3387552441135        0.00650883072071414     7.53702016544642        0.00650883072071409     -1.09699041431393e-05   -1.13273020602522e-05   -2.26802201508215e-07   -2.26057482766434e-07   
16.6002576896711        5242.39536404304        11.7087007953695        0.00649695509149624     7.53432227123047        0.00649695509149625     -1.13273020602522e-05   -1.16830015086718e-05   -2.27376722674378e-07   -2.27039631034107e-07   
17.125000136146         5248.47236758468        12.0790438480901        0.00648469309202647     7.53157049865965        0.00648469309202639     -1.16830015086718e-05   -1.20406556160192e-05   -2.26057482766434e-07   -2.25741813502499e-07   
17.6504248504766        5254.79195969363        12.4498897867847        0.00647204055072169     7.52874786498874        0.00647204055072173     -1.20406556160192e-05   -1.23966887102394e-05   -2.27039631034107e-07   -2.24759983173107e-07   
18.1764695818762        5261.33988990512        12.8211954845771        0.00645899816956948     7.52584266803171        0.0064589981695694      -1.23966887102394e-05   -1.27516186663632e-05   -2.25741813502499e-07   -2.26658036192777e-07   
18.7031271649949        5268.11061788236        13.1929567172652        0.00644556540668304     7.52284870214315        0.00644556540668312     -1.27516186663632e-05   -1.3110012923641e-05    -2.24759983173107e-07   -2.2380483087992e-07    
19.2305998566521        5275.10619213972        13.565317116419         0.00643173617604611     7.51976188989938        0.00643173617604621     -1.3110012923641e-05    -1.34643740697496e-05   -2.26658036192777e-07   -2.24617095272165e-07   
19.7587172570037        5282.32439252531        13.9381572544311        0.0064175139755412      7.51658062911292        0.00641751397554124     -1.34643740697496e-05   -1.38205157772017e-05   -2.2380483087992e-07    -2.24587702563687e-07   
20.2875774089016        5289.76336984416        14.3115471942174        0.00640289525207828     7.513299404544          0.00640289525207837     -1.38205157772017e-05   -1.41771210537469e-05   -2.24617095272165e-07   -2.23682499599144e-07   
20.8172502542217        5297.42445433815        14.6855371619811        0.00638787695789596     7.50991518017583        0.00638787695789598     -1.41771210537469e-05   -1.45328205765289e-05   -2.24587702563687e-07   -2.23320916457932e-07   
21.3477106945555        5305.30434475045        15.0601102697633        0.00637245862689052     7.50642307627105        0.00637245862689052     -1.45328205765289e-05   -1.48884913635542e-05   -2.23682499599144e-07   -2.23807079180621e-07   
21.8789805014266        5313.40033562366        15.4352827173035        0.00635663844846142     7.50281778905912        0.00635663844846141     -1.48884913635542e-05   -1.52454969942385e-05   -2.23320916457932e-07   -2.22591393464166e-07   
22.4111357828122        5321.72789596177        15.8111090986183        0.00634041291235836     7.49910575420094        0.00634041291235843     -1.52454969942385e-05   -1.56011291750402e-05   -2.23807079180621e-07   -2.21801117337215e-07   
22.944123095694         5330.28999738015        16.1875525334203        0.00632378245074305     7.49528677934827        0.00632378245074306     -1.56011291750402e-05   -1.5956076231765e-05    -2.22591393464166e-07   -2.2290790520553e-07    
23.4779493346391        5339.09101935298        16.5646187805643        0.00630674578162459     7.49136055333232        0.00630674578162451     -1.5956076231765e-05    -1.63133949210714e-05   -2.21801117337215e-07   -2.21439537158167e-07   
24.012755485726         5348.14064574784        16.9424083650653        0.00628929728128985     7.48732778580557        0.00628929728128982     -1.63133949210714e-05   -1.66689676323557e-05   -2.2290790520553e-07    -2.19101562249123e-07   
24.5484793224084        5357.43750231597        17.3208783093667        0.00627143787384126     7.483185201811          0.00627143787384124     -1.66689676323557e-05   -1.70214072322383e-05   -2.21439537158167e-07   -2.22875267233506e-07   
25.0850585566662        5366.98383461107        17.699985611869         0.0062531687588683      7.47893214792294        0.00625316875886824     -1.70214072322383e-05   -1.73805639532508e-05   -2.19101562249123e-07   -2.17547936453647e-07   
25.6227807858327        5376.7910858183         18.0799345179168        0.00623447912422219     7.47456707551661        0.00623447912422229     -1.73805639532508e-05   -1.77317831328147e-05   -2.22875267233506e-07   -2.19015448267685e-07   
26.16139325168          5386.85605899433        18.4605474988473        0.00621537677578124     7.4700892501975         0.00621537677578115     -1.77317831328147e-05   -1.80860398129575e-05   -2.17547936453647e-07   -2.18767065746104e-07   
26.7010346393091        5397.18331595117        18.841923625792         0.00619585598913333     7.46549513568775        0.00619585598913337     -1.80860398129575e-05   -1.84405806690452e-05   -2.19015448267685e-07   -2.17584163731163e-07   
27.2417973299188        5407.7843534894         19.2241292945724        0.00617591241190231     7.46078665530723        0.00617591241190227     -1.84405806690452e-05   -1.87939038833237e-05   -2.18767065746104e-07   -2.14419598633559e-07   
27.7836402394561        5418.65774197746        19.6071365903667        0.00615554650797338     7.4559595561238         0.00615554650797333     -1.87939038833237e-05   -1.91427953998262e-05   -2.17584163731163e-07   -2.19074760752872e-07   
28.3264800223344        5429.8062369667         19.9908877375711        0.0061347604762333      7.45101343175862        0.00613476047623323     -1.91427953998262e-05   -1.95000038540314e-05   -2.14419598633559e-07   -2.13101836018083e-07   
28.8706395094663        5441.24292315323        20.3756121574039        0.00611354075015978     7.44594524357785        0.0061135407501598      -1.95000038540314e-05   -1.98482149052508e-05   -2.19074760752872e-07   -2.14868072163903e-07   
29.4158624835562        5452.9648718734         20.7611299546063        0.0060918960176326      7.44075432861212        0.00609189601763265     -1.98482149052508e-05   -2.02000765790769e-05   -2.13101836018083e-07   -2.14198619798729e-07   
29.9622826599151        5464.97887741043        21.1475369687568        0.00606981976729747     7.43543731262313        0.00606981976729754     -2.02000765790769e-05   -2.05516252065585e-05   -2.14868072163903e-07   -2.14494329425162e-07   
30.5099784067118        5477.29553684133        21.5348899928302        0.00604730739890876     7.42999437258092        0.00604730739890871     -2.05516252065585e-05   -2.09044613250505e-05   -2.14198619798729e-07   -2.09115119021003e-07   
31.0589782334231        5489.91593683199        21.9232106212631        0.00602435619944975     7.42442019156061        0.00602435619944981     -2.09044613250505e-05   -2.12492507190628e-05   -2.14494329425162e-07   -2.16142586645177e-07   
31.6091011422266        5502.84010390408        22.3123722875983        0.00600097237526605     7.41871411241357        0.00600097237526611     -2.12492507190628e-05   -2.16064773007825e-05   -2.09115119021003e-07   -2.08570017876614e-07   
32.1607636139511        5516.0805147494         22.7026711342458        0.00597713666285003     7.4128679874865         0.00597713666285006     -2.16064773007825e-05   -2.19520295085715e-05   -2.16142586645177e-07   -2.1071794217826e-07    
32.7136645416709        5529.62849659469        23.0938956875978        0.00595286044737564     7.40687819598106        0.0059528604473756      -2.19520295085715e-05   -2.23020127216975e-05   -2.08570017876614e-07   -2.11286499722707e-07   
33.2679515666982        5543.48172048404        23.4861519734278        0.00592813583923382     7.40073337146833        0.00592813583923375     -2.23020127216975e-05   -2.26538207098141e-05   -2.1071794217826e-07    -2.06973806532084e-07   
33.8237301122162        5557.64604804605        23.8795162217441        0.00590295653457985     7.39442842688504        0.00590295653457981     -2.26538207098141e-05   -2.29993333392259e-05   -2.11286499722707e-07   -2.09598331564203e-07   
34.3808491754307        5572.10562825113        24.273883194444         0.00587732788089427     7.38795097486534        0.00587732788089424     -2.29993333392259e-05   -2.33501306549827e-05   -2.06973806532084e-07   -2.06130280674183e-07   
34.93947568262          5586.8685036317         24.6693727497962        0.0058512407452053      7.38129535002201        0.00585124074520528     -2.33501306549827e-05   -2.36960264945635e-05   -2.09598331564203e-07   -2.06638863079708e-07   
35.4995352726194        5601.93388552178        25.0659340041654        0.00582469712015701     7.37445683540023        0.00582469712015701     -2.36960264945635e-05   -2.40437110319115e-05   -2.06130280674183e-07   -2.06241719962179e-07   
36.0611335565489        5617.3110878669         25.4636435715573        0.00579769055433061     7.3674318721952         0.00579769055433055     -2.40437110319115e-05   -2.43916817942177e-05   -2.06638863079708e-07   -2.03601658446706e-07   
36.6243330968664        5633.01847672606        25.8625476931633        0.00577021650142876     7.36022374742075        0.0057702165014288      -2.43916817942177e-05   -2.47361606313936e-05   -2.06241719962179e-07   -2.04267208725601e-07   
37.1890752632235        5649.06118442711        26.2626068332015        0.00574227635038557     7.35283057074132        0.00574227635038562     -2.47361606313936e-05   -2.50827402816347e-05   -2.03601658446706e-07   -2.03346002446188e-07   
37.7554445601263        5665.45021745199        26.6638829049872        0.00571386446358746     7.34524956096601        0.00571386446358747     -2.50827402816347e-05   -2.54287200319852e-05   -2.04267208725601e-07   -2.00189821430199e-07   
38.323416974468         5682.18376709944        27.0663609851138        0.00568498053961032     7.33747278682631        0.00568498053961029     -2.54287200319852e-05   -2.57702636588375e-05   -2.03346002446188e-07   -1.99515771531535e-07   
38.8928588744191        5699.27853075786        27.4699484876893        0.00565563006455559     7.32950782850053        0.0056556300645555      -2.57702636588375e-05   -2.61116018200867e-05   -2.00189821430199e-07   -2.02411719597205e-07   
39.46385867619          5716.77132350486        27.8747102126336        0.00562580732993461     7.32136758801861        0.00562580732993456     -2.61116018200867e-05   -2.64588900090887e-05   -1.99515771531535e-07   -1.9435148742019e-07    
40.0366688112158        5734.73159545541        28.2808273615211        0.00559549786343        7.31307942316542        0.00559549786343001     -2.64588900090887e-05   -2.67933662288423e-05   -2.02411719597205e-07   -2.00810366333006e-07   
40.6111098152085        5753.22250207895        28.6881750380112        0.00556471011027427     7.30468062545929        0.00556471011027424     -2.67933662288423e-05   -2.71400589377981e-05   -1.9435148742019e-07    -1.92954698286947e-07   
41.1875800526024        5772.36602290375        29.0970382507541        0.00553342189370826     7.29622465498805        0.00553342189370818     -2.71400589377981e-05   -2.74742792874632e-05   -2.00810366333006e-07   -1.92029291246527e-07   
41.7658838074294        5792.28924186512        29.5072809090809        0.00550164342225283     7.28778773100281        0.00550164342225289     -2.74742792874632e-05   -2.78080271280944e-05   -1.92954698286947e-07   -1.9224512333028e-07    
42.346131270684         5813.09471513703        29.918984026989         0.00546936892932686     7.27941843123527        0.00546936892932691     -2.78080271280944e-05   -2.81433348607501e-05   -1.92029291246527e-07   -1.86345302767753e-07   
42.9285683086107        5834.78955760359        30.33232505985          0.00543658498141828     7.27109910061791        0.00543658498141833     -2.81433348607501e-05   -2.84695987269059e-05   -1.9224512333028e-07    -1.92510236009544e-07   
43.5132309312442        5857.28623791742        30.7473326980674        0.00540328938284934     7.26276032713559        0.00540328938284943     -2.84695987269059e-05   -2.88080060687399e-05   -1.86345302767753e-07   -1.80960328630794e-07   
44.1004969489608        5880.49088612183        31.1642784260951        0.00536945965406137     7.25431579120397        0.00536945965406139     -2.88080060687399e-05   -2.91273894162707e-05   -1.92510236009544e-07   -1.82160622837827e-07   
44.6899361190956        5904.30354761285        31.5828601331941        0.00533511929504807     7.24570720963915        0.00533511929504803     -2.91273894162707e-05   -2.94502058925798e-05   -1.80960328630794e-07   -1.858914702361e-07     
45.2817345566407        5928.65271594235        32.0032132662996        0.00530025613225294     7.23687063051329        0.00530025613225298     -2.94502058925798e-05   -2.9781037038171e-05    -1.82160622837827e-07   -1.82463067964443e-07   
45.8762991266518        5953.48708196544        32.4256302189778        0.00526484404572702     7.2277452702299         0.00526484404572699     -2.9781037038171e-05    -3.01071922389689e-05   -1.858914702361e-07     -1.71918301523753e-07   
46.4735349743944        5978.76113392556        32.850047082713         0.00522888606213221     7.21829397688045        0.00522888606213216     -3.01071922389689e-05   -3.04158855385947e-05   -1.82463067964443e-07   -1.92673924717677e-07   
47.0731627403645        6004.46311223839        33.2762687942138        0.00519239669720875     7.20850821743519        0.00519239669720881     -3.04158855385947e-05   -3.07633937665438e-05   -1.71918301523753e-07   -1.60414166651825e-07   
47.6760336858093        6030.67243689815        33.7049042130619        0.0051553213880698      7.19838576793251        0.0051553213880698      -3.07633937665438e-05   -3.10540400651689e-05   -1.92673924717677e-07   -1.89068414793046e-07   
48.2810163730613        6057.39586683708        34.1351528266602        0.00511772736830313     7.1879645482754         0.00511772736830315     -3.10540400651689e-05   -3.13982133892443e-05   -1.60414166651825e-07   -1.67741616906062e-07   
48.8893799799341        6084.76176931274        34.5679215632391        0.00507953341598773     7.17725002299496        0.00507953341598769     -3.13982133892443e-05   -3.17050472207522e-05   -1.89068414793046e-07   -1.79510444439938e-07   
49.5005443219367        6112.80640236189        35.0028026289365        0.0050407729807288      7.16627161889312        0.00504077298072879     -3.17050472207522e-05   -3.20350380781937e-05   -1.67741616906062e-07   -1.64568945983387e-07   
50.1149160607082        6141.58820153346        35.4400907445926        0.00500141735210882     7.15502688099495        0.0050014173521089      -3.20350380781937e-05   -3.23390536941429e-05   -1.79510444439938e-07   -1.79609647207454e-07   
50.7320447225194        6171.12933897915        35.8794711704402        0.0049614923022236      7.14352978941682        0.00496149230222366     -3.23390536941429e-05   -3.2672504214603e-05    -1.64568945983387e-07   -1.62117101529957e-07   
51.352569535984         6201.48036711153        36.3214055084783        0.00492095295134428     7.13175914662027        0.00492095295134432     -3.2672504214603e-05    -3.29749977054821e-05   -1.79609647207454e-07   -1.7523263441583e-07    
51.9759488660328        6232.67201622539        36.7655151387008        0.00487983087790453     7.11973610894722        0.00487983087790452     -3.29749977054821e-05   -3.3303656812237e-05    -1.62117101529957e-07   -1.66090987502647e-07   
52.6028019384127        6264.72615740036        37.2122487822501        0.00483808119017621     7.10742027551998        0.00483808119017622     -3.3303656812237e-05    -3.36168133203543e-05   -1.7523263441583e-07    -1.65150199564721e-07   
53.2329298884651        6297.69745065125        37.6614729118774        0.00479571273238122     7.09482767570537        0.00479571273238128     -3.36168133203543e-05   -3.39299156708009e-05   -1.66090987502647e-07   -1.6848904593044e-07    
53.8664915929529        6331.59870578247        38.1133089951761        0.00475271085010661     7.08193215955144        0.00475271085010655     -3.39299156708009e-05   -3.42512117381155e-05   -1.65150199564721e-07   -1.73474664907199e-07   
54.5039876050617        6366.50828167604        38.5681222392809        0.00470903779013983     7.06872549682174        0.00470903779013976     -3.42512117381155e-05   -3.45839686371333e-05   -1.6848904593044e-07    -1.54427055323322e-07   
55.1455953305384        6402.43092963591        39.0260467506405        0.00466467837083557     7.05517317035773        0.00466467837083555     -3.45839686371333e-05   -3.48818160237351e-05   -1.73474664907199e-07   -1.39977233799933e-07   
55.7902007499686        6439.40476282712        39.4862932224344        0.0046197096563207      7.04132804279963        0.00461970965632075     -3.48818160237351e-05   -3.51532882718283e-05   -1.54427055323322e-07   -1.88928470493151e-07   
56.4377292811039        6477.35902838402        39.9488112836437        0.00457414057910663     7.02713203438099        0.00457414057910665     -3.51532882718283e-05   -3.55218121307099e-05   -1.39977233799933e-07   -1.14348375724716e-07   
57.0906593820219        6516.59266221544        40.4153731122663        0.00452780120502916     7.01258821794341        0.00452780120502912     -3.55218121307099e-05   -3.5746237874354e-05    -1.88928470493151e-07   -1.68755029809149e-07   
57.7463365326836        6556.89370133289        40.8840812370553        0.00448088713307021     6.99770207749321        0.00448088713307024     -3.5746237874354e-05    -3.60794462267777e-05   -1.14348375724716e-07   -1.14910357742507e-07   
58.4068918197982        6598.50080820035        41.3564574724087        0.00443325484843273     6.98245846154747        0.00443325484843278     -3.60794462267777e-05   -3.63076574396346e-05   -1.68755029809149e-07   -1.41238918925191e-07   
59.0705151665221        6641.27600376454        41.8312067667791        0.00438504273836996     6.96685954045034        0.0043850427383699      -3.63076574396346e-05   -3.65898458763564e-05   -1.14910357742507e-07   -1.25513919114676e-07   
59.7384675619087        6685.35729703542        42.3092343279928        0.00433616376594314     6.95087573305078        0.00433616376594319     -3.65898458763564e-05   -3.68421928978036e-05   -1.41238918925191e-07   -1.39195470424304e-07   
60.4106627539866        6730.7928252077         42.7904890017329        0.00428662124450276     6.93449824150747        0.00428662124450283     -3.68421928978036e-05   -3.7123941907106e-05    -1.25513919114676e-07   -1.32290835299219e-07   
61.0877647410892        6777.7025669416         43.2754669485462        0.00423635353212167     6.91770002832506        0.00423635353212164     -3.7123941907106e-05    -3.73935972866637e-05   -1.39195470424304e-07   -1.5306317585464e-07    
61.7694676673574        6826.14559298208        43.7639817421909        0.00418535973029624     6.90046796456665        0.0041853597302962      -3.73935972866637e-05   -3.77078477685449e-05   -1.32290835299219e-07   -1.52502692119046e-07   
62.4563680219349        6876.27076671557        44.2565052228688        0.0041335614207219      6.88276683218473        0.00413356142072198     -3.77078477685449e-05   -3.80232706147019e-05   -1.5306317585464e-07    -1.74718897942197e-07   
63.1482134207054        6928.17260065848        44.7529096983119        0.00408093689557976     6.86457514890421        0.00408093689557973     -3.80232706147019e-05   -3.83874066396816e-05   -1.52502692119046e-07   -1.72401885332572e-07   
63.8456390273505        6982.02842734532        45.253707506118         0.00402739597826333     6.8458494978601         0.00402739597826328     -3.83874066396816e-05   -3.87495391807578e-05   -1.74718897942197e-07   -1.82815861183248e-07   
64.5484466826141        7037.94372714054        45.7588081094039        0.00397291884169683     6.82656322028865        0.00397291884169684     -3.87495391807578e-05   -3.91366598800998e-05   -1.72401885332572e-07   -1.70088915716252e-07   
65.2571623807821        7096.07204974509        46.268626870322         0.00391744545399526     6.80667260763249        0.00391744545399527     -3.91366598800998e-05   -3.9499842322029e-05    -1.82815861183248e-07   -1.61645416444098e-07   
65.971778826382         7156.51392596834        46.7831723813385        0.00386098087096694     6.78615789321324        0.00386098087096696     -3.9499842322029e-05    -3.98479789324691e-05   -1.70088915716252e-07   -1.30667146009742e-07   
66.6928078788983        7219.41308990702        47.3027966987838        0.00380351851717507     6.76500448023964        0.00380351851717509     -3.98479789324691e-05   -4.01318982359817e-05   -1.61645416444098e-07   -1.02746668570469e-07   
67.4202120359591        7284.82275175516        47.8274234848543        0.00374512575875617     6.74321601507412        0.00374512575875618     -4.01318982359817e-05   -4.03571988866546e-05   -1.30667146009742e-07   -6.82171576626628e-08   
68.1544168544954        7352.7926689637         48.3572812597145        0.00368585872806645     6.72078306878036        0.00368585872806641     -4.03571988866546e-05   -4.05081963555161e-05   -1.02746668570469e-07   -3.17000182708579e-08   
68.8957261672566        7423.35061576363        48.892493010425         0.00362579812541299     6.69770741210741        0.00362579812541295     -4.05081963555161e-05   -4.05790479630133e-05   -6.82171576626628e-08   -9.4703551408167e-09    
69.6442582836552        7496.51104480087        49.4330473966986        0.00356503878704324     6.67399838205619        0.00356503878704329     -4.05790479630133e-05   -4.0600427755321e-05    -3.17000182708579e-08   4.90489494336687e-09    
70.4005009954837        7572.35383910806        49.9792219593295        0.00350362542506172     6.64964804059366        0.0035036254250617      -4.0600427755321e-05    -4.05892395922675e-05   -9.4703551408167e-09    6.802573508975e-11      
71.164740349355         7650.97973805881        50.5311945799878        0.00344157939417965     6.62463259506885        0.0034415793941796      -4.05892395922675e-05   -4.05890827682971e-05   4.90489494336687e-09    -1.63994383905839e-08   
71.9372839342717        7732.57099965244        51.0892259595575        0.00337886433604842     6.59890248156059        0.00337886433604845     -4.05890827682971e-05   -4.06273025095402e-05   6.802573508975e-11      -5.9196476075534e-08    
72.7182000991814        7817.38559127729        51.6534852494743        0.00331539797428447     6.57238469577079        0.00331539797428449     -4.06273025095402e-05   -4.07668144275246e-05   -1.63994383905839e-08   -1.04878543368972e-07   
73.5081449167437        7905.93309003717        52.2246511364965        0.00325098515801667     6.54498168268174        0.00325098515801673     -4.07668144275246e-05   -4.10168720251227e-05   -5.9196476075534e-08    -1.63531337338989e-07   
74.3074004152089        7998.7424185548         52.8032079887165        0.00318540621889832     6.51654865751167        0.00318540621889831     -4.10168720251227e-05   -4.14115104465633e-05   -1.04878543368972e-07   -2.15441718998028e-07   
75.1166013639257        8096.47915513021        53.3899519514655        0.0031183763902242      6.4868931239976         0.00311837639022423     -4.14115104465633e-05   -4.19380136251029e-05   -1.63531337338989e-07   -2.65423342079232e-07   
75.9361998879997        8199.94617010548        53.9855765042641        0.0030496147013996      6.45583410451857        0.00304961470139958     -4.19380136251029e-05   -4.25952821335664e-05   -2.15441718998028e-07   -2.96313838748964e-07   
76.7670076942201        8310.05628027421        54.5910361139011        0.00297882548062803     6.42316217465274        0.00297882548062799     -4.25952821335664e-05   -4.33392696766903e-05   -2.65423342079232e-07   -3.13221343934581e-07   
77.6095992575767        8427.72966783675        55.2070847324592        0.00290577254162377     6.38867036988502        0.00290577254162379     -4.33392696766903e-05   -4.41372561527214e-05   -2.96313838748964e-07   -3.13628499749972e-07   
78.4648206016           8554.00165134672        55.8346243075797        0.00283025474519437     6.35216547907411        0.00283025474519438     -4.41372561527214e-05   -4.49486782411462e-05   -3.13221343934581e-07   -2.91587888013883e-07   
79.3337388235498        8689.93583212999        56.4746551783544        0.00275212039907443     6.31344460526539        0.00275212039907447     -4.49486782411462e-05   -4.57155243374292e-05   -3.13628499749972e-07   -2.57861020921036e-07   
80.2172836489774        8836.54717335499        57.1280045044756        0.00267130325336289     6.27230648866877        0.00267130325336295     -4.57155243374292e-05   -4.64056959275779e-05   -2.91587888013883e-07   -2.19270995286781e-07   
81.1169301029174        8995.00039847591        57.7958275030665        0.00258775935992214     6.22854938618126        0.00258775935992216     -4.64056959275779e-05   -4.70037672227636e-05   -2.57861020921036e-07   -1.54488168519716e-07   
82.0346802617155        9166.7418093876         58.4795990590261        0.00250146286892799     6.18199863383367        0.00250146286892799     -4.70037672227636e-05   -4.74337157422085e-05   -2.19270995286781e-07   -9.39445425879581e-08   
82.9714302802894        9352.84017886348        59.1798937086925        0.00241255533531479     6.13246069071021        0.0024125553353148      -4.74337157422085e-05   -4.77008243721029e-05   -1.54488168519716e-07   -3.21708201063319e-08   
83.9288863462094        9554.51077090838        59.8978100050621        0.00232116014918231     6.07968607281188        0.00232116014918232     -4.77008243721029e-05   -4.77944021693719e-05   -9.39445425879581e-08   3.37958548007814e-08    
84.9092412452083        9773.42603821573        60.6347404944434        0.00222740303241073     6.02347612742062        0.00222740303241068     -4.77944021693719e-05   -4.76936776378586e-05   -3.21708201063319e-08   9.19949486581143e-08    
85.9144267578551        10010.8849207118        61.3918196748874        0.00213146835623009     5.9634839406673         0.00213146835623009     -4.76936776378586e-05   -4.74123076317634e-05   3.37958548007814e-08    1.37841607832332e-07    
86.9466523412669        10268.7535884537        62.1703489496011        0.00203352555878666     5.89940291879935        0.00203352555878663     -4.74123076317634e-05   -4.69789607971969e-05   9.19949486581143e-08    1.78777553408297e-07    
88.0085503765437        10549.1250509953        62.9719188458106        0.00193369069764626     5.83077253020797        0.00193369069764622     -4.69789607971969e-05   -4.64001390596497e-05   1.37841607832332e-07    1.91715716041394e-07    
89.1027232541853        10854.3639936794        63.7980457380292        0.00183204642831026     5.75698109344932        0.00183204642831025     -4.64001390596497e-05   -4.5759400540964e-05    1.78777553408297e-07    1.91374275741572e-07    
90.2336848391219        11187.973733073         64.6515335149557        0.00172844289736705     5.67711395793954        0.00172844289736706     -4.5759400540964e-05    -4.50974715094487e-05   1.91715716041394e-07    1.61023969377855e-07    
91.405774463552         11554.1263829583        65.5346538209783        0.00162263286318052     5.58988747267915        0.00162263286318055     -4.50974715094487e-05   -4.45192552914508e-05   1.91374275741572e-07    6.27110656467453e-09    
92.6231376946159        11958.4130431978        66.4486613020949        0.00151403504599148     5.49324683010013        0.00151403504599147     -4.45192552914508e-05   -4.44957765429311e-05   1.61023969377855e-07    -3.34295381862241e-07   
93.8950113560392        12414.7887701416        67.3966808446046        0.00140060508615548     5.38334101573335        0.00140060508615546     -4.44957765429311e-05   -4.58091127997494e-05   6.27110656467453e-09    -1.00669080660133e-06   
95.2323604155517        12956.1682543885        68.3779842038177        0.00127765106317128     5.25253306269864        0.00127765106317129     -4.58091127997494e-05   -5.00020474612731e-05   -3.34295381862241e-07   -1.91606620469589e-06   
96.6538918560342        13672.1305685657        69.3832745117319        0.00113462242433656     5.0847330201221         0.00113462242433653     -5.00020474612731e-05   -5.86128673598055e-05   -1.00669080660133e-06   -9.40958917551352e-07   
98.1943912020613        14799.6422884984        70.3811343518364        0.000952068584741687    4.84600771912542        0.000952068584741682    -5.86128673598055e-05   -6.35743837911724e-05   -1.91606620469589e-06   -1.35023823005593e-05   
99.9209997490643        16923.3418280153        71.3201655209732        0.000711006306171989    4.47820700005837        0.000711006306171998    -6.35743837911724e-05   -0.000149742907569484   -9.40958917551352e-07   -1.35023823005593e-05   
102.510912569569        16923.3418280153        71.3201655209732        1e-09                   4.47820700005837        1.00000000742926e-09    -0.000149742907569484   -0.000149742907569484   -1.35023823005593e-05   -1.35023823005593e-05   
