x                       V                     vel                       p                      cs                  dd1[i]             dd2_left[i]            dd2_right[i]             dd3_left[i]            dd3_right[i]
-45.4393090576304       9709.81235447759        -68.43107428639         1e-09                   5.40528659072884        0.00180541839911704     0.000260550740733596    0.000260550740733596    4.16386632708929e-05    4.16386632708929e-05    
-43.9528537987046       9709.81235447759        -68.43107428639         0.00180541839911704     5.40528659072884        0.00180541839911704     0.000260550740733596    0.000260550740733596    4.16386632708929e-05    4.16386632708929e-05    
-42.9618836260874       8562.31617874896        -67.1787231131954       0.00236949096255041     5.81497073710677        0.00236949096255041     0.000260550740733596    0.000384395083184147    4.16386632708929e-05    5.65591925349948e-05    
-42.1004311411944       7581.41737854198        -66.1222386965903       0.00303662802225897     6.19434479453123        0.00303662802225897     0.000384395083184147    0.000522834437768305    4.16386632708929e-05    8.51164332075508e-05    
-41.3432053830225       6718.05002591969        -65.2626750193572       0.00383210932563342     6.5503564984916         0.00383210932563342     0.000522834437768305    0.000705961230138366    5.65591925349948e-05    7.2466607904841e-05     
-40.6761525860426       5964.72508724763        -64.5915449975614       0.00477961280413245     6.89312174080545        0.00477961280413245     0.000705961230138366    0.000844155887399946    8.51164332075508e-05    4.55020175807741e-06    
-40.0831906992572       5372.23373171098        -64.0067978000856       0.00578827125591481     7.19906777406152        0.00578827125591481     0.000844155887399946    0.000851946633232554    7.2466607904841e-05     -5.66918551917932e-05   
-39.5464227526214       4955.30895058705        -63.4020083773913       0.00671022112351106     7.44437357939456        0.00671022112351106     0.000851946633232554    0.00076314671549718     4.55020175807741e-06    -7.48133263432559e-05   
-39.0485833978556       4673.42609882023        -62.7405599693736       0.00747450966085726     7.63015601903988        0.00747450966085726     0.00076314671549718     0.000653748853395391    -5.66918551917932e-05   -6.35988218326648e-05   
-38.5780376494805       4477.86499798467        -62.0379074609977       0.00809228539114961     7.77133209374167        0.00809228539114961     0.000653748853395391    0.000565424462998957    -7.48133263432559e-05   -4.60869278226219e-05   
-38.1270203134508       4333.42986792103        -61.319120451336        0.00860375787268568     7.88286975471252        0.00860375787268569     0.000565424462998957    0.000503884006991363    -6.35988218326648e-05   -3.21935786559593e-05   
-37.6904378305922       4219.38332576106        -60.6014034092695       0.00904442009278606     7.97515677282478        0.00904442009278606     0.000503884006991363    0.000462209719029912    -4.60869278226219e-05   -2.22835401812882e-05   
-37.2655579911073       4124.45705430886        -59.8942410010159       0.00943761764107807     8.05450688078981        0.00943761764107808     0.000462209719029912    0.000434100426939764    -3.21935786559593e-05   -1.52714154333935e-05   
-36.8505185847711       4042.27705763421        -59.2011561138346       0.00979822759546461     8.12477185470717        0.00979822759546461     0.000434100426939764    0.000415266524782351    -2.22835401812882e-05   -1.00237134380286e-05   
-36.4440646604484       3968.98961183037        -58.5226127075326       0.0101359715315567      8.18836224106677        0.0101359715315567      0.000415266524782351    0.000403153196043998    -1.52714154333935e-05   -5.93795473095533e-06   
-36.0453749681389       3902.26703579114        -57.8578020200002       0.0104575751076727      8.24704498764871        0.0104575751076727      0.000403153196043998    0.000396109818220985    -1.00237134380286e-05   -2.68494623453806e-06   
-35.653767242398        3840.39105925868        -57.2053260888594       0.0107679629803541      8.30192635840023        0.0107679629803541      0.000396109818220985    0.000392979950465371    -5.93795473095533e-06   -9.47144679797598e-07   
-35.2684914762315       3782.27252954009        -56.5634994031712       0.0110707779837374      8.35391120459225        0.0110707779837374      0.000392979950465371    0.000391893953366548    -2.68494623453806e-06   7.28363069256882e-08    
-34.8895288372485       3727.32112117133        -55.9319969286072       0.011367896036667       8.40355073770889        0.011367896036667       0.000391893953366548    0.000391976157320336    -9.47144679797598e-07   1.59471671193371e-07    
-34.5164112427431       3675.03424551401        -55.3099968943617       0.0116605035427157      8.45110937879535        0.0116605035427157      0.000391976157320336    0.000392153446550967    7.28363069256882e-08    -5.87571584874304e-07   
-34.1486228235677       3625.17930896154        -54.6968303381667       0.0119490063486739      8.49679258876181        0.0119490063486739      0.000392153446550967    0.000391509487535983    1.59471671193371e-07    -1.55324468467709e-06   
-33.7859401284368       3577.68544973441        -54.0924582642939       0.0122330519255707      8.54068809483557        0.0122330519255707      0.000391509487535983    0.000389830267301429    -5.87571584874304e-07   -2.56604947089937e-06   
-33.4280661291511       3532.49195036666        -53.496752576758        0.0125121194114076      8.58282792390557        0.0125121194114076      0.000389830267301429    0.000387092356398058    -1.55324468467709e-06   -3.42464291100543e-06   
-33.0747584010588       3489.52954791861        -52.9096176912799       0.0127856763245983      8.62322400312176        0.0127856763245983      0.000387092356398058    0.000383484344329019    -2.56604947089937e-06   -3.82196849808998e-06   
-32.7258543411617       3448.72864080096        -52.3309762111788       0.0130533304341839      8.66192766519179        0.0130533304341839      0.000383484344329019    0.000379506565027002    -3.42464291100543e-06   -3.98973266694628e-06   
-32.38106387087         3409.95865167566        -51.7604093908395       0.0133150614125409      8.69902378251784        0.0133150614125409      0.000379506565027002    0.000375402530280641    -3.82196849808998e-06   -3.75670930280014e-06   
-32.0402263379532       3373.06919848679        -51.1976010738191       0.0135710115304498      8.73460178310659        0.0135710115304498      0.000375402530280641    0.000371581367848465    -3.98973266694628e-06   -3.4758892946473e-06    
-31.7030882898539       3337.91139067249        -50.6420072882061       0.0138215847517764      8.76881074985844        0.0138215847517764      0.000371581367848465    0.000368083749917408    -3.75670930280014e-06   -3.00772257791723e-06   
-31.369516311951        3304.33782866424        -50.093249807847        0.0140671935863773      8.80177632740586        0.0140671935863772      0.000368083749917408    0.000365088447534631    -3.4758892946473e-06    -2.74916811838219e-06   
-31.039271406391        3272.17483536215        -49.5507803062741       0.0143083401837979      8.83359031247814        0.0143083401837979      0.000365088447534631    0.000362378002104245    -3.00772257791723e-06   -2.49854893742221e-06   
-30.7123020915864       3241.31442002585        -49.0143859894204       0.014545337687402       8.86434927018725        0.0145453376874019      0.000362378002104245    0.00035993860385994     -2.74916811838219e-06   -2.42927854499592e-06   
-30.3884729867616       3211.65821530322        -48.4837525109181       0.0147784767137315      8.89413815829684        0.0147784767137315      0.00035993860385994     0.000357589195053029    -2.49854893742221e-06   -2.37433921852018e-06   
-30.0676627680597       3183.12696791328        -47.9586233032409       0.0150079498617792      8.92302358491035        0.0150079498617792      0.000357589195053029    0.000355313765418403    -2.42927854499592e-06   -2.50625416449088e-06   
-29.7496666624763       3155.64399450724        -47.4386315002849       0.0152339374493336      8.95105982781634        0.0152339374493335      0.000355313765418403    0.00035293300457016     -2.37433921852018e-06   -2.65433601145449e-06   
-29.4344238773885       3129.15732468494        -46.9236613574593       0.0154564704526038      8.97828191902934        0.0154564704526038      0.00035293300457016     0.000350433024602047    -2.50625416449088e-06   -2.68801746198276e-06   
-29.121856003297        3103.6227621628         -46.4135741820402       0.0156755710414377      9.00472645282338        0.0156755710414378      0.000350433024602047    0.000347922291028551    -2.65433601145449e-06   -2.91882664796986e-06   
-28.8117782527587       3078.99318471378        -45.9080575589214       0.0158913320133097      9.03043953941375        0.0158913320133097      0.000347922291028551    0.000345217973404037    -2.68801746198276e-06   -2.97551945488309e-06   
-28.5042190853277       3055.23315598716        -45.4071433809486       0.016103705160826       9.05543795568875        0.016103705160826       0.000345217973404037    0.000342482717208891    -2.91882664796986e-06   -2.95776772020832e-06   
-28.1990438466499       3032.28859794353        -44.9105934556195       0.0163127685573261      9.0797413782251         0.0163127685573262      0.000342482717208891    0.000339784521950011    -2.97551945488309e-06   -3.2042988763971e-06    
-27.8960837307433       3010.11487342398        -44.4181112500742       0.0165186348977358      9.10338660374396        0.0165186348977358      0.000339784521950011    0.000336883013200931    -2.95776772020832e-06   -2.99878978355367e-06   
-27.5954327730674       2988.69201203627        -43.9298256000959       0.0167212489252498      9.12639606618848        0.0167212489252499      0.000336883013200931    0.000334187221898743    -3.2042988763971e-06    -3.27962327910163e-06   
-27.2968200996094       2967.96868529085        -43.4452719664364       0.0169208102314768      9.1488100225086         0.0169208102314768      0.000334187221898743    0.000331259724067575    -2.99878978355367e-06   -3.0477670095291e-06    
-27.0003879857461       2947.92541591101        -42.9646571235517       0.0171172474245243      9.17063872122988        0.0171172474245243      0.000331259724067575    0.000328557797944371    -3.27962327910163e-06   -3.24925041276501e-06   
-26.7058638202424       2928.51174418087        -42.4875162943162       0.0173107693062729      9.19191594230367        0.0173107693062729      0.000328557797944371    0.000325696445848831    -3.0477670095291e-06    -3.12764760626193e-06   
-26.4133361158051       2909.70552597176        -42.0139720992236       0.0175013476495349      9.21265144315183        0.0175013476495349      0.000325696445848831    0.000322959911790134    -3.24925041276501e-06   -3.19210371828611e-06   
-26.1226336948404       2891.4686840481         -41.5437287180957       0.0176891241888908      9.23287140605199        0.0176891241888908      0.000322959911790134    0.00032018441083655     -3.12764760626193e-06   -3.29213809629915e-06   
-25.8337188877071       2873.77408190395        -41.0767088048049       0.017874150603985       9.25259159567197        0.017874150603985       0.00032018441083655     0.000317338506240329    -3.19210371828611e-06   -2.83106832840341e-06   
-25.5465018681312       2856.59366481083        -40.6127526665266       0.0180565079678527      9.27183065972539        0.0180565079678527      0.000317338506240329    0.00031490496891208     -3.29213809629915e-06   -3.8110835963023e-06    
-25.2605583324219       2839.87989324711        -40.1511625197119       0.0182364814405178      9.29062403416302        0.0182364814405178      0.00031490496891208     0.000311646593996275    -2.83106832840341e-06   -2.55165659090635e-06   
-24.9766288708699       2823.67952737377        -39.6931218986993       0.0184136192060879      9.30897054611721        0.0184136192060878      0.000311646593996275    0.000309476833685141    -3.8110835963023e-06    -4.03578651824084e-06   
-24.6936451816389       2807.88552065096        -39.2368959722634       0.0185885966291954      9.326901175662          0.0185885966291954      0.000309476833685141    0.000306063270907215    -2.55165659090635e-06   -2.71797702894549e-06   
-24.4127470537454       2792.5868567432         -38.7843111161772       0.0187607164668259      9.34442170748085        0.0187607164668259      0.000306063270907215    0.000303776202003806    -4.03578651824084e-06   -3.61716459731056e-06   
-24.1327932983082       2777.66203128364        -38.3335168337107       0.0189306850460774      9.36153878721141        0.0189306850460774      0.000303776202003806    0.000300749096565215    -2.71797702894549e-06   -3.68685818344879e-06   
-23.8545607890554       2763.16254847976        -37.8857530020456       0.0190980358340706      9.3782529792981         0.0190980358340706      0.000300749096565215    0.000297679961787592    -3.61716459731056e-06   -2.80138528624944e-06   
-23.5780865242196       2749.05144460908        -37.441066748636        0.0192627598670872      9.39453013192374        0.0192627598670872      0.000297679961787592    0.000295360837605748    -3.68685818344879e-06   -4.18615930708865e-06   
-23.3025485752255       2735.31477934306        -36.9981253219647       0.0194253547307744      9.41049590342867        0.0194253547307744      0.000295360837605748    0.000291913933363292    -2.80138528624944e-06   -3.06840954467023e-06   
-23.0291073879084       2721.96243417558        -36.5587832578815       0.0195851480765176      9.42603109585782        0.0195851480765176      0.000291913933363292    0.000289400596659623    -4.18615930708865e-06   -3.64487173354101e-06   
-22.7567300504441       2708.95997886058        -36.1213708801329       0.0197427588911027      9.44125200986705        0.0197427588911028      0.000289400596659623    0.000286430007647105    -3.06840954467023e-06   -3.53461851596163e-06   
-22.4857034549311       2696.29513581366        -35.6863403746738       0.019898031402937       9.45612370230763        0.019898031402937       0.000286430007647105    0.00028356253841707     -3.64487173354101e-06   -3.50853779035621e-06   
-22.2159423296929       2683.96705629898        -35.253546996805        0.0200510278118689      9.47068266564337        0.0200510278118688      0.00028356253841707     0.000280729588023239    -3.53461851596163e-06   -3.64932939839987e-06   
-21.9473894735613       2671.94498170822        -34.822891798794        0.0202017938848468      9.48490746678815        0.0202017938848468      0.000280729588023239    0.000277796692505518    -3.50853779035621e-06   -3.56705605792261e-06   
-21.680154546161        2660.23630573695        -34.3945440378505       0.0203502827966832      9.49882107840677        0.0203502827966831      0.000277796692505518    0.000274943204042064    -3.64932939839987e-06   -3.5513864734017e-06    
-21.4141298865351       2648.81190194519        -33.9683247889434       0.0204965697012188      9.51240924386296        0.0204965697012187      0.000274943204042064    0.000272115463249123    -3.56705605792261e-06   -3.80649655523713e-06   
-21.1492895984834       2637.65687111747        -33.5441866046692       0.0206406836653355      9.52567067581371        0.0206406836653356      0.000272115463249123    0.000269098203678456    -3.5513864734017e-06    -3.37013700193527e-06   
-20.8857829658678       2626.74922151034        -33.122362528758        0.0207825597877356      9.53856844110851        0.0207825597877356      0.000269098203678456    0.000266438533199503    -3.80649655523713e-06   -3.84446404322521e-06   
-20.6231804101122       2616.04214873367        -32.7021591718317       0.0209224437966172      9.55109023676197        0.0209224437966171      0.000266438533199503    0.000263417517168009    -3.37013700193527e-06   -3.58213226436093e-06   
-20.361863787833        2605.52529822138        -32.2841819036952       0.0210601465729664      9.56318850942807        0.0210601465729663      0.000263417517168009    0.000260614434788037    -3.84446404322521e-06   -3.6126695279089e-06    
-20.1015899513571       2595.17236231945        -31.8680360253656       0.0211958115657103      9.5748615631648         0.0211958115657104      0.000260614434788037    0.000257799357160225    -3.58213226436093e-06   -3.79986602997591e-06   
-19.8423377569788       2584.98315063509        -31.4536822319783       0.0213294620858477      9.58612713804227        0.0213294620858477      0.000257799357160225    0.000254850565786613    -3.6126695279089e-06    -3.65651317578948e-06   
-19.5842590900175       2574.98504017558        -31.0413577104579       0.0214610317673592      9.59703389487979        0.0214610317673592      0.000254850565786613    0.000252024365459476    -3.79986602997591e-06   -3.66184714992212e-06   
-19.3271444714297       2565.19760386152        -30.630722280964        0.0215906370115333      9.60765756465723        0.0215906370115333      0.000252024365459476    0.000249205028150538    -3.65651317578948e-06   -3.87124739295264e-06   
-19.0709387718294       2555.65524430735        -30.2216826627058       0.0217183111093123      9.61808328826595        0.0217183111093123      0.000249205028150538    0.00024623580980438     -3.66184714992212e-06   -3.75333349356916e-06   
-18.8158137324021       2546.40338204082        -29.8145077482792       0.0218439732466242      9.62839267932893        0.0218439732466242      0.00024623580980438     0.000243367920900498    -3.87124739295264e-06   -3.87018303211919e-06   
-18.5616045035073       2537.48465713876        -29.4089292349034       0.0219677077716526      9.63869989703628        0.0219677077716526      0.000243367920900498    0.000240421407642307    -3.75333349356916e-06   -3.86266950693201e-06   
-18.3082964405797       2528.93667155246        -29.0049187863815       0.0220895220365555      9.64909342333184        0.0220895220365556      0.000240421407642307    0.000237490379502796    -3.87018303211919e-06   -3.88111832908846e-06   
-18.0557822088298       2520.75563303946        -28.6023003974625       0.0222094666216681      9.65959264956964        0.0222094666216681      0.000237490379502796    0.000234554717033972    -3.86266950693201e-06   -4.03218573408448e-06   
-17.8040181546469       2512.89728803315        -28.2009998590816       0.0223275613742044      9.67013171451419        0.0223275613742043      0.000234554717033972    0.000231514127050948    -3.88111832908846e-06   -3.90241496359023e-06   
-17.5530907434867       2505.30664159532        -27.8011505460739       0.0224437677370729      9.68060951714918        0.0224437677370729      0.000231514127050948    0.00022858016871664     -4.03218573408448e-06   -4.05920581548281e-06   
-17.3028282210545       2497.93154720017        -27.4024746333114       0.0225581688487559      9.69095468416946        0.0225581688487558      0.00022858016871664     0.000225537025532675    -3.90241496359023e-06   -3.99727790997113e-06   
-17.0533092251353       2490.7449230573         -27.0050935720386       0.0226707331011046      9.70111792299934        0.0226707331011047      0.000225537025532675    0.000222548321242424    -4.05920581548281e-06   -4.00770437829749e-06   
-16.8044210643267       2483.71734776252        -26.6088242781174       0.022781516349012       9.71106305237972        0.0227815163490121      0.000222548321242424    0.000219559559599292    -3.99727790997113e-06   -4.07662559673272e-06   
-16.5561281222985       2476.83340347866        -26.2136067136346       0.0228905387448608      9.7207725161887         0.0228905387448607      0.000219559559599292    0.000216527195581673    -4.00770437829749e-06   -4.08629033453871e-06   
-16.3085012878614       2470.08674513579        -25.8195505040964       0.0229977740820453      9.73023611632724        0.0229977740820452      0.000216527195581673    0.000213495619954186    -4.07662559673272e-06   -4.07295639851782e-06   
-16.0615456489525       2463.47845396901        -25.4266606240088       0.0231032258768434      9.73946432174987        0.0231032258768434      0.000213495619954186    0.000210481958598206    -4.08629033453871e-06   -4.12290303691867e-06   
-15.8152246676971       2457.00425736052        -25.0348759302755       0.0232069153157796      9.74846053924033        0.0232069153157795      0.000210481958598206    0.000207439376863367    -4.07295639851782e-06   -4.12787247246124e-06   
-15.5695650088106       2450.66232802333        -24.644235927594        0.0233088370053391      9.75722712992961        0.0233088370053392      0.000207439376863367    0.000204401007227454    -4.12290303691867e-06   -4.11436926345988e-06   
-15.3245404820879       2444.44509264164        -24.2546961455764       0.0234090081289433      9.7657594895297         0.0234090081289433      0.000204401007227454    0.000201380261390729    -4.12787247246124e-06   -4.17879300964871e-06   
-15.0801060438279       2438.34892990188        -23.8661822918344       0.0235074532836381      9.77406206573274        0.0235074532836382      0.000201380261390729    0.00019831976818547     -4.11436926345988e-06   -4.12295149590843e-06   
-14.8362953362998       2432.37449551689        -23.4787452529934       0.0236041653871257      9.78214102975478        0.0236041653871257      0.00019831976818547     0.000195307511293389    -4.17879300964871e-06   -4.20377700703084e-06   
-14.5930363798781       2426.51871115962        -23.0922681543465       0.0236991794341637      9.79000360368742        0.0236991794341638      0.000195307511293389    0.000192243640820122    -4.12295149590843e-06   -4.18862392565424e-06   
-14.3503963068402       2420.78872955664        -22.7068552493639       0.0237924757927742      9.7976661547021         0.0237924757927743      0.000192243640820122    0.000189198033913089    -4.20377700703084e-06   -4.14257290551778e-06   
-14.1083300024437       2415.1823316462         -22.322432512157        0.0238840787528936      9.80513513519277        0.0238840787528937      0.000189198033913089    0.000186193014918026    -4.18862392565424e-06   -4.28792154058912e-06   
-13.8667738044779       2409.70088242821        -21.9388966051539       0.0239740185426384      9.81242525555787        0.0239740185426383      0.000186193014918026    0.000183089723679077    -4.14257290551778e-06   -4.14585984721644e-06   
-13.6258605191938       2404.34825622537        -21.5564561911798       0.0240622526477094      9.81954133300655        0.0240622526477095      0.000183089723679077    0.000180096005284353    -4.28792154058912e-06   -4.24753158873232e-06   
-13.3854086901532       2399.11945217727        -21.1748211082107       0.0241488542557016      9.82649360934066        0.0241488542557018      0.000180096005284353    0.000177035621662621    -4.14585984721644e-06   -4.23702746447047e-06   
-13.1454984940901       2394.01456520344        -20.794116630361        0.0242338005817961      9.83328290069458        0.0242338005817963      0.000177035621662621    0.000173989376860615    -4.24753158873232e-06   -4.2448915584141e-06    
-12.9061183549382       2389.03332452408        -20.4143224645704       0.0243171026919166      9.83991604697103        0.0243171026919167      0.000173989376860615    0.000170943917495517    -4.23702746447047e-06   -4.20434327893186e-06   
-12.6672348495915       2384.17130162738        -20.0353837455441       0.0243987789881231      9.84639262693298        0.024398778988123       0.000170943917495517    0.000167933757416447    -4.2448915584141e-06    -4.31560427520147e-06   
-12.42879027786         2379.42574299947        -19.6572072081828       0.0244788552732042      9.85271691770179        0.0244788552732042      0.000167933757416447    0.000164850174719451    -4.20434327893186e-06   -4.21800251803052e-06   
-12.1908977873535       2374.79795474757        -19.2799705864169       0.0245573001019729      9.8588899016985         0.0245573001019729      0.000164850174719451    0.000161842266723011    -4.31560427520147e-06   -4.27434647062949e-06   
-11.9534167471041       2370.28249573424        -18.9034491797203       0.024634166021285       9.8649153161818         0.0246341660212849      0.000161842266723011    0.000158800035249343    -4.21800251803052e-06   -4.29224985016541e-06   
-11.7163844823852       2365.87825246182        -18.5277005136323       0.0247094459932024      9.87079369535006        0.0247094459932022      0.000158800035249343    0.000155750795638221    -4.27434647062949e-06   -4.2923549509208e-06    
-11.4798197849785       2361.58597292097        -18.1527526972105       0.0247831393647152      9.87653062303567        0.024783139364715       0.000155750795638221    0.000152707077538564    -4.29224985016541e-06   -4.25923662402402e-06   
-11.243682952606        2357.40080502184        -17.7785411113775       0.0248552634768339      9.88212343319308        0.0248552634768338      0.000152707077538564    0.000149692249801225    -4.2923549509208e-06    -4.35994615890785e-06   
-11.0079139883475       2353.32095674439        -17.4049690202248       0.0249258406957777      9.88757665573706        0.0249258406957777      0.000149692249801225    0.000146611535660443    -4.25923662402402e-06   -4.28207949425846e-06   
-10.772624513778        2349.34787834961        -17.0322116087766       0.0249948421892813      9.89289134236223        0.0249948421892815      0.000146611535660443    0.000143591016954992    -4.35994615890785e-06   -4.32441605335464e-06   
-10.5376891483          2345.47681546395        -16.6600685702051       0.0250623093948286      9.89806930900794        0.0250623093948287      0.000143591016954992    0.000140545741949026    -4.28207949425846e-06   -4.34996726208296e-06   
-10.3031358957279       2341.70690225225        -16.2885826349782       0.025128238346495       9.90311139469367        0.0251282383464952      0.000140545741949026    0.000137487449378886    -4.32441605335464e-06   -4.32538426757204e-06   
-10.0689927918037       2338.03886149481        -15.9177965734461       0.0251926260213262      9.90802188977581        0.0251926260213263      0.000137487449378886    0.000134451300356934    -4.34996726208296e-06   -4.33871980340558e-06   
-9.83519876135753       2334.46863693926        -15.5476120543975       0.0252554940013168      9.91279969336628        0.025255494001317       0.000134451300356934    0.000131410503756169    -4.32538426757204e-06   -4.36131141574942e-06   
-9.60175146640747       2330.99444570267        -15.1780238024979       0.0253168472717833      9.91744509885061        0.0253168472717834      0.000131410503756169    0.000128358501814613    -4.33871980340558e-06   -4.35150094702443e-06   
-9.36867499625221       2327.61510183732        -14.8090683981555       0.025376684064388       9.92195822933692        0.0253766840643883      0.000128358501814613    0.000125317920790396    -4.36131141574942e-06   -4.35936118445847e-06   
-9.13593663673387       2324.32398183161        -14.4406925215571       0.0254350171958959      9.92633034297504        0.0254350171958958      0.000125317920790396    0.000122276307878285    -4.35150094702443e-06   -4.37881938775142e-06   
-8.90352750003279       2321.12242856672        -14.0728806267997       0.0254918527465784      9.93056822441054        0.0254918527465785      0.000122276307878285    0.000119225473486311    -4.35936118445847e-06   -4.38182575907783e-06   
-8.6714592257428        2318.01206023532        -13.7056496891921       0.0255471914389448      9.93467814112218        0.0255471914389447      0.000119225473486311    0.000116176709186086    -4.37881938775142e-06   -4.36886693244993e-06   
-8.4397017431179        2314.99252826434        -13.3389507132679       0.0256010435465135      9.93866393820525        0.0256010435465133      0.000116176709186086    0.000113140987023029    -4.38182575907783e-06   -4.42847117096869e-06   
-8.20821262975905       2312.06491164573        -12.9727152101203       0.0256534210971844      9.94253277443869        0.0256534210971845      0.000113140987023029    0.000110067813211636    -4.36886693244993e-06   -4.3950840368196e-06    
-7.9770672406719        2309.23037450895        -12.607061032774        0.0257043092870512      9.94628672432004        0.0257043092870511      0.000110067813211636    0.000107021601674106    -4.42847117096869e-06   -4.41878346675214e-06   
-7.74617736032857       2306.48826504035        -12.2418472643319       0.0257537295000202      9.94993089363103        0.0257537295000201      0.000107021601674106    0.000103962632053641    -4.3950840368196e-06    -4.44918956035642e-06   
-7.51554666350812       2303.84115828058        -11.8770783507948       0.0258016820015268      9.9534731750601         0.0258016820015268      0.000103962632053641    0.000100886106794723    -4.41878346675214e-06   -4.43520420800382e-06   
-7.28520298792431       2301.29543023018        -11.5127969118896       0.0258481622118651      9.95692870802484        0.0258481622118649      0.000100886106794723    9.78225988859652e-05    -4.44918956035642e-06   -4.4668240564963e-06    
-7.05508176513832       2298.85904635607        -11.1488993830455       0.0258931839036071      9.9603196113184         0.0258931839036071      9.78225988859652e-05    9.47403470245887e-05    -4.43520420800382e-06   -4.46127999611906e-06   
-6.82519159032587       2296.54881534946        -10.7853978606753       0.0259367454794857      9.96368423366689        0.0259367454794856      9.47403470245887e-05    9.16648342066958e-05    -4.4668240564963e-06    -4.50650432623793e-06   
-6.59549391602622       2294.38942782986        -10.4222298417087       0.0259788538585291      9.96707978297774        0.0259788538585294      9.16648342066958e-05    8.85609322646941e-05    -4.46127999611906e-06   -4.49070409829505e-06   
-6.36603280321278       2292.41975781698        -10.059463380934        0.0260195003617896      9.97059148344876        0.0260195003617896      8.85609322646941e-05    8.54704081100546e-05    -4.50650432623793e-06   -4.52361469891275e-06   
-6.13671965476549       2290.69535390936        -9.69695676793995       0.0260586992631868      9.97434553668421        0.0260586992631867      8.54704081100546e-05    8.23594216976732e-05    -4.49070409829505e-06   -4.55157604787049e-06   
-5.90755623430059       2289.29967653781        -9.33471114962425       0.0260964474045252      9.97852599351606        0.026096447404525       8.23594216976732e-05    7.923093894509e-05      -4.52361469891275e-06   -4.56103842139632e-06   
-5.67852778283159       2288.35238823996        -8.97270158119287       0.0261327432766079      9.9833966738353         0.0261327432766081      7.923093894509e-05      7.60971154100654e-05    -4.55157604787049e-06   -4.60625185913846e-06   
-5.44954358899986       2288.01747919082        -8.61078314787594       0.0261675949641677      9.98932051963507        0.0261675949641676      7.60971154100654e-05    7.29324948706517e-05    -4.56103842139632e-06   -4.63929505934881e-06   
-5.22056122519718       2288.51658804445        -8.24888738462969       0.0262009995729729      9.99678466192123        0.0262009995729727      7.29324948706517e-05    6.97441770796968e-05    -4.60625185913846e-06   -4.68102882453978e-06   
-4.99146829548562       2290.13737481152        -7.88683540391586       0.0262329604409872      10.0064215346827        0.026232960440987       6.97441770796968e-05    6.65245372914412e-05    -4.63929505934881e-06   -4.7414566294458e-06    
-4.76211934544796       2293.24000791928        -7.52439625569235       0.0262634797944986      10.0190204620947        0.0262634797944986      6.65245372914412e-05    6.3258559110745e-05     -4.68102882453978e-06   -4.80169231959799e-06   
-4.53237343603654       2298.25814930963        -7.16134629111557       0.0262925529422161      10.0355263992149        0.0262925529422162      6.3258559110745e-05     5.99436225689514e-05    -4.7414566294458e-06    -4.86489234122011e-06   
-4.30202957197776       2305.68796233472        -6.79736707780611       0.0263201762192544      10.0570135954354        0.0263201762192546      5.99436225689514e-05    5.65740703706925e-05    -4.80169231959799e-06   -4.92519826980773e-06   
-4.07082131151563       2316.06712367012        -6.43203683244217       0.0263463463305421      10.0846340674807        0.0263463463305418      5.65740703706925e-05    5.31472942234037e-05    -4.86489234122011e-06   -4.98232412754781e-06   
-3.8384189455877        2329.93694331866        -6.0648338033377        0.0263710591866561      10.1195277420633        0.0263710591866563      5.31472942234037e-05    4.96599388735007e-05    -4.92519826980773e-06   -5.01850786414526e-06   
-3.60445586008172       2347.78930570829        -5.6951778670147        0.0263943069996902      10.162699092388         0.0263943069996901      4.96599388735007e-05    4.61203625317074e-05    -4.98232412754781e-06   -5.03657969490811e-06   
-3.36850402450173       2369.99943313282        -5.32239175955862       0.0264160814285673      10.2148664546088        0.0264160814285673      4.61203625317074e-05    4.25346351569661e-05    -5.01850786414526e-06   -5.02274170426119e-06   
-3.13012716806996       2396.75119011063        -4.94578508597389       0.0264363695787192      10.2762996136741        0.0264363695787191      4.25346351569661e-05    3.89188108584702e-05    -5.03657969490811e-06   -4.9745338901586e-06    
-2.88887366281995       2427.96490344988        -4.56464309786941       0.02645515670863        10.3466735398243        0.0264551567086302      3.89188108584702e-05    3.52916751939052e-05    -5.02274170426119e-06   -4.89267067175028e-06   
-2.64430511757956       2463.23992080155        -4.17827192389916       0.0264724258297597      10.4249649163536        0.0264724258297596      3.52916751939052e-05    3.16732083248626e-05    -4.9745338901586e-06    -4.78060239276672e-06   
-2.39604445719445       2501.82449788598        -3.7860745980469        0.0264881565768128      10.5094179213781        0.0264881565768129      3.16732083248626e-05    2.80832594440638e-05    -4.89267067175028e-06   -4.64455173815733e-06   
-2.14381865452083       2542.6227296692         -3.3876186338727        0.0265023253139413      10.5975952250432        0.0265023253139412      2.80832594440638e-05    2.45397385567152e-05    -4.78060239276672e-06   -4.49000612319628e-06   
-1.88747873694301       2584.24065944599        -2.98266767051187       0.0265149067933865      10.686510204996         0.0265149067933865      2.45397385567152e-05    2.10591517410907e-05    -4.64455173815733e-06   -4.33404935529052e-06   
-1.62698800257837       2625.07007806713        -2.57116285516281       0.0265258765572478      10.7728273018224        0.0265258765572479      2.10591517410907e-05    1.76472598897947e-05    -4.49000612319628e-06   -4.18099113389195e-06   
-1.36250447706001       2663.39530858384        -2.1533530538943        0.0265352086798125      10.853090981383         0.0265352086798125      1.76472598897947e-05    1.43084137037084e-05    -4.33404935529052e-06   -4.04447738975309e-06   
-1.09433375549683       2697.51863608231        -1.72972025935492       0.0265428792851385      10.9239729896334        0.0265428792851384      1.43084137037084e-05    1.10375955715469e-05    -4.18099113389195e-06   -3.92989835717865e-06   
-0.822977630586515      2725.87668274158        -1.30105630130993       0.0265488659120502      10.9824810905741        0.0265488659120503      1.10375955715469e-05    7.82627345996061e-06    -4.04447738975309e-06   -3.84357052456095e-06   
-0.549090486414414      2747.14503193681        -0.868393871190317      0.0265531499203779      11.0261321328046        0.026553149920378       7.82627345996061e-06    4.66116675725004e-06    -3.92989835717865e-06   -3.789833880868e-06     
-0.27344486107148       2760.32173221803        -0.43295208655756       0.0265557175670168      11.0530783279954        0.0265557175670169      4.66116675725004e-06    1.5254607868189e-06     -3.84357052456095e-06   -3.77076486770188e-06   
0.00309516463847151     2764.78519426163        0.00390550810652946     0.0265565605868871      11.0621867579861        0.0265565605868869      1.5254607868189e-06     -1.59947040338144e-06   -3.789833880868e-06     -3.78749570563736e-06   
0.279635355451768       2760.32534680878        0.440767810254353       0.0265556766663514      11.0530770530042        0.0265556766663513      -1.59947040338144e-06   -4.73324530444737e-06   -3.77076486770188e-06   -3.83888018198723e-06   
0.555281458541099       2747.15194944863        0.876223620310666       0.026553069310163       11.0261292784654        0.0265530693101628      -4.73324530444737e-06   -7.89449646848834e-06   -3.78749570563736e-06   -3.92283746550139e-06   
0.829169348905848       2725.88640750776        1.30890911978046        0.0265487479457901      10.9824762813143        0.02654874794579        -7.89449646848834e-06   -1.11000586638009e-05   -3.83888018198723e-06   -4.03502017494894e-06   
1.10052643927177        2697.53066288125        1.73760478911947        0.0265427274186057      10.9239660905268        0.0265427274186058      -1.11000586638009e-05   -1.43632412765271e-05   -3.92283746550139e-06   -4.1691191538419e-06    
1.36869830794709        2663.40919234513        2.16127745502054        0.0265350273880159      10.8530821938879        0.0265350273880157      -1.43632412765271e-05   -1.76926218878505e-05   -4.03502017494894e-06   -4.31977221589387e-06   
1.6331831299514         2625.08537715496        2.57913474465833        0.0265256712318886      10.7728170000586        0.0265256712318884      -1.76926218878505e-05   -2.10932916259125e-05   -4.1691191538419e-06    -4.47336893880276e-06   
1.89367526666611        2584.25688988996        2.99069407114346        0.0265146836259045      10.6864987908027        0.0265146836259045      -2.10932916259125e-05   -2.45610004589935e-05   -4.31977221589387e-06   -4.62567564594179e-06   
2.15001663673744        2542.63939255273        3.39570594096952        0.0265020911747915      10.5975831368956        0.0265020911747916      -2.45610004589935e-05   -2.80901399560286e-05   -4.47336893880276e-06   -4.7596877785723e-06    
2.40224389151575        2501.84111775125        3.79422860861562        0.0264879188851384      10.5094056754334        0.0264879188851382      -2.80901399560286e-05   -3.16644035839867e-05   -4.62567564594179e-06   -4.87001634643341e-06   
2.65050597141384        2463.25605311278        4.1864978880328         0.0264721924214206      10.4249530951167        0.0264721924214204      -3.16644035839867e-05   -3.52661362931863e-05   -4.7596877785723e-06    -4.95052384118107e-06   
2.89507588538081        2427.9801279919         4.57294577972565        0.0264549357009536      10.3466627606215        0.0264549357009534      -3.52661362931863e-05   -3.88757849113905e-05   -4.87001634643341e-06   -4.9978273961925e-06    
3.13633068797235        2396.76510647189        4.95416880437011        0.0264361692406034      10.276290509766         0.0264361692406034      -3.88757849113905e-05   -4.24736920839505e-05   -4.95052384118107e-06   -5.01125547460065e-06   
3.3747087354184         2370.01165737784        5.33086040285709        0.0264159100588804      10.2148596645435        0.0264159100588806      -4.24736920839505e-05   -4.6041406721302e-05    -4.9978273961925e-06    -4.99328265936091e-06   
3.61066160839004        2347.79946556842        5.70373489612311        0.0263941728123437      10.1626952480581        0.0263941728123439      -4.6041406721302e-05    -4.95632054241995e-05   -5.01125547460065e-06   -4.95767456716441e-06   
3.8446255295978         2329.94467316695        6.07348226023462        0.026370970202247       10.1195274551211        0.0263709702022472      -4.95632054241995e-05   -5.30333178976145e-05   -4.99328265936091e-06   -4.90158302163688e-06   
4.07702849070354        2316.07206237652        6.44077936407657        0.0263463102814041      10.0846379202448        0.026346310281404       -5.30333178976145e-05   -5.64436700350112e-05   -4.95767456716441e-06   -4.84269973216194e-06   
4.30823707672374        2305.68975696315        6.80620593623153        0.026320200454895       10.0570221396187        0.0263202004548951      -5.64436700350112e-05   -5.97978534767223e-05   -4.90158302163688e-06   -4.78127382208898e-06   
4.53858096968388        2298.25646232384        7.17028332697938        0.0262926443488647      10.0355401603801        0.0262926443488645      -5.97978534767223e-05   -6.30986915947003e-05   -4.84269973216194e-06   -4.72311788481142e-06   
4.76832657746112        2293.23452411792        7.53343288328347        0.0262636447144377      10.0190399397277        0.0262636447144377      -6.30986915947003e-05   -6.63520306824408e-05   -4.78127382208898e-06   -4.66505642389722e-06   
4.99767485275173        2290.12780426358        7.8959725589562         0.026233204592514       10.0064471910407        0.0262332045925138      -6.63520306824408e-05   -6.95606720058168e-05   -4.72311788481142e-06   -4.62590156036542e-06   
5.22676669028829        2288.50266595945        8.25812549324135        0.0262013279704735      9.9968169027368         0.0262013279704737      -6.95606720058168e-05   -7.27397667873961e-05   -4.66505642389722e-06   -4.59565183011019e-06   
5.45574750844589        2287.99896848229        8.6201221397719         0.0261680118607991      9.98935968457945        0.0261680118607992      -7.27397667873961e-05   -7.58970801700187e-05   -4.62590156036542e-06   -4.55347452160371e-06   
5.68472968182968        2288.32909314202        8.98214089684049        0.0261332520942595      9.98344304884413        0.0261332520942596      -7.58970801700187e-05   -7.90256757493986e-05   -4.59565183011019e-06   -4.54713699616828e-06   
5.91375563099128        2289.27146033861        9.3442497311551         0.0260970506492389      9.97857982967464        0.0260970506492386      -7.90256757493986e-05   -8.21510699279856e-05   -4.55347452160371e-06   -4.52249578943966e-06   
6.1429160663899         2290.6621375225         9.70659309282221        0.026059398493171       9.97440703792441        0.026059398493171       -8.21510699279856e-05   -8.52612430367187e-05   -4.54713699616828e-06   -4.49302103398371e-06   
6.37222574525984        2292.38149801012        10.069195431763         0.0260202961121184      9.97066074207765        0.0260202961121182      -8.52612430367187e-05   -8.8353311604449e-05    -4.52249578943966e-06   -4.51220858171665e-06   
6.60168289730552        2294.34609714389        10.4320551007173        0.0259797456001005      9.96715672616669        0.0259797456001004      -8.8353311604449e-05    -9.14610853886203e-05   -4.49302103398371e-06   -4.4705217346709e-06    
6.83137611023642        2296.50041553306        10.795313357118         0.0259377316338804      9.9637686540779         0.0259377316338802      -9.14610853886203e-05   -9.45429061093242e-05   -4.51220858171665e-06   -4.47944698680501e-06   
7.06126132374067        2298.80565766202        11.1589016686799        0.0258942617787998      9.96041125975616        0.0258942617787997      -9.45429061093242e-05   -9.7633798327146e-05    -4.4705217346709e-06    -4.4511763886189e-06    
7.29137709741094        2301.23724130404        11.5228821340931        0.0258493280431808      9.95702736393185        0.025849328043181       -9.7633798327146e-05    -0.000100708262867722   -4.47944698680501e-06   -4.46826597579219e-06   
7.52171485925467        2303.77844777064        11.8872422733169        0.025802930958855       9.95357860539982        0.0258029309588552      -0.000100708262867722   -0.000103797896991225   -4.4511763886189e-06    -4.44081494096052e-06   
7.75233920356568        2306.42134487397        12.2520853234274        0.0257550557582977      9.9500427418979         0.0257550557582982      -0.000103797896991225   -0.000106872030998277   -4.46826597579219e-06   -4.41976951548693e-06   
7.98322232030227        2309.15955183344        12.6173683312267        0.025705706057675       9.94640443239859        0.0257057060576746      -0.000106872030998277   -0.000109935259881388   -4.44081494096052e-06   -4.45541665865528e-06   
8.21436056783531        2311.99049745789        12.983086564225         0.0256548807202487      9.94265561764316        0.0256548807202485      -0.000109935259881388   -0.000113027035141447   -4.41976951548693e-06   -4.39778565104398e-06   
8.4458421945392         2314.91487975292        13.3493807098131        0.0256025576124786      9.93879113850189        0.0256025576124789      -0.000113027035141447   -0.000116082751034158   -4.45541665865528e-06   -4.41223058267473e-06   
8.67759188847668        2317.93161939795        13.7161326811537        0.0255487508627264      9.93480896149445        0.0255487508627265      -0.000116082751034158   -0.000119152565798582   -4.39778565104398e-06   -4.41028537531017e-06   
8.90965213150148        2321.03972121588        14.0834108285848        0.0254934479211649      9.93070199396567        0.0254934479211652      -0.000119152565798582   -0.000122225216071874   -4.41223058267473e-06   -4.3914286845991e-06    
9.14205304984386        2324.2395865369         14.4512640312324        0.0254366381246183      9.92646641372207        0.0254366381246187      -0.000122225216071874   -0.00012528909419433    -4.41028537531017e-06   -4.38371474631564e-06   
9.37478305223095        2327.52961110939        14.8196752123068        0.0253783205009728      9.92209591822202        0.025378320500973       -0.00012528909419433    -0.000128352074325318   -4.3914286845991e-06    -4.39322278895322e-06   
9.60785109816225        2330.90843977279        15.1886598975143        0.0253184888634384      9.91758365850623        0.0253184888634387      -0.000128352074325318   -0.000131426296610488   -4.38371474631564e-06   -4.36987088986277e-06   
9.84128996039806        2334.38267463991        15.5582714101818        0.0252571304349066      9.91293832140318        0.0252571304349066      -0.000131426296610488   -0.000134488815146786   -4.39322278895322e-06   -4.35537094143911e-06   
10.0750755681833        2337.95348138886        15.9284731437736        0.0251942471756757      9.90815975979246        0.0251942471756757      -0.000134488815146786   -0.000137545903589824   -4.36987088986277e-06   -4.37846386778783e-06   
10.3092103076199        2341.62262647448        16.2992704446368        0.0251298344198275      9.90324768927053        0.0251298344198272      -0.000137545903589824   -0.000140624122562016   -4.35537094143911e-06   -4.3510580704367e-06    
10.5437553546966        2345.39415176985        16.670761848256         0.0250638710032295      9.89820324366064        0.0250638710032299      -0.000140624122562016   -0.000143688053563917   -4.37846386778783e-06   -4.30653246294708e-06   
10.7786827441477        2349.26731742842        17.0429047767213        0.0249963604960506      9.89302218468742        0.0249963604960508      -0.000143688053563917   -0.000146725719571393   -4.3510580704367e-06    -4.38207535177964e-06   
11.0139644783903        2353.24296759327        17.4156566380154        0.0249273075331438      9.8877037402865         0.0249273075331442      -0.000146725719571393   -0.000149821970168302   -4.30653246294708e-06   -4.2787015906946e-06    
11.2497259531516        2357.3258308941         17.7892179358856        0.0248566713919585      9.88224616355936        0.0248566713919584      -0.000149821970168302   -0.000152850482107517   -4.38207535177964e-06   -4.30909372960834e-06   
11.4858556214896        2361.51442385516        18.1634138118226        0.0247844817341774      9.87664847869582        0.0247844817341775      -0.000152850482107517   -0.000155905979846829   -4.2787015906946e-06    -4.30606968962476e-06   
11.7224135485107        2365.81050289072        18.53834135556          0.0247107170464356      9.87090623350748        0.0247107170464357      -0.000155905979846829   -0.000158964952459629   -4.30909372960834e-06   -4.28509130839092e-06   
11.9594394624699        2370.21887582484        18.9140655014131        0.0246353609137229      9.86502217014434        0.0246353609137228      -0.000158964952459629   -0.000162014752555093   -4.30606968962476e-06   -4.22551978832291e-06   
12.196914572111         2374.73874021674        19.2905584448479        0.0245584149947292      9.85899077714543        0.0245584149947288      -0.000162014752555093   -0.00016502794876188    -4.28509130839092e-06   -4.31997820720098e-06   
12.4348015566472        2379.37114889618        19.6677629971402        0.0244798873871967      9.85281159342545        0.0244798873871971      -0.00016502794876188    -0.0001681145883208     -4.22551978832291e-06   -4.20528825894582e-06   
12.6732410630597        2384.12148226984        20.0459042120706        0.0243997265764369      9.84648095280691        0.0243997265764366      -0.0001681145883208     -0.000171125364180738   -4.31997820720098e-06   -4.24255686917431e-06   
12.9121199761281        2388.98836451358        20.4248047734749        0.0243179651550161      9.83999795087887        0.0243179651550162      -0.000171125364180738   -0.000174169093378961   -4.20528825894582e-06   -4.23138661147891e-06   
13.1514960246703        2393.97447705719        20.8045583466627        0.0242345784244172      9.8333583793717         0.0242345784244168      -0.000174169093378961   -0.000177211234004813   -4.24255686917431e-06   -4.2386797939579e-06    
13.3914026462721        2399.08416700687        21.1852201781526        0.0241495491026123      9.82656271647009        0.024149549102612       -0.000177211234004813   -0.000180265197515501   -4.23138661147891e-06   -4.13383108113348e-06   
13.6318514077487        2404.31761482262        21.5668109049655        0.0240628672449896      9.81960416550032        0.0240628672449893      -0.000180265197515501   -0.000183250194697362   -4.2386797939579e-06    -4.27311648687769e-06   
13.8727621013031        2409.67463138366        21.9492055722473        0.0239745567606894      9.81248195114272        0.0239745567606891      -0.000183250194697362   -0.000186342740371541   -4.13383108113348e-06   -4.12497897856283e-06   
14.1143161325071        2415.16013151039        22.3326945747353        0.0238845454592285      9.80518586874451        0.0238845454592282      -0.000186342740371541   -0.000189334972006354   -4.27311648687769e-06   -4.16867815384189e-06   
14.356380640979         2420.77015480985        22.7170695194724        0.0237928768836379      9.79771114912185        0.0237928768836375      -0.000189334972006354   -0.000192366055374863   -4.12497897856283e-06   -4.18175150617792e-06   
14.5990192358888        2426.50326138027        23.1024339659628        0.0236995216904982      9.7900431285351         0.0236995216904985      -0.000192366055374863   -0.000195413855730615   -4.16867815384189e-06   -4.09912314545749e-06   
14.8422769810083        2432.36161012241        23.4888621511735        0.0236044563880134      9.78217541807654        0.0236044563880132      -0.000195413855730615   -0.000198408689562177   -4.18175150617792e-06   -4.15357963319912e-06   
15.0860866821765        2438.33801056567        23.8762500184869        0.0235077013274881      9.77409174704905        0.0235077013274878      -0.000198408689562177   -0.000201450704841179   -4.09912314545749e-06   -4.08807374770919e-06   
15.3305202505861        2444.43552527152        24.2647145816666        0.0234092220940268      9.76578500903454        0.0234092220940267      -0.000201450704841179   -0.00020445213414406    -4.15357963319912e-06   -4.1009153293845e-06    
15.5755439725327        2450.65349125145        24.6542050864392        0.0233090262489042      9.75724914739028        0.0233090262489039      -0.00020445213414406    -0.000207470651545471   -4.08807374770919e-06   -4.09566681466991e-06   
15.8212028403264        2456.99552824739        25.0447959494998        0.0232070895307725      9.74847981317641        0.0232070895307724      -0.000207470651545471   -0.000210493122799069   -4.1009153293845e-06    -4.04589941156771e-06   
16.0675229532097        2463.46921365381        25.4365316799261        0.0231033949866627      9.73948170083393        0.0231033949866631      -0.000210493122799069   -0.000213486749036714   -4.09566681466991e-06   -4.06118254754757e-06   
16.3144773703612        2470.07639336552        25.8293724991148        0.0229979481939586      9.7302525600778         0.0229979481939583      -0.000213486749036714   -0.000216499659114829   -4.04589941156771e-06   -4.04519035568516e-06   
16.5621017038172        2476.8213531539         26.2233782002921        0.0228907283122688      9.72078912032281        0.0228907283122687      -0.000216499659114829   -0.000219508569612202   -4.06118254754757e-06   -3.98536847426049e-06   
16.8103840748169        2483.70283095           26.6185330995287        0.0227817346622034      9.7110812026319         0.0227817346622031      -0.000219508569612202   -0.000222480590860241   -4.04519035568516e-06   -3.97513566179411e-06   
17.0592646572621        2490.72772737142        27.0147452586014        0.0226709883263908      9.70113904235436        0.0226709883263904      -0.000222480590860241   -0.000225452671963219   -3.98536847426049e-06   -4.03615071723728e-06   
17.3087806475714        2497.91155070174        27.4120772691128        0.0225584679717378      9.690980145883          0.0225584679717377      -0.000225452671963219   -0.000228478487887912   -3.97513566179411e-06   -3.88133325931421e-06   
17.5590408155997        2505.28390566949        27.8107059664669        0.0224441189804851      9.68064134056042        0.0224441189804854      -0.000228478487887912   -0.000231396563325457   -4.03615071723728e-06   -4.01397155800674e-06   
17.8099651688093        2512.87197109202        28.2105077395232        0.0223279729753726      9.67017213403445        0.0223279729753725      -0.000231396563325457   -0.000234423380438378   -3.88133325931421e-06   -3.86358846865312e-06   
18.0617260445751        2520.72808765934        28.611761270713         0.022209945929446       9.65964410401591        0.0222099459294462      -0.000234423380438378   -0.000237345745037811   -4.01397155800674e-06   -3.84990471177194e-06   
18.3142362059334        2528.9072669215         29.0143319011533        0.0220900760079836      9.64915831764943        0.0220900760079839      -0.000237345745037811   -0.000240267051900135   -3.86358846865312e-06   -3.85822687158708e-06   
18.5675419710332        2537.45346974915        29.4182979866018        0.0219683412787106      9.63877964287126        0.0219683412787107      -0.000240267051900135   -0.000243204430105402   -3.84990471177194e-06   -3.74494577339476e-06   
18.8217488096298        2546.36878071212        29.8238324188898        0.0218446911437134      9.62848547736094        0.0218446911437138      -0.000243204430105402   -0.000246065872390445   -3.85822687158708e-06   -3.87047301371951e-06   
19.0768705074699        2555.61411344373        30.230962013872         0.0217191176271152      9.61818447346831        0.0217191176271154      -0.000246065872390445   -0.000249034401631814   -3.74494577339476e-06   -3.6455734652523e-06    
19.3330698689982        2565.14724625713        30.6399516172589        0.0215915363548375      9.60776335601165        0.0215915363548376      -0.000249034401631814   -0.000251841035410043   -3.87047301371951e-06   -3.67474132820274e-06   
19.5901570640921        2574.92410956634        31.0505032883669        0.0214620361948207      9.59714492600352        0.0214620361948206      -0.000251841035410043   -0.000254681018469876   -3.6455734652523e-06    -3.7562898539718e-06    
19.8482111045838        2584.91245458342        31.46274823256          0.0213305709671914      9.5862452291872         0.0213305709671917      -0.000254681018469876   -0.000257595676526432   -3.67474132820274e-06   -3.69841788574395e-06   
20.1074070794819        2595.08861463305        31.8769714287204        0.0211970410835504      9.57498476759717        0.0211970410835503      -0.000257595676526432   -0.0002604773029531     -3.7562898539718e-06    -3.5016923380319e-06    
20.3677011885774        2605.43202410599        32.2931083154066        0.0210614558464918      9.56331458724293        0.0210614558464918      -0.0002604773029531     -0.000263217255440578   -3.69841788574395e-06   -3.92836943426408e-06   
20.6289692140217        2615.9371040224         32.7109656608811        0.0209238668742333      9.55122328255498        0.0209238668742337      -0.000263217255440578   -0.000266303986380838   -3.5016923380319e-06    -3.30229631161621e-06   
20.891579422511         2626.63668547183        33.1311381372267        0.0207840645611047      9.53870942086443        0.0207840645611047      -0.000266303986380838   -0.000268909920399632   -3.92836943426408e-06   -3.88627434663314e-06   
21.1550363078236        2637.53425339968        33.5528385834388        0.020642298278398       9.52582181740487        0.0206422982783981      -0.000268909920399632   -0.000271990231140042   -3.30229631161621e-06   -3.47383043266974e-06   
21.419889813154         2648.6832553737         33.9769530986811        0.0204982578985129      9.51256996996806        0.0204982578985131      -0.000271990231140042   -0.000274756203849823   -3.88627434663314e-06   -3.71642231693478e-06   
21.6858843971102        2660.09911658457        34.4030787728539        0.0203520666729312      9.49899245335477        0.0203520666729316      -0.000274756203849823   -0.000277729132746605   -3.47383043266974e-06   -3.42238189005059e-06   
21.9531940416904        2671.80546417173        34.8315007771699        0.0202036149718528      9.48508731973671        0.0202036149718525      -0.000277729132746605   -0.000280479498012036   -3.71642231693478e-06   -3.72105638429539e-06   
22.2216196287914        2683.81101845208        35.2619067971374        0.0200530006920967      9.47087326231293        0.0200530006920964      -0.000280479498012036   -0.000283483807061373   -3.42238189005059e-06   -3.36599694094457e-06   
22.491435915813         2696.13507343633        35.6947447696828        0.0199000574735309      9.45632441964861        0.0199000574735308      -0.000283483807061373   -0.000286214268916492   -3.72105638429539e-06   -3.61827109245637e-06   
22.7624038913009        2708.78962412238        36.1296394050487        0.0197449096753066      9.4414693822611         0.0197449096753064      -0.000286214268916492   -0.000289163584130855   -3.36599694094457e-06   -3.4243385492185e-06    
23.0347890641441        2721.78086095924        36.5670256160152        0.0195873950050688      9.42625737332027        0.0195873950050685      -0.000289163584130855   -0.0002919685723282     -3.61827109245637e-06   -3.39596911092415e-06   
23.3085009979964        2735.13014683479        37.006768048879         0.0194275549776168      9.4107112110412         0.019427554977617       -0.0002919685723282     -0.000294764684037637   -3.4243385492185e-06    -3.45935351022093e-06   
23.583604510378         2748.83999583669        37.4489811995621        0.019265342026592       9.39479844525412        0.0192653420265921      -0.000294764684037637   -0.000297628542244698   -3.39596911092415e-06   -3.56753853005353e-06   
23.8603123215844        2762.94082436423        37.8940182322469        0.0191006190206322      9.3785109037214         0.0191006190206323      -0.000297628542244698   -0.00030059826760899    -3.45935351022093e-06   -3.21161156537351e-06   
24.1386964744752        2777.43183300754        38.3420066060816        0.0189333288305554      9.36180450899505        0.0189333288305552      -0.00030059826760899    -0.000303285332448037   -3.56753853005353e-06   -2.96969775423436e-06   
24.4182686222543        2792.32957249875        38.7921714049059        0.0187637541700576      9.34474769234466        0.0187637541700573      -0.000303285332448037   -0.000305782726667505   -3.21161156537351e-06   -4.02342074359636e-06   
24.6989918157762        2807.60262599415        39.2444623868948        0.0185919101164432      9.32726251955104        0.0185919101164433      -0.000305782726667505   -0.000309184353954526   -2.96969775423436e-06   -2.61712654286256e-06   
24.9819350919214        2823.37602386683        39.7006124240867        0.0184171254660987      9.30935644656584        0.0184171254660987      -0.000309184353954526   -0.000311409718135272   -4.02342074359636e-06   -3.81352798040547e-06   
25.2659430381691        2839.56392537333        40.1587681482085        0.0182400968349414      9.29102801701871        0.0182400968349411      -0.000311409718135272   -0.000314670524800118   -2.61712654286256e-06   -2.82504356955876e-06   
25.5519338158419        2856.26735872909        40.620419963299         0.0180602351322169      9.27225791443877        0.018060235132217       -0.000314670524800118   -0.000317099046797625   -3.81352798040547e-06   -3.42384099280993e-06   
25.8391190862634        2873.43185047026        41.0843051046168        0.0178780169604067      9.25304124394427        0.0178780169604066      -0.000317099046797625   -0.000320058646040635   -2.82504356955876e-06   -3.12215347986358e-06   
26.1280401364626        2891.1150724453         41.5513090115293        0.0176930803355522      9.23333916089772        0.0176930803355519      -0.000320058646040635   -0.00032277311968171    -3.42384099280993e-06   -3.34433980722154e-06   
26.4186548777526        2909.33576236605        42.0213779276666        0.0175054296136939      9.21314029079312        0.0175054296136938      -0.00032277311968171    -0.000325699012439177   -3.12215347986358e-06   -3.06898901242595e-06   
26.7112450468206        2928.13794707212        42.4949852864467        0.0173148594959827      9.1924150923836         0.0173148594959825      -0.000325699012439177   -0.000328401508294071   -3.34433980722154e-06   -3.28339598516379e-06   
27.0056722304842        2947.53611676018        42.9719281685366        0.0171214377922713      9.17115553093705        0.0171214377922711      -0.000328401508294071   -0.000331312165602981   -3.06898901242595e-06   -3.01833557304914e-06   
27.3021863747063        2967.57592468596        43.4526356124935        0.016924979942147       9.14933176085448        0.0169249799421471      -0.000331312165602981   -0.000334006231926724   -3.28339598516379e-06   -3.21562503712074e-06   
27.6006689424311        2988.27663855639        43.9369416674327        0.0167255460895152      9.12693437454917        0.016725546089515       -0.000334006231926724   -0.000336896676053063   -3.01833557304914e-06   -2.9678438967378e-06    
27.9013820673841        3009.6883325153         44.4252986901046        0.0165229443839298      9.10392890744731        0.0165229443839295      -0.000336896676053063   -0.00033958373485874    -3.21562503712074e-06   -3.08903797232051e-06   
28.2042260222598        3031.83263033844        44.9175709458182        0.0163172269220567      9.08029928094594        0.016317226922057       -0.00033958373485874    -0.000342401363993012   -2.9678438967378e-06    -2.89284077002644e-06   
28.5094110604755        3054.75439771202        45.4141239165618        0.0161082389864245      9.05600297069817        0.0161082389864248      -0.000342401363993012   -0.000345060247451716   -3.08903797232051e-06   -2.95655804886613e-06   
28.8169160893674        3078.48563392963        45.9149432607915        0.015895988662431       9.03101809823622        0.0158959886624313      -0.000345060247451716   -0.000347799148147056   -2.89284077002644e-06   -2.72573899714125e-06   
29.1269428201992        3103.08700700085        46.4203729037895        0.0156803405057939      9.00531888097975        0.0156803405057938      -0.000347799148147056   -0.000350344656599286   -2.95655804886613e-06   -2.68084281795633e-06   
29.4394572728145        3128.59540992534        46.930368284363         0.0154613357158796      8.97888856819295        0.0154613357158795      -0.000350344656599286   -0.000352869119682359   -2.72573899714125e-06   -2.56319765582341e-06   
29.7546264413214        3155.05763920444        47.4452098212185        0.0152388880442018      8.95168234996827        0.0152388880442021      -0.000352869119682359   -0.000355303505198771   -2.68084281795633e-06   -2.39181441500289e-06   
30.0725678627448        3182.52167796524        47.9650988744055        0.0150129492236767      8.92366109047015        0.0150129492236768      -0.000355303505198771   -0.000357595265682615   -2.56319765582341e-06   -2.42586031803543e-06   
30.3933232904926        3211.03603468127        48.490120812417         0.0147835114907582      8.89479137060458        0.0147835114907583      -0.000357595265682615   -0.000359940965813618   -2.39181441500289e-06   -2.46870578051637e-06   
30.7170967994662        3240.67512467828        49.0206435854376        0.0145504110033027      8.86502067982625        0.0145504110033026      -0.000359940965813618   -0.000362350808061592   -2.42586031803543e-06   -2.70448506615591e-06   
31.0440094562186        3271.51511584127        49.5569260349395        0.0143134728361435      8.83428385549039        0.0143134728361435      -0.000362350808061592   -0.000365016693448358   -2.46870578051637e-06   -2.93718868405e-06      
31.3741939304113        3303.65136869407        50.099279978315         0.014072421488496       8.80249723197057        0.0140724214884963      -0.000365016693448358   -0.000367941143411777   -2.70448506615591e-06   -3.45276444848284e-06   
31.7076812214572        3337.18881083908        50.6478848122611        0.0138269626573693      8.76956717556637        0.0138269626573692      -0.000367941143411777   -0.000371414735873165   -2.93718868405e-06      -3.74044635859252e-06   
32.0447509434549        3372.3057137871         51.2033544968077        0.0135765561836313      8.73539714720242        0.0135765561836314      -0.000371414735873165   -0.000375218535941593   -3.45276444848284e-06   -4.01454584067977e-06   
32.3855169863637        3409.14881392196        51.7660336669999        0.0133207851041547      8.69986003128196        0.0133207851041549      -0.000375218535941593   -0.000379347215416559   -3.74044635859252e-06   -3.87855072658818e-06   
32.730233111841         3447.87143399463        52.3364668595481        0.0130592205932927      8.66280493776393        0.0130592205932929      -0.000379347215416559   -0.000383382996459539   -4.01454584067977e-06   -3.50362020429963e-06   
33.0790591009151        3488.62674029536        52.9149720539171        0.0127916969599626      8.62413822441412        0.0127916969599628      -0.000383382996459539   -0.000387073376761499   -3.87855072658818e-06   -2.65040394058319e-06   
33.4322856678959        3531.54813403638        53.5019760451053        0.0125182165226429      8.58377191779183        0.0125182165226426      -0.000387073376761499   -0.000389900628442043   -3.50362020429963e-06   -1.62904920370797e-06   
33.7900742149145        3576.70916667337        54.0975636166785        0.0122391652092784      8.54165620127384        0.0122391652092785      -0.000389900628442043   -0.000391661376487348   -2.65040394058319e-06   -6.49173423285885e-07   
34.1526676484802        3624.17996859966        54.7018397241267        0.0119550789425364      8.49777986952748        0.0119550789425364      -0.000391661376487348   -0.000392372667926272   -1.62904920370797e-06   1.08249984159493e-07    
34.5203651053185        3674.01887008199        55.3149397527708        0.0116664900735204      8.45211065136378        0.0116664900735204      -0.000392372667926272   -0.000392252363483623   -6.49173423285885e-07   1.31921441313707e-07    
34.8933704974785        3726.29144080165        55.9368658434345        0.011373786591945       8.40456657885752        0.0113737865919452      -0.000392252363483623   -0.000392103544814226   1.08249984159493e-07    -9.18403899342262e-07   
35.2720865669128        3781.21454870393        56.5680853577452        0.0110766763621004      8.35496756543266        0.0110766763621004      -0.000392103544814226   -0.000393156029567614   1.31921441313707e-07    -2.70418100930381e-06   
35.6571172522482        3839.28821349047        57.2096263561707        0.0107738940826642      8.30301998923357        0.0107738940826644      -0.000393156029567614   -0.000396306693104711   -9.18403899342262e-07   -5.78960225037989e-06   
36.0486050334038        3901.13554077207        57.861997037667         0.010463492870096       8.2481820134446         0.0104634928700958      -0.000396306693104711   -0.000403170765486611   -2.70418100930381e-06   -9.97406098984504e-06   
36.4470684819255        3967.7998496568         58.5264767858013        0.0101420339569867      8.18958289635335        0.0101420339569868      -0.000403170765486611   -0.000415218174519695   -5.78960225037989e-06   -1.52460343083454e-05   
36.853307685543         4041.01286691425        59.2046452576513        0.00980450376972349     8.12610258028225        0.00980450376972349     -0.000415218174519695   -0.000434011492140691   -9.97406098984504e-06   -2.23054159798086e-05   
37.2681626179626        4123.11499378759        59.8973328909018        0.00944413625018286     8.05597705397488        0.00944413625018284     -0.000434011492140691   -0.000462135297641317   -1.52460343083454e-05   -3.23303093332022e-05   
37.6928493901064        4217.97113182572        60.6040002003946        0.0090511808007395      7.97680171146874        0.00905118080073975     -0.000462135297641317   -0.000503967114872015   -2.23054159798086e-05   -4.63448981018268e-05   
38.1292287286805        4331.99121454781        61.3210992049494        0.00861065422396649     7.88471923509137        0.00861065422396653     -0.000503967114872015   -0.000565822226895035   -3.23303093332022e-05   -6.39702100261499e-05   
38.5800186851256        4476.50719795228        62.0390771894126        0.00809907384897179     7.77341220461016        0.00809907384897177     -0.000565822226895035   -0.000654620291000574   -4.63448981018268e-05   -7.5181746345769e-05    
39.0503318933773        4672.36069076668        62.7406968824985        0.00748076454155154     7.63247777383232        0.00748076454155172     -0.000654620291000574   -0.000764509286109779   -6.39702100261499e-05   -5.66997236918887e-05   
39.5479779766963        4954.90273201559        63.4009326321368        0.00671541961759337     7.44695139076437        0.0067154196175933      -0.000764509286109779   -0.000853289243980168   -7.5181746345769e-05    4.97685593088155e-06    
40.0845586781927        5372.91759193277        64.0044962948593        0.0057923210108487      7.20204409147278        0.00579232101084854     -0.000853289243980168   -0.00084477015679306    -5.66997236918887e-05   7.29576894965554e-05    
40.6773753398637        5966.83253140309        64.5885991281483        0.00478313545651988     6.89687951710414        0.00478313545651998     -0.00084477015679306    -0.000705633589103289   4.97685593088155e-06    8.52639758309363e-05    
41.3444160637007        6721.93786557752        65.2602159387209        0.00383590207373236     6.55549329418579        0.00383590207373243     -0.000705633589103289   -0.000521977620487555   7.29576894965554e-05    5.59212810554188e-05    
42.1022920280822        7588.93760714612        66.1217240868305        0.0030403870925161      6.20125094190372        0.00304038709251611     -0.000521977620487555   -0.00038487681008702    8.52639758309363e-05    4.18506503832754e-05    
42.9675801743228        8580.4795872583         67.1842073021318        0.002371002908695       5.82299208016342        0.00237100290869493     -0.00038487681008702    -0.000260300263500864   5.59212810554188e-05    -0.000110571701929445   
43.9575613604615        9692.99314828498        68.4360269671156        0.0018074239061373      5.40360181395016        0.00180742390613726     -0.000260300263500864   -0.000663896145041275   4.18506503832754e-05    -0.000110571701929445   
45.4425331396694        9692.99314828498        68.4360269671156        1e-09                   5.40360181395016        9.99999947441452e-10    -0.000663896145041275   -0.000663896145041275   -0.000110571701929445   -0.000110571701929445   
