x                       V                     vel                       p                      cs                  dd1[i]             dd2_left[i]            dd2_right[i]             dd3_left[i]            dd3_right[i]
-117.844423119748       18779.2782669414        -71.7566045891474       1e-09                   4.32780058845013        0.000598421014923484    3.9310777817634e-05     3.9310777817634e-05     -4.69986432178273e-07   -4.69986432178273e-07   
-114.938344891268       18779.2782669414        -71.7566045891474       0.000598421014923484    4.32780058845013        0.000598421014923484    3.9310777817634e-05     3.9310777817634e-05     -4.69986432178273e-07   -4.69986432178273e-07   
-113.000959405615       16806.8792565124        -70.7142118851161       0.000766106776413641    4.63246947980232        0.000766106776413641    3.9310777817634e-05     3.6510270547054e-05     -4.69986432178273e-07   -7.91001644569e-07      
-111.250521726874       15720.5905048858        -69.6460916707884       0.000895242371646145    4.84316334766026        0.000895242371646145    3.6510270547054e-05     3.24543246820598e-05    -4.69986432178273e-07   -4.37911423403528e-07   
-109.61485004102        14961.059215611         -68.6008959339111       0.00100181250100811     4.99802896992432        0.00100181250100811     3.24543246820598e-05    3.03555573078817e-05    -7.91001644569e-07      -1.57561496810422e-07   
-108.069239509238       14359.2618365042        -67.6000513651232       0.00109590322004052     5.12125656521099        0.00109590322004052     3.03555573078817e-05    2.96400792181163e-05    -4.37911423403528e-07   1.29562979735036e-08    
-106.596890513356       13843.8834860671        -66.6431102416486       0.00118335046083527     5.22528562265375        0.00118335046083527     2.96400792181163e-05    2.96962399757301e-05    -1.57561496810422e-07   1.09580817541356e-07    
-105.186591271907       13384.105735827         -65.7247525167662       0.00126726164771473     5.31682296864904        0.00126726164771473     2.96962399757301e-05    3.01521350767093e-05    1.29562979735036e-08    1.35045341941177e-07    
-103.828238320192       12965.0866652119        -64.8387882053296       0.00134924623380093     5.3995515792116         0.00134924623380093     3.01521350767093e-05    3.0693507440122e-05     1.09580817541356e-07    1.3525986138956e-07     
-102.517181723996       12581.0824457621        -63.982639350568        0.00142980113325372     5.47546739839155        0.00142980113325372     3.0693507440122e-05     3.1217542331479e-05     1.35045341941177e-07    1.26629437315661e-07    
-101.248661605459       12228.1373642371        -63.1537439703029       0.00150908050320988     5.54575568745181        0.00150908050320988     3.1217542331479e-05     3.16928320857014e-05    1.3525986138956e-07     1.05384338548803e-07    
-100.017603320473       11902.8168754984        -62.3492540412781       0.00158715903904531     5.61124813715693        0.00158715903904531     3.16928320857014e-05    3.2076896081484e-05     1.26629437315661e-07    8.45814520429026e-08    
-98.8210352944079       11602.674363678         -61.5675801069656       0.00166397112023697     5.67252369741987        0.00166397112023697     3.2076896081484e-05     3.23767552452742e-05    1.05384338548803e-07    5.87653413434996e-08    
-97.6559831285872       11325.3744082167        -60.8070629671282       0.00173945424427339     5.73003353427618        0.00173945424427339     3.23767552452742e-05    3.25797374638416e-05    8.45814520429026e-08    2.68857948423528e-08    
-96.519858151317        11068.7718546738        -60.0662767766632       0.00181351790545153     5.7840896647339         0.00181351790545153     3.25797374638416e-05    3.26703500186463e-05    5.87653413434996e-08    -8.27223266126349e-09   
-95.4105514317302       10831.4563888954        -59.3441080345717       0.0018860358776056      5.83502575775192        0.0018860358776056      3.26703500186463e-05    3.26431073036293e-05    2.68857948423528e-08    -3.84354217465464e-08   
-94.3259145667537       10611.6631105909        -58.6394039566759       0.00195688958608299     5.88300561393245        0.00195688958608299     3.26431073036293e-05    3.2519254254706e-05     -8.27223266126349e-09   -8.08787965084857e-08   
-93.263382032266        10407.9893512066        -57.9507130646996       0.00202600586529629     5.92827229911686        0.00202600586529629     3.2519254254706e-05     3.22639419016303e-05    -3.84354217465464e-08   -1.1010804954115e-07    
-92.2222928089578       10219.4795143998        -57.2777723285889       0.00209321627633051     5.97098272971989        0.00209321627633052     3.22639419016303e-05    3.19230505959348e-05    -8.08787965084857e-08   -1.35322191266975e-07   
-91.200717398948        10044.6301881494        -56.6194391604751       0.0021584720967647      6.01124695653084        0.0021584720967647      3.19230505959348e-05    3.15116623468654e-05    -1.1010804954115e-07    -1.59790038785467e-07   
-90.1966376096782       9882.20421639379        -55.9744591701621       0.00222177060088876     6.04924110942338        0.00222177060088876     3.15116623468654e-05    3.1034062877183e-05     -1.35322191266975e-07   -1.73611145647206e-07   
-89.2089073545795       9731.17885539           -55.3420807952001       0.00228309674308437     6.08512157521831        0.00228309674308437     3.1034062877183e-05     3.05233505212942e-05    -1.59790038785467e-07   -1.79794704713432e-07   
-88.2362650192228       9590.47936425227        -54.7214175263546       0.00234248900412953     6.11904029173042        0.00234248900412953     3.05233505212942e-05    3.00023573096519e-05    -1.73611145647206e-07   -1.78462197966967e-07   
-87.2776848199372       9459.05927010942        -54.111674229516        0.00240001928517161     6.15114144798127        0.00240001928517161     3.00023573096519e-05    2.94925602322756e-05    -1.79794704713432e-07   -1.64365688270897e-07   
-86.3324368311297       9335.98487468318        -53.5121876155901       0.00245578970861739     6.18158765677753        0.00245578970861739     2.94925602322756e-05    2.90293676948539e-05    -1.78462197966967e-07   -1.45402898056777e-07   
-85.3995135473834       9220.2808159427         -52.9220703446439       0.00250996277359974     6.21055037954931        0.00250996277359974     2.90293676948539e-05    2.86248732641811e-05    -1.64365688270897e-07   -1.1673146644154e-07    
-84.4783142727052       9111.04113301199        -52.3406591190192       0.00256271272885239     6.23818631289944        0.00256271272885239     2.86248732641811e-05    2.83041132599455e-05    -1.45402898056777e-07   -8.80304880098831e-08   
-83.5680333947797       9007.45848823599        -51.7671465215269       0.00261424840425579     6.26468062224926        0.00261424840425579     2.83041132599455e-05    2.80650485269228e-05    -1.1673146644154e-07    -5.55234731594794e-08   
-82.6682265068872       8908.8111747138         -51.200960473075        0.00266476447421536     6.29018859360488        0.00266476447421536     2.80650485269228e-05    2.79159571572252e-05    -8.80304880098831e-08   -3.13874765699912e-08   
-81.7781936627988       8814.37148860444        -50.6413980845885       0.00271445910517473     6.31483055244225        0.00271445910517472     2.79159571572252e-05    2.78325929166845e-05    -5.55234731594794e-08   -1.14393959706742e-08   
-80.8977633855943       8723.65805991663        -50.0881385859689       0.00276347373602748     6.33871700092167        0.00276347373602748     2.78325929166845e-05    2.78025322618091e-05    -3.13874765699912e-08   -2.22769084046002e-09   
-80.0265536872314       8636.27937856894        -49.540791362514        0.00281192206201845     6.36193687990707        0.00281192206201846     2.78025322618091e-05    2.77967386042279e-05    -1.14393959706742e-08   -2.66408919755018e-11   
-79.1642297421002       8551.96194283052        -48.9990626320219       0.00285986937373411     6.38455089071015        0.00285986937373411     2.77967386042279e-05    2.77966700081819e-05    -2.22769084046002e-09   -9.95101427212925e-09   
-78.310235720554        8470.49834338175        -48.4625825527881       0.00290734813249539     6.4065965405375         0.00290734813249539     2.77966700081819e-05    2.77712954986964e-05    -2.66408919755018e-11   -2.60499560150979e-08   
-77.4644004690327       8391.80035400773        -47.9312738770493       0.00295433113926954     6.42808383843612        0.00295433113926954     2.77712954986964e-05    2.77054939095901e-05    -9.95101427212925e-09   -4.24592305271747e-08   
-76.6264989099754       8315.83200604151        -47.4050596635908       0.00300076727419313     6.44901498181662        0.00300076727419313     2.77054939095901e-05    2.7599226143048e-05     -2.60499560150979e-08   -6.58709231998393e-08   
-75.7960126017317       8242.55871706302        -46.8836945888643       0.00304660822374361     6.46939553746378        0.0030466082237436      2.7599226143048e-05     2.74358367568638e-05    -4.24592305271747e-08   -8.27899177614679e-08   
-74.9729856983928       8171.97504283336        -46.3672852560936       0.00309177457593503     6.48920959139193        0.00309177457593504     2.74358367568638e-05    2.72322613522234e-05    -6.58709231998393e-08   -9.41423539727061e-08   
-74.1570180912648       8103.99999174586        -45.855644685049        0.00313622260894485     6.50844937971689        0.00313622260894485     2.72322613522234e-05    2.70027232385508e-05    -8.27899177614679e-08   -1.08801478881616e-07   
-73.3476142838323       8038.54732613882        -45.3485034629717       0.00317993205605258     6.52712728113532        0.00317993205605258     2.70027232385508e-05    2.67396042615508e-05    -9.41423539727061e-08   -1.05220599119853e-07   
-72.5449792104576       7975.57016791466        -44.8460049893695       0.00322286661852487     6.54525258716511        0.00322286661852487     2.67396042615508e-05    2.64871673929128e-05    -1.08801478881616e-07   -1.11872469320546e-07   
-71.7483444218223       7914.90271727531        -44.3476586863879       0.00326506334598307     6.56285745048062        0.00326506334598307     2.64871673929128e-05    2.62208425816715e-05    -1.05220599119853e-07   -1.00248024786434e-07   
-70.9580474804097       7856.45152728964        -43.8536468236111       0.00330651786596805     6.57995660295911        0.00330651786596805     2.62208425816715e-05    2.59839755494696e-05    -1.11872469320546e-07   -9.98928649703558e-08   
-70.1733243682191       7800.02222278934        -43.3634505226451       0.00334729566475921     6.5965875738102         0.00334729566475922     2.59839755494696e-05    2.57496627303432e-05    -1.00248024786434e-07   -8.97483301218893e-08   
-69.3943793287741       7745.49993414329        -42.877151298777        0.00338741701682102     6.61277025669563        0.00338741701682102     2.57496627303432e-05    2.55406215252158e-05    -9.98928649703558e-08   -8.6066783186132e-08    
-68.6207301841523       7692.72837913197        -42.3944036428046       0.0034269375319687      6.62853674220891        0.0034269375319687      2.55406215252158e-05    2.5341516731978e-05     -8.97483301218893e-08   -8.51008260015365e-08   
-67.852255155368        7641.59235190635        -41.9150936656652       0.0034658894318265      6.6439087610129         0.0034658894318265      2.5341516731978e-05     2.51458913028131e-05    -8.6066783186132e-08    -6.93135141659e-08      
-67.0886974103031       7591.98526816381        -41.4390323736211       0.00350430447808431     6.65890731436429        0.00350430447808431     2.51458913028131e-05    2.49875372630707e-05    -8.51008260015365e-08   -9.83641853096577e-08   
-66.328914326014        7543.75591499659        -40.9654885308077       0.00354225028159629     6.67356370492187        0.00354225028159629     2.49875372630707e-05    2.47641320929274e-05    -6.93135141659e-08      -6.18554797423326e-08   
-65.5748598965104       7497.02860633993        -40.4956694196913       0.0035796325805234      6.68787557903235        0.0035796325805234      2.47641320929274e-05    2.46244769944806e-05    -9.83641853096577e-08   -1.08411270956169e-07   
-64.8236838759609       7451.5021020901         -40.0277949778827       0.00361659011887329     6.7018690021494         0.0036165901188733      2.46244769944806e-05    2.43811256261083e-05    -6.18554797423326e-08   -7.12742517341899e-08   
-64.0783991140406       7407.42774351957        -39.5637415775172       0.00365296895755761     6.7155421228704         0.00365296895755761     2.43811256261083e-05    2.42220360574238e-05    -1.08411270956169e-07   -1.0064131932444e-07    
-63.3359642524729       7364.47077104851        -39.101616450068        0.00368891072686334     6.72890224144974        0.00368891072686333     2.42220360574238e-05    2.39987237615588e-05    -7.12742517341899e-08   -1.04711336965594e-07   
-62.5984269034882       7322.77849473344        -38.6426952341802       0.00372430963538031     6.74194513298295        0.0037243096353803      2.39987237615588e-05    2.37677102260283e-05    -1.0064131932444e-07    -7.94817709618602e-08   
-61.865870545464        7282.25248951765        -38.1870286329621       0.00375915804251899     6.75464507007637        0.00375915804251899     2.37677102260283e-05    2.35934028217362e-05    -1.04711336965594e-07   -1.22181404405681e-07   
-61.1361045883154       7242.84411467046        -37.73325178508         0.00379355727031037     6.76709488984906        0.00379355727031037     2.35934028217362e-05    2.33270026075503e-05    -7.94817709618602e-08   -8.89643930059205e-08   
-60.4121889207829       7204.58789464621        -37.2832627348931       0.00382736288197532     6.77920500352581        0.00382736288197533     2.33270026075503e-05    2.31341195376629e-05    -1.22181404405681e-07   -1.06600315407465e-07   
-59.6913759685512       7167.37600220942        -36.8353476334574       0.00386070498033041     6.79106327311006        0.0038607049803304      2.31341195376629e-05    2.29042457672945e-05    -8.89643930059205e-08   -1.03340956535682e-07   
-58.9744133414323       7131.1729586522         -36.3899646568862       0.0038935506688958      6.80264449107501        0.00389355066889581     2.29042457672945e-05    2.26825104840509e-05    -1.06600315407465e-07   -1.0257537178794e-07    
-58.2610642160483       7095.96947628015        -35.94695981978         0.00392591360396331     6.81397621317596        0.00392591360396331     2.26825104840509e-05    2.24635314307219e-05    -1.03340956535682e-07   -1.0688750298706e-07    
-57.5511666141316       7061.67777756026        -35.5062256469994       0.00395780407612257     6.82504421136989        0.00395780407612258     2.24635314307219e-05    2.22364913438559e-05    -1.0257537178794e-07    -1.04500852268543e-07   
-56.8450002804096       7028.31297292889        -35.0679292461539       0.00398921267172101     6.83586560873714        0.00398921267172101     2.22364913438559e-05    2.20156257034468e-05    -1.0688750298706e-07    -1.04194681623335e-07   
-56.1422708821012       6995.79216757335        -34.6318816955423       0.00402015558065743     6.84643129953963        0.00402015558065742     2.20156257034468e-05    2.17965047678115e-05    -1.04500852268543e-07   -1.12154052384615e-07   
-55.442900826274        6964.0713994632         -34.1980292295175       0.0040506390285405      6.85674113655172        0.00405063902854051     2.17965047678115e-05    2.1561780688456e-05     -1.04194681623335e-07   -9.91639081982714e-08   
-54.7472752783073       6933.08988217154        -33.7666055681667       0.00408064919580684     6.86676872725202        0.00408064919580683     2.1561780688456e-05     2.13552178197782e-05    -1.12154052384615e-07   -1.13838660400739e-07   
-54.05425182298         6902.71699618212        -33.3368976425931       0.00411023785490466     6.87650694992276        0.00411023785490466     2.13552178197782e-05    2.11191742120177e-05    -9.91639081982714e-08   -1.0613446038845e-07    
-53.3648301773374       6872.92530603579        -32.9095212722516       0.00413936474398288     6.8859209865532         0.00413936474398286     2.11191742120177e-05    2.0900092248137e-05     -1.13838660400739e-07   -1.07311696833713e-07   
-52.6783609411317       6843.64047093517        -32.4840701721398       0.00416805994391191     6.89501072242813        0.00416805994391191     2.0900092248137e-05     2.06795765192994e-05    -1.0613446038845e-07    -1.13225816012059e-07   
-51.9947810328581       6814.85903248245        -32.0605020308247       0.00419632816318478     6.90378940463621        0.0041963281631848      2.06795765192994e-05    2.04479279759423e-05    -1.07311696833713e-07   -1.09041603568755e-07   
-51.3144837649723       6786.65151435339        -31.6390575553115       0.00422415521817263     6.91229211963189        0.00422415521817263     2.04479279759423e-05    2.02257925861044e-05    -1.13225816012059e-07   -1.09338146087818e-07   
-50.6369100670468       6759.06525078248        -31.2193875967381       0.00425156568184585     6.92057438145896        0.00425156568184583     2.02257925861044e-05    2.00039765491129e-05    -1.09041603568755e-07   -1.15807879583822e-07   
-49.9619082989309       6732.18783330165        -30.8013956717854       0.00427856665793881     6.92869809783264        0.0042785666579388      2.00039765491129e-05    1.97699896129289e-05    -1.09338146087818e-07   -1.12264048378793e-07   
-49.2899246706092       6706.13733781866        -30.3853555156527       0.00430514122806838     6.93672212865845        0.00430514122806837     1.97699896129289e-05    1.95440777297825e-05    -1.15807879583822e-07   -1.15846454232348e-07   
-48.6205189769331       6681.02220894775        -29.9709920434301       0.00433130749362012     6.94472960340644        0.00433130749362013     1.95440777297825e-05    1.93118539525145e-05    -1.12264048378793e-07   -1.1561525966881e-07    
-47.9536470375791       6656.93864059705        -29.5582754474076       0.00435706734116049     6.95278480695023        0.00435706734116051     1.93118539525145e-05    1.90809181205548e-05    -1.15846454232348e-07   -1.16165662192785e-07   
-47.2890208900643       6633.87333552807        -29.1470250668612       0.00438243184071747     6.96090244782778        0.00438243184071748     1.90809181205548e-05    1.88496742687049e-05    -1.1561525966881e-07    -1.20764387561182e-07   
-46.6265204820993       6611.70707184563        -28.7371642079627       0.00440740557741342     6.96903563685777        0.00440740557741342     1.88496742687049e-05    1.8610066143303e-05     -1.16165662192785e-07   -1.16784792302818e-07   
-45.9663683204582       6590.29332406167        -28.328828131808        0.00443198077673107     6.9771117860784         0.00443198077673106     1.8610066143303e-05     1.83790954783022e-05    -1.20764387561182e-07   -1.21563370004861e-07   
-45.3081078208353       6569.49178772077        -27.9217321428273       0.00445617538180821     6.98508023998681        0.00445617538180822     1.83790954783022e-05    1.81394102597041e-05    -1.16784792302818e-07   -1.19653794961745e-07   
-44.6519413944065       6549.22971375075        -27.5159992775679       0.00447998305223386     6.99290570540241        0.00447998305223385     1.81394102597041e-05    1.7904169919193e-05     -1.21563370004861e-07   -1.19954716548315e-07   
-43.9975684348874       6529.42728778266        -27.1114415922813       0.00450341593536284     7.00056270316815        0.00450341593536282     1.7904169919193e-05     1.76689947803351e-05    -1.19653794961745e-07   -1.22045516253698e-07   
-43.3448913322283       6510.04209337223        -26.7079968138099       0.00452647861981753     7.00803899696169        0.00452647861981753     1.76689947803351e-05    1.74303814263829e-05    -1.19954716548315e-07   -1.2232490345558e-07    
-42.694092573952        6491.0562096095         -26.3057758689598       0.00454916587720096     7.01532743542654        0.00454916587720095     1.74303814263829e-05    1.71918956513055e-05    -1.22045516253698e-07   -1.21906344705584e-07   
-42.0451817747336       6472.47095905312        -25.9047828669842       0.00457147874715288     7.02243588209432        0.00457147874715289     1.71918956513055e-05    1.69549016165195e-05    -1.2232490345558e-07    -1.23442104337953e-07   
-41.3980592995339       6454.27347928265        -25.504954460661        0.00459342197871017     7.02936716643623        0.00459342197871017     1.69549016165195e-05    1.6715598244396e-05     -1.21906344705584e-07   -1.23619505730714e-07   
-40.752791706618        6436.45773937034        -25.106330052482        0.00461499464975667     7.03612322596507        0.00461499464975666     1.6715598244396e-05     1.64766138511326e-05    -1.23442104337953e-07   -1.23254920668868e-07   
-40.1093068047471       6419.00246620748        -24.7088633627996       0.004636200555423       7.04270104423636        0.004636200555423       1.64766138511326e-05    1.62389806913687e-05    -1.23619505730714e-07   -1.25310963026164e-07   
-39.4674830674921       6401.89680420164        -24.3124777208012       0.00465704499013395     7.04910413212935        0.00465704499013394     1.62389806913687e-05    1.59980196079112e-05    -1.23254920668868e-07   -1.23699227136191e-07   
-38.8274057024371       6385.1415910754         -23.9172241888027       0.00467752646640135     7.05533707958913        0.00467752646640134     1.59980196079112e-05    1.57607756365935e-05    -1.25310963026164e-07   -1.2631263341692e-07    
-38.1888827115755       6368.72749444469        -23.5229826863263       0.00469765233606441     7.0614053832595         0.00469765233606441     1.57607756365935e-05    1.55191456952359e-05    -1.23699227136191e-07   -1.25996221027961e-07   
-37.5520873773028       6352.67272551263        -23.1298587217767       0.00471741831647074     7.0673208825171         0.00471741831647076     1.55191456952359e-05    1.52787295299643e-05    -1.2631263341692e-07    -1.24745677384895e-07   
-36.9168983958923       6336.97048695962        -22.7377759241907       0.00473682937502819     7.0730884286047         0.00473682937502819     1.52787295299643e-05    1.50412980631765e-05    -1.25996221027961e-07   -1.29405081257019e-07   
-36.2831459544476       6321.62339675764        -22.3466280354942       0.00475589169404048     7.07871883482358        0.0047558916940405      1.50412980631765e-05    1.47956030410678e-05    -1.24745677384895e-07   -1.25229457885135e-07   
-35.6511757316131       6306.64149324704        -21.956626940694        0.00477459599635073     7.08421546162978        0.00477459599635075     1.47956030410678e-05    1.45584070702483e-05    -1.29405081257019e-07   -1.28581185323805e-07   
-35.0205090434749       6292.01035561694        -21.5674757683912       0.0047929574891376      7.08958604288543        0.00479295748913761     1.45584070702483e-05    1.43154341718343e-05    -1.25229457885135e-07   -1.28495762767574e-07   
-34.3913535990574       6277.7300170326         -21.17930123046         0.00481097099158361     7.09483110028438        0.00481097099158362     1.43154341718343e-05    1.4073179770617e-05     -1.28581185323805e-07   -1.289952840969e-07     
-33.763676461994        6263.79924891284        -20.7920815191815       0.00482863845245416     7.09995562330663        0.00482863845245415     1.4073179770617e-05     1.38305304626469e-05    -1.28495762767574e-07   -1.28016116893811e-07   
-33.137387461487        6250.20590324853        -20.4057595166883       0.00484596333370537     7.10495937535316        0.00484596333370536     1.38305304626469e-05    1.35902512298973e-05    -1.289952840969e-07     -1.31733129642495e-07   
-32.5123328722178       6236.94220303293        -20.0202389342962       0.00486295063273796     7.10984552487946        0.00486295063273794     1.35902512298973e-05    1.33435270170817e-05    -1.28016116893811e-07   -1.29003507675252e-07   
-31.8888068415906       6224.01163704862        -19.6356997316247       0.00487959318101499     7.11461462328312        0.00487959318101499     1.33435270170817e-05    1.3102422095881e-05     -1.31733129642495e-07   -1.31023313844832e-07   
-31.2664383423657       6211.39917128368        -19.2519116570648       0.00489590162516952     7.11926954320272        0.00489590162516954     1.3102422095881e-05     1.28580433286823e-05    -1.29003507675252e-07   -1.31845808328804e-07   
-30.6453228374275       6199.10173615707        -18.8689322139012       0.00491187398391733     7.1238106073326         0.00491187398391732     1.28580433286823e-05    1.26126220545139e-05    -1.31023313844832e-07   -1.32105630187834e-07   
-30.0255072081623       6187.12107026359        -18.4867889895141       0.00492750965525153     7.12824181360477        0.00492750965525149     1.26126220545139e-05    1.23671975974849e-05    -1.31845808328804e-07   -1.31326626262759e-07   
-29.4068850875724       6175.4440555393         -18.1054151461751       0.00494281188523136     7.13256128309939        0.00494281188523133     1.23671975974849e-05    1.21236852083424e-05    -1.32105630187834e-07   -1.34675987482801e-07   
-28.7892970259824       6164.06554542565        -17.7247112201425       0.00495778501311215     7.13677235414725        0.00495778501311213     1.21236852083424e-05    1.18744271334077e-05    -1.31326626262759e-07   -1.32497785339736e-07   
-28.173033135429        6152.98938786071        -17.3448549377606       0.00497242253758685     7.14087565892439        0.00497242253758689     1.18744271334077e-05    1.16296465979574e-05    -1.34675987482801e-07   -1.34033119646748e-07   
-27.5577627644903       6142.2025012867         -16.9656414401022       0.00498673287785346     7.14487265522162        0.00498673287785342     1.16296465979574e-05    1.13824703668762e-05    -1.32497785339736e-07   -1.35045136576511e-07   
-26.9435570564951       6131.70244405762        -16.5871135949216       0.00500071482908115     7.14876391873822        0.00500071482908113     1.13824703668762e-05    1.11338578422527e-05    -1.34033119646748e-07   -1.34500041358408e-07   
-26.330487228521        6121.49093097325        -16.2093143388316       0.00501436739605629     7.15255252101497        0.00501436739605633     1.11338578422527e-05    1.08866690970228e-05    -1.35045136576511e-07   -1.35116741881373e-07   
-25.7183911891995       6111.5569370566         -15.8321428541472       0.00502769481503819     7.15623773643783        0.00502769481503815     1.08866690970228e-05    1.06387550797774e-05    -1.34500041358408e-07   -1.36002490788797e-07   
-25.1072606879929       6101.89554812446        -15.4555931482653       0.00504069782630392     7.15981978657803        0.00504069782630393     1.06387550797774e-05    1.03896168527239e-05    -1.35116741881373e-07   -1.35863439955909e-07   
-24.4971566685844       6092.50346325135        -15.0797018581918       0.00505337577609337     7.16329875324669        0.00505337577609341     1.03896168527239e-05    1.01411279915148e-05    -1.36002490788797e-07   -1.36242949932637e-07   
-23.8879913923092       6083.36299636581        -14.7044140027924       0.00506573115053627     7.16666838341568        0.00506573115053627     1.01411279915148e-05    9.89233145258834e-06    -1.35863439955909e-07   -1.36947772592449e-07   
-23.2797395417704       6074.47735017991        -14.3297130686042       0.00507776506773953     7.1699336228353         0.00507776506773955     9.89233145258834e-06    9.64262514318674e-06    -1.36242949932637e-07   -1.37107112906577e-07   
-22.6724295472889       6065.85045866072        -13.9556156514915       0.00508947758203685     7.17309904264325        0.00508947758203685     9.64262514318674e-06    9.39298941525474e-06    -1.36947772592449e-07   -1.36733914460297e-07   
-22.065980714594        6057.48098356752        -13.582071137736        0.0051008708474449      7.1761675191836         0.00510087084744489     9.39298941525474e-06    9.14438213199736e-06    -1.37107112906577e-07   -1.38560135413395e-07   
-21.4602800923727       6049.37126595188        -13.2090090826358       0.00511194747061529     7.17914434801664        0.00511194747061531     9.14438213199736e-06    8.89279774757386e-06    -1.36733914460297e-07   -1.37473014242277e-07   
-20.8555229314182       6041.52405269221        -12.8365489018276       0.00512270447142823     7.18203108214842        0.00512270447142823     8.89279774757386e-06    8.64351549196843e-06    -1.38560135413395e-07   -1.38111633072868e-07   
-20.251476554589        6033.93698673523        -12.4645464959436       0.00513314660611201     7.18483161075629        0.00513314660611198     8.64351549196843e-06    8.39339231271316e-06    -1.37473014242277e-07   -1.38926276062854e-07   
-19.6481487707972       6026.6162961886         -12.0930059363524       0.00514327424146176     7.1875517806089         0.00514327424146177     8.39339231271316e-06    8.14209570635576e-06    -1.38111633072868e-07   -1.38352670786503e-07   
-19.045610639574        6019.57816221732        -11.7219702867912       0.00515308678227168     7.1902026701354         0.00515308678227166     8.14209570635576e-06    7.89212553703836e-06    -1.38926276062854e-07   -1.39182277438437e-07   
-18.4436915543284       6012.84276162747        -11.351333832353        0.00516258754199747     7.19280046680564        0.00516258754199744     7.89212553703836e-06    7.64092404482768e-06    -1.38352670786503e-07   -1.3887774471623e-07    
-17.8424123565976       6006.45353545487        -10.9811087786544       0.00517177659060556     7.19537302568179        0.00517177659060556     7.64092404482768e-06    7.39052389721701e-06    -1.39182277438437e-07   -1.40164317858395e-07   
-17.241670637582        6000.47449772882        -10.6112314500542       0.00518065576254869     7.19796183937801        0.00518065576254867     7.39052389721701e-06    7.13804476824273e-06    -1.3887774471623e-07    -1.39605057184454e-07   
-16.6415800882135       5995.00692056517        -10.241771217901        0.00518922354125137     7.20062856540567        0.00518922354125137     7.13804476824273e-06    6.88678921143341e-06    -1.40164317858395e-07   -1.40583910070199e-07   
-16.041907510202        5990.19555086713        -9.87258386586655       0.00519748316762913     7.20346450749439        0.00519748316762915     6.88678921143341e-06    6.63396248225808e-06    -1.39605057184454e-07   -1.41439305527044e-07   
-15.4426560700447       5986.25830277265        -9.50367069050456       0.00520543412347721     7.20660267176353        0.00520543412347722     6.63396248225808e-06    6.37975051915906e-06    -1.40583910070199e-07   -1.41739892365591e-07   
-14.8437857599237       5983.50775943528        -9.13500639561431       0.00521307617081735     7.21023366688079        0.00521307617081731     6.37975051915906e-06    6.12510452666548e-06    -1.41439305527044e-07   -1.43136548289864e-07   
-14.2450580136831       5982.37232238155        -8.76644345782727       0.00522041105467923     7.21461971797171        0.00522041105467923     6.12510452666548e-06    5.8679824063483e-06     -1.41739892365591e-07   -1.44134137673217e-07   
-13.6463605705624       5983.43114906781        -8.39791213125837       0.00522743821277145     7.22011272212607        0.00522743821277148     5.8679824063483e-06     5.60899816222856e-06    -1.43136548289864e-07   -1.45360503149681e-07   
-13.0473982809611       5987.43586633924        -8.02923012859519       0.00523415843948082     7.22716956706309        0.00523415843948083     5.60899816222856e-06    5.34760625733167e-06    -1.44134137673217e-07   -1.47117044354641e-07   
-12.4477896342825       5995.32754544687        -7.66016206037938       0.00524057236971051     7.23636048968831        0.00524057236971054     5.34760625733167e-06    5.08267817366854e-06    -1.45360503149681e-07   -1.48827688907424e-07   
-11.847164996784        6008.23929320456        -7.29047990772759       0.00524667927138448     7.24836815625583        0.00524667927138444     5.08267817366854e-06    4.81407398389941e-06    -1.47117044354641e-07   -1.50604208752366e-07   
-11.2449977946053       6027.46745339388        -6.91985910957489       0.00525247870544707     7.26396866351613        0.00525247870544709     4.81407398389941e-06    4.54138366217481e-06    -1.48827688907424e-07   -1.52287120654478e-07   
-10.6405904320184       6054.4167647657         -6.54786989380769       0.00525797035632102     7.28399431103922        0.00525797035632098     4.54138366217481e-06    4.26440569792592e-06    -1.50604208752366e-07   -1.53888410499993e-07   
-10.0330799868255       6090.50138803915        -6.17398077381182       0.00526315374385309     7.30926868006194        0.00526315374385311     4.26440569792592e-06    3.982841522561e-06      -1.52287120654478e-07   -1.54878634853759e-07   
-9.42150711124804       6137.00628703666        -5.79760094087995       0.00526802756966752     7.34051750166295        0.00526802756966756     3.982841522561e-06      3.69730375374702e-06    -1.53888410499993e-07   -1.55351192451299e-07   
-8.80475193717306       6194.91152342655        -5.418040803958         0.005272590342172       7.37825980714388        0.00527259034217198     3.69730375374702e-06    3.40820876714931e-06    -1.54878634853759e-07   -1.54878972211113e-07   
-8.18167305774787       6264.69711328034        -5.03459751547448       0.00527683952148968     7.4226905855761         0.0052768395214897      3.40820876714931e-06    3.11677938039295e-06    -1.55351192451299e-07   -1.53374594764925e-07   
-7.55108890289273       6346.15441480101        -4.64654350519132       0.00528077209234787     7.47357512923717        0.00528077209234787     3.11677938039295e-06    2.82447842077109e-06    -1.54878972211113e-07   -1.5084418782022e-07    
-6.91185247114307       6438.23605439926        -4.25317247555897       0.0052843845049105      7.53017428359879        0.00528438450491052     2.82447842077109e-06    2.53289379127815e-06    -1.53374594764925e-07   -1.47379332478478e-07   
-6.26297699754524       6538.97727272502        -3.85387674467884       0.00528767247552764     7.59121972446775        0.00528767247552763     2.53289379127815e-06    2.24363090792964e-06    -1.5084418782022e-07    -1.43162596400049e-07   
-5.60374764728635       6645.51406144783        -3.44821598589185       0.00529063104840917     7.6549507973746         0.00529063104840916     2.24363090792964e-06    1.95815772317299e-06    -1.47379332478478e-07   -1.38362565671245e-07   
-4.93377381224747       6754.20366050208        -3.03594940828845       0.00529325497242834     7.71921003198583        0.00529325497242835     1.95815772317299e-06    1.67783147208344e-06    -1.43162596400049e-07   -1.335086974967e-07     
-4.25295831907583       6860.84353213254        -2.61701679877172       0.0052955392143053      7.7815878807628         0.0052955392143053      1.67783147208344e-06    1.40313910502151e-06    -1.38362565671245e-07   -1.2874438414953e-07    
-3.56171294369267       6960.95041726351        -2.19167111701821       0.00529747848166268     7.83958811071244        0.00529747848166267     1.40313910502151e-06    1.13443272277057e-06    -1.335086974967e-07     -1.2449721870254e-07    
-2.86083515137214       7050.08806606684        -1.76040261428525       0.00529906793587789     7.89080642435762        0.00529906793587792     1.13443272277057e-06    8.71294529208633e-07    -1.2874438414953e-07    -1.20939914024494e-07   
-2.15163518164475       7124.17131775574        -1.32401699819372       0.00530030303544832     7.93308124885434        0.00530030303544833     8.71294529208633e-07    6.13008453346618e-07    -1.2449721870254e-07    -1.18268885296622e-07   
-1.43582207097542       7179.73944397819        -0.883565270291536      0.00530118001595148     7.96461876678725        0.00530118001595152     6.13008453346618e-07    3.58470767120469e-07    -1.20939914024494e-07   -1.16616235083299e-07   
-0.715413646445321      7214.1743062054         -0.440288332805358      0.00530169610212552     7.98408414694126        0.00530169610212549     3.58470767120469e-07    1.06295603946247e-07    -1.18268885296622e-07   -1.16043977654329e-07   
0.0073330197786652      7225.85160448406        0.00442579295907432     0.00530184962756498     7.9906589880595         0.00530184962756499     1.06295603946247e-07    -1.45044930432927e-07   -1.16616235083299e-07   -1.16585154084826e-07   
0.730082040518693       7214.22226506866        0.44914065041163        0.00530164013481118     7.98406854324456        0.00530164013481114     -1.45044930432927e-07   -3.97154504724782e-07   -1.16043977654329e-07   -1.18204181384258e-07   
1.45049746349094        7179.8341626469         0.892419759613784       0.0053010683505875      7.96458741786357        0.00530106835058751     -3.97154504724782e-07   -6.51556187063871e-07   -1.16585154084826e-07   -1.20838005265068e-07   
2.16632204435565        7124.31075853435        1.33287504257888        0.00530013620815338     7.93303403596259        0.00530013620815338     -6.51556187063871e-07   -9.0962952385489e-07    -1.18204181384258e-07   -1.24351636527454e-07   
2.87553773794493        7050.26986470569        1.76926554146929        0.00529884673847842     7.89074346708307        0.00529884673847843     -9.0962952385489e-07    -1.17246660642993e-06   -1.20838005265068e-07   -1.28546450540602e-07   
3.57643529370384        6961.17214197385        2.20054022604419        0.00529720394875473     7.83950982294442        0.0052972039487547      -1.17246660642993e-06   -1.4407682036667e-06    -1.24351636527454e-07   -1.33249468175385e-07   
4.26770425455107        6861.10262770918        2.62589337604129        0.00529521260673964     7.78149483608174        0.00529521260673965     -1.4407682036667e-06    -1.71493731592736e-06   -1.28546450540602e-07   -1.38028354761065e-07   
4.94854690313842        6754.49742967613        3.04483471694609        0.0052928777551395      7.71910283999807        0.00529287775513947     -1.71493731592736e-06   -1.99459833438762e-06   -1.33249468175385e-07   -1.42742932600978e-07   
5.61855117951309        6645.83982439927        3.45711125180965        0.0052902048796581      7.65483009483371        0.00529020487965812     -1.99459833438762e-06   -2.27924834083232e-06   -1.38028354761065e-07   -1.468601906554e-07     
6.27781399940117        6539.33254605824        3.86278317130576        0.00528719918736065     7.59108618967011        0.00528719918736069     -2.27924834083232e-06   -2.56750764378833e-06   -1.42742932600978e-07   -1.50215393599363e-07   
6.92672577276426        6438.61861569605        4.26209127736276        0.00528386609799645     7.53002862117239        0.00528386609799646     -2.56750764378833e-06   -2.85789374555392e-06   -1.468601906554e-07     -1.52628481853497e-07   
7.56600119092823        6346.5623058661         4.65547593464271        0.00528021072570786     7.4734180442873         0.00528021072570788     -2.85789374555392e-06   -3.14879118045228e-06   -1.50215393599363e-07   -1.54011045182802e-07   
8.1966268896441         6265.12862028072        5.04354486387394        0.00527623750283178     7.42252277265956        0.00527623750283175     -3.14879118045228e-06   -3.43860715110325e-06   -1.52628481853497e-07   -1.54360453060147e-07   
8.81974972143554        6195.3651326153         5.4270043822576         0.00527195012239614     7.37808195142659        0.00527195012239615     -3.43860715110325e-06   -3.72587930396082e-06   -1.54011045182802e-07   -1.53767754014131e-07   
9.43655108602877        6137.4806156641         5.80658206177982        0.00526735174145868     7.34033028424552        0.0052673517414587      -3.72587930396082e-06   -4.00939078935659e-06   -1.54360453060147e-07   -1.52664843810072e-07   
10.0481722224661        6090.99510484384        6.18298075068327        0.00526244504044217     7.30907278442838        0.00526244504044213     -4.00939078935659e-06   -4.28873877331986e-06   -1.53767754014131e-07   -1.50958790381353e-07   
10.6557328592409        6054.92852046147        6.55689005604734        0.0052572316457911      7.2837904315877         0.00525723164579114     -4.28873877331986e-06   -4.56332390750488e-06   -1.52664843810072e-07   -1.49182601847517e-07   
11.260192220473         6027.99582763306        6.92890081380236        0.00525171298947441     7.26375752032859        0.0052517129894744      -4.56332390750488e-06   -4.83346383435984e-06   -1.50958790381353e-07   -1.47324163146134e-07   
11.8624131019327        6008.78276541586        7.29954453700869        0.00524588967826226     7.24815050984447        0.0052458896782623      -4.83346383435984e-06   -5.09937849425337e-06   -1.49182601847517e-07   -1.45543662362318e-07   
12.4630929373856        5995.88447483859        7.66925100477894        0.00523976214852099     7.23613715069073        0.00523976214852099     -5.09937849425337e-06   -5.36149758990537e-06   -1.47324163146134e-07   -1.4372917624733e-07    
13.0627580935758        5988.00447422725        8.03834475969294        0.00523333095168068     7.22694139473677        0.00523333095168069     -5.36149758990537e-06   -5.61998055536364e-06   -1.45543662362318e-07   -1.42457712062634e-07   
13.6617779676549        5984.00950477636        8.40705378539674        0.0052265969201834      7.21988061397282        0.00522659692018342     -5.61998055536364e-06   -5.87597731189089e-06   -1.4372917624733e-07    -1.41426398144643e-07   
14.2605338449529        5982.95835104736        8.77561344129762        0.00521955950174763     7.21438460181805        0.00521955950174767     -5.87597731189089e-06   -6.13005231791988e-06   -1.42457712062634e-07   -1.40007040129149e-07   
14.8593206670513        5984.09928003024        9.14420599420311        0.00521221796919841     7.2099965091116         0.0052122179691984      -6.13005231791988e-06   -6.38160999313693e-06   -1.41426398144643e-07   -1.39694903166174e-07   
15.4582504903449        5986.85307821684        9.5129011702872         0.00520457293549313     7.20636449023374        0.00520457293549313     -6.38160999313693e-06   -6.63271166750218e-06   -1.40007040129149e-07   -1.38838006584473e-07   
16.0575616917444        5990.79129904732        9.88184647648717        0.00519662268677527     7.20322635772393        0.00519662268677525     -6.63271166750218e-06   -6.88242341745069e-06   -1.39694903166174e-07   -1.37868236356204e-07   
16.657294050427         5995.60126352808        10.2510671639964        0.00518836747451498     7.20039149234841        0.00518836747451493     -6.88242341745069e-06   -7.13057775371128e-06   -1.38838006584473e-07   -1.38444105589661e-07   
17.2574441376924        6001.06492151428        10.6205618626837        0.00517980781028835     7.19772683450675        0.0051798078102883      -7.13057775371128e-06   -7.37998283709963e-06   -1.37868236356204e-07   -1.37185523055129e-07   
17.8582448952104        6007.03744078744        10.990474708964         0.00517094043230098     7.19514104343035        0.00517094043230099     -7.37998283709963e-06   -7.62735596550602e-06   -1.38444105589661e-07   -1.37524115872823e-07   
18.4595823469189        6013.41760007953        11.3607362244801        0.00516176681307564     7.19257248848369        0.00516176681307556     -7.62735596550602e-06   -7.87558853298935e-06   -1.37185523055129e-07   -1.36738905373999e-07   
19.061558658311         6020.14153037656        11.7314099913019        0.00515228506062575     7.18997974844295        0.00515228506062569     -7.87558853298935e-06   -8.12266619739593e-06   -1.37524115872823e-07   -1.37361339873965e-07   
19.6641527464191        6027.16590122013        12.1024836980451        0.00514249502738099     7.18733500404528        0.00514249502738106     -8.12266619739593e-06   -8.37115478955173e-06   -1.36738905373999e-07   -1.3660671351513e-07    
20.2675349947509        6034.47051386084        12.4740629521889        0.00513239331348421     7.1846220169374         0.00513239331348429     -8.37115478955173e-06   -8.61857445487263e-06   -1.37361339873965e-07   -1.3603587167181e-07    
20.8716340871388        6042.03908468652        12.8461045450302        0.00512198040216766     7.18182959290266        0.00512198040216757     -8.61857445487263e-06   -8.86527179009911e-06   -1.3660671351513e-07    -1.37192700527149e-07   
21.4764419723634        6049.86532784498        13.2186042527728        0.0051112557992099      7.17895178529875        0.00511125579920996     -8.86527179009911e-06   -9.11439370514897e-06   -1.3603587167181e-07    -1.354533467369e-07     
22.0821911060137        6057.95167149874        13.5917060220482        0.00510021461794814     7.17598467921549        0.00510021461794811     -9.11439370514897e-06   -9.36069186718483e-06   -1.37192700527149e-07   -1.35913950338269e-07   
22.6886859908451        6066.29557654834        13.9652902452007        0.00508885966661637     7.1729267486931         0.00508885966661633     -9.36069186718483e-06   -9.6081733799066e-06    -1.354533467369e-07     -1.35850974582034e-07   
23.2960394091014        6074.89492821842        14.3394272095929        0.00507718816593492     7.16977273452567        0.00507718816593495     -9.6081733799066e-06    -9.85589692050204e-06   -1.35913950338269e-07   -1.35251491859563e-07   
23.9043318735708        6083.75123989923        14.7141673463704        0.00506519777139934     7.16651975300024        0.00506519777139942     -9.85589692050204e-06   -1.01028987785457e-05   -1.35850974582034e-07   -1.34983175892246e-07   
24.5135347477666        6092.86068627787        15.08949384234          0.00505288821422219     7.16316316913499        0.00505288821422227     -1.01028987785457e-05   -1.03497922409452e-05   -1.35251491859563e-07   -1.35237197781521e-07   
25.1236732185103        6102.22013465756        15.4654230250017        0.00504025814812796     7.15969794001794        0.00504025814812788     -1.03497922409452e-05   -1.05975418364445e-05   -1.34983175892246e-07   -1.34474708176049e-07   
25.7348348766574        6111.84734661713        15.8420096655735        0.00502730484990197     7.15613021675691        0.005027304849902       -1.05975418364445e-05   -1.0844289669064e-05    -1.35237197781521e-07   -1.33984393319438e-07   
26.3469585275991        6121.74573853256        16.2192168354306        0.00501402871360428     7.15245982283798        0.0050140287136042      -1.0844289669064e-05    -1.10905410863896e-05   -1.34474708176049e-07   -1.34654883181705e-07   
26.9600522732234        6131.9203754281         16.5970502877435        0.00500042873189983     7.14868645591769        0.00500042873189979     -1.10905410863896e-05   -1.13384440882651e-05   -1.33984393319438e-07   -1.33775859235272e-07   
27.574278225206         6142.382454405          16.9756106986194        0.00498650040271893     7.14481077222532        0.00498650040271902     -1.13384440882651e-05   -1.15851532544809e-05   -1.34654883181705e-07   -1.32375499967985e-07   
28.1895651131933        6153.1304641368         17.3548549269493        0.00497224443015724     7.14082962947759        0.00497224443015717     -1.15851532544809e-05   -1.18297136360864e-05   -1.33775859235272e-07   -1.34674876002176e-07   
28.8058416004049        6164.16706033541        17.7347398048468        0.00495766172640084     7.13674238362826        0.00495766172640081     -1.18297136360864e-05   -1.2078973920237e-05    -1.32375499967985e-07   -1.31466905799334e-07   
29.4234382151514        6175.50551621174        18.1154699402314        0.00494274361153395     7.13254751570202        0.00494274361153398     -1.2078973920237e-05    -1.23227490113123e-05   -1.34674876002176e-07   -1.32369812392668e-07   
30.0420648767214        6187.14221950289        18.4968674234935        0.00492749626652951     7.12824431248532        0.00492749626652955     -1.23227490113123e-05   -1.25686652864148e-05   -1.31466905799334e-07   -1.32234328587097e-07   
30.6618811014641        6199.08252569214        18.8790315672251        0.00491191507285668     7.12382936533314        0.00491191507285665     -1.25686652864148e-05   -1.28148092078943e-05   -1.32369812392668e-07   -1.31533577278589e-07   
31.2829932391179        6211.33975448459        19.2620290011336        0.00489599650651578     7.11930447664882        0.00489599650651579     -1.28148092078943e-05   -1.3060137569777e-05    -1.32234328587097e-07   -1.29633349174144e-07   
31.9053543532651        6223.91236372132        19.6458319004178        0.00487974088641306     7.11466556191068        0.00487974088641311     -1.3060137569777e-05    -1.33024160000036e-05   -1.31533577278589e-07   -1.32461352497246e-07   
32.5288689724759        6236.80361411905        20.0303825532052        0.00486314991656447     7.10991220944769        0.00486314991656451     -1.33024160000036e-05   -1.35504987972838e-05   -1.29633349174144e-07   -1.28853759528055e-07   
33.1539081804622        6250.02869619927        20.4159110596853        0.00484621272251296     7.10504147109548        0.0048462127225129      -1.35504987972838e-05   -1.37923435706601e-05   -1.32461352497246e-07   -1.29919228714352e-07   
33.7801779628747        6263.58430933663        20.8022373429537        0.00482893620529687     7.10005270476742        0.00482893620529692     -1.37923435706601e-05   -1.40367226968881e-05   -1.28853759528055e-07   -1.29500129187546e-07   
34.4078322024918        6277.47837262044        21.1894576107365        0.00481131515435523     7.09494266189257        0.00481131515435517     -1.40367226968881e-05   -1.42808610776214e-05   -1.29919228714352e-07   -1.29653628518467e-07   
35.036961222346         6291.72315005595        21.5776289051245        0.00479334591002983     7.08971149252689        0.00479334591002982     -1.42808610776214e-05   -1.45258495887662e-05   -1.29500129187546e-07   -1.26365260718934e-07   
35.6675980821358        6306.31995647474        21.9667729516962        0.00477502634547575     7.08435411489836        0.00477502634547581     -1.45258495887662e-05   -1.47651849514114e-05   -1.29653628518467e-07   -1.30577051093001e-07   
36.2995351813545        6321.26883565633        22.3567629593132        0.00475636147482914     7.07886991474791        0.0047563614748291      -1.47651849514114e-05   -1.50130915359656e-05   -1.26365260718934e-07   -1.25958472779035e-07   
36.9332512612395        6336.58423897623        22.7478957157368        0.00473733599380711     7.07325109044548        0.00473733599380716     -1.50130915359656e-05   -1.52528170293643e-05   -1.30577051093001e-07   -1.27226157434205e-07   
37.5684007556154        6352.25619211005        23.1399592943044        0.00471795905980512     7.06749421079456        0.00471795905980509     -1.52528170293643e-05   -1.54955644345204e-05   -1.25958472779035e-07   -1.27549458010491e-07   
38.2051535942799        6368.28210809343        23.5330599417407        0.00469822442956909     7.06158841605205        0.00469822442956912     -1.54955644345204e-05   -1.57395435716088e-05   -1.27226157434205e-07   -1.24933487408683e-07   
38.8436312255606        6384.66882749095        23.9272740551168        0.00467812709904967     7.0555288320984         0.00467812709904974     -1.57395435716088e-05   -1.59791372521129e-05   -1.27549458010491e-07   -1.26524938603463e-07   
39.4836605218568        6401.39822374185        24.3224961817611        0.0046576713321005      7.04930362897422        0.00465767133210045     -1.59791372521129e-05   -1.62224139775963e-05   -1.24933487408683e-07   -1.24439986244484e-07   
40.1254336096254        6418.47971477918        24.718846465496         0.00463684980458533     7.04290735553728        0.00463684980458534     -1.62224139775963e-05   -1.64623125812758e-05   -1.26524938603463e-07   -1.24762253436284e-07   
40.7688654332377        6435.91254530605        25.1162739468651        0.00461566405105478     7.03633547749367        0.0046156640510548      -1.64623125812758e-05   -1.67034858978701e-05   -1.24439986244484e-07   -1.24533097615669e-07   
41.4140777156221        6453.70761906327        25.5148554494343        0.00459410885878256     7.02958454731751        0.00459410885878248     -1.67034858978701e-05   -1.69448831767758e-05   -1.24762253436284e-07   -1.2293919696186e-07    
42.0611427473701        6471.8862331835         25.9146373686268        0.00457218054313423     7.02265765371153        0.00457218054313427     -1.69448831767758e-05   -1.7183863343919e-05    -1.24533097615669e-07   -1.23333633952305e-07   
42.7099935946134        6490.4544435411         26.3155801493916        0.00454988017655998     7.01555296104463        0.00454988017656        -1.7183863343919e-05    -1.74242915040607e-05   -1.2293919696186e-07    -1.22760101360731e-07   
43.360727790139         6509.42507549904        26.7177459378897        0.00452720324833475     7.0082677777264         0.00452720324833478     -1.74242915040607e-05   -1.76642748334654e-05   -1.23333633952305e-07   -1.20832238899287e-07   
44.013318198981         6528.79619383464        27.1211199149972        0.0045041495276585      7.00079451355808        0.00450414952765848     -1.76642748334654e-05   -1.7901142322838e-05    -1.22760101360731e-07   -1.20409050153881e-07   
44.6676117444191        6548.58709720809        27.52560947849          0.00448072341035737     6.99314039031875        0.00448072341035736     -1.7901142322838e-05    -1.81378405975918e-05   -1.20832238899287e-07   -1.22154219855774e-07   
45.3237104920647        6568.84027432163        27.9312798171109        0.00445692034630381     6.98531768190061        0.00445692034630379     -1.81378405975918e-05   -1.83786654820831e-05   -1.20409050153881e-07   -1.17288598668834e-07   
45.9819050003665        6589.63579655702        28.3383128320932        0.00443272876308337     6.97735242691692        0.00443272876308339     -1.83786654820831e-05   -1.86106089573663e-05   -1.22154219855774e-07   -1.2120816113147e-07    
46.6419895786508        6611.04643024271        28.7465836580429        0.00440815534635633     6.96928017163948        0.00440815534635638     -1.86106089573663e-05   -1.88510730194509e-05   -1.17288598668834e-07   -1.16473581517996e-07   
47.304422545777         6633.21274090341        29.1563782520667        0.00438318231604111     6.96115181854105        0.00438318231604103     -1.88510730194509e-05   -1.90829062880707e-05   -1.2120816113147e-07    -1.15912575739171e-07   
47.96897960128          6656.28101431985        29.5675604659635        0.0043578177419193      6.95304004248066        0.00435781774191935     -1.90829062880707e-05   -1.93144130718096e-05   -1.16473581517996e-07   -1.16012586932927e-07   
48.6357879894256        6680.36942835467        29.9802116598693        0.00433205698183874     6.94499112350836        0.00433205698183868     -1.93144130718096e-05   -1.95469474893164e-05   -1.15912575739171e-07   -1.123804920258e-07     
49.3051308960264        6705.4864793855         30.3945097467405        0.00430588934966528     6.93698815720369        0.00430588934966534     -1.95469474893164e-05   -1.97730718754578e-05   -1.16012586932927e-07   -1.16006825908198e-07   
49.977050361201         6731.53175276822        30.810483421854         0.00427931322645521     6.92896491355001        0.00427931322645523     -1.97730718754578e-05   -2.00074342133321e-05   -1.123804920258e-07     -1.08909652951594e-07   
50.651981264396         6758.39757970309        31.2284046627306        0.00425231089480293     6.92083902182161        0.00425231089480298     -2.00074342133321e-05   -2.02283497765276e-05   -1.16006825908198e-07   -1.09522880920868e-07   
51.3294298255365        6785.968972597          31.6479704831057        0.00422490139163836     6.91255497337271        0.00422490139163834     -2.02283497765276e-05   -2.04514243912773e-05   -1.08909652951594e-07   -1.11696815525116e-07   
52.0096106210906        6814.16384613175        32.0693165107548        0.00419707527035736     6.90405177736991        0.00419707527035742     -2.04514243912773e-05   -2.06799028261058e-05   -1.09522880920868e-07   -1.09599593171174e-07   
52.6929919857312        6842.92349369819        32.4927358035508        0.0041688118695855      6.89527140911249        0.00416881186958542     -2.06799028261058e-05   -2.09050826656432e-05   -1.11696815525116e-07   -1.03270420321327e-07   
53.3794656350149        6872.19584669328        32.9181644432701        0.00414011364123283     6.88617839953318        0.00414011364123278     -2.09050826656432e-05   -2.11182233486484e-05   -1.09599593171174e-07   -1.1591303526875e-07    
54.0687112239293        6901.96775521157        33.3454072426366        0.00411099201575589     6.87676454139583        0.00411099201575592     -2.11182233486484e-05   -2.13585346596664e-05   -1.03270420321327e-07   -9.65855744715376e-08   
54.7617080866883        6932.33153359973        33.7750750829864        0.00408140310034904     6.86702742748288        0.00408140310034898     -2.13585346596664e-05   -2.15596980839101e-05   -1.1591303526875e-07    -1.14080468877788e-07   
55.4571565444668        6963.29540515338        34.2063662784416        0.00405140004453287     6.85700314940061        0.0040514000445328      -2.15596980839101e-05   -2.1798423990737e-05    -9.65855744715376e-08   -1.0140043515419e-07    
56.1565165667755        6995.00851082159        34.6401908776634        0.00402091740882184     6.84669646569539        0.00402091740882181     -2.1798423990737e-05    -2.20116539120178e-05   -1.14080468877788e-07   -1.0869976432518e-07    
56.8591223379639        7027.51348691192        35.0761411459048        0.00398998121964121     6.83613521827866        0.00398998121964125     -2.20116539120178e-05   -2.2241376209325e-05    -1.0140043515419e-07    -9.98429549630158e-08   
57.5654426130474        7060.87895027824        35.5145136508741        0.00395856789386496     6.82531668557564        0.00395856789386501     -2.2241376209325e-05    -2.24534294394368e-05   -1.0869976432518e-07    -1.09043348233057e-07   
58.2749608638655        7095.13146523598        35.9549940017846        0.00392669739043383     6.81425395883842        0.00392669739043389     -2.24534294394368e-05   -2.26861839886903e-05   -9.98429549630158e-08   -9.85091669323208e-08   
58.9884135008334        7130.33067013757        36.3980459958597        0.00389433340061673     6.80292643967269        0.00389433340061673     -2.26861839886903e-05   -2.28975229950612e-05   -1.09043348233057e-07   -1.06313354369488e-07   
59.7051793739352        7166.5126526096         36.8432908496123        0.00386150090422809     6.79135419586477        0.00386150090422806     -2.28975229950612e-05   -2.31267963837836e-05   -9.85091669323208e-08   -1.00458058331271e-07   
60.4259721206957        7203.70346632011        37.2911787287321        0.00382816427445846     6.77949853769426        0.00382816427445846     -2.31267963837836e-05   -2.33445951584626e-05   -1.06313354369488e-07   -9.92669881227369e-08   
61.1505647828427        7241.96572065531        37.7415752931178        0.00379433147859901     6.76737498355374        0.00379433147859902     -2.33445951584626e-05   -2.35610105934643e-05   -1.00458058331271e-07   -1.00340176784526e-07   
61.8791416560721        7281.31300876187        38.1946007623026        0.00375999266526971     6.75495910504245        0.00375999266526973     -2.35610105934643e-05   -2.37810529619519e-05   -9.92669881227369e-08   -1.0212706081683e-07    
62.6122798355507        7321.83317809834        38.6506184853778        0.00372512062947209     6.74224391644296        0.00372512062947216     -2.37810529619519e-05   -2.40063479811282e-05   -1.00340176784526e-07   -8.9281626607181e-08    
63.3501845307245        7363.52790665466        39.1097588946072        0.00368970720584662     6.72919781965582        0.00368970720584668     -2.40063479811282e-05   -2.42043978415243e-05   -1.0212706081683e-07    -7.93631770711975e-08   
64.0915752342018        7406.43553758522        39.5712258354588        0.00365381841195472     6.71587305495776        0.00365381841195466     -2.42043978415243e-05   -2.4381429715365e-05    -8.9281626607181e-08    -1.08159164596382e-07   
64.8363662430509        7450.46986900142        40.0349642743215        0.00361746552037699     6.70221578555932        0.00361746552037696     -2.4381429715365e-05    -2.46241008194675e-05   -7.93631770711975e-08   -6.33733587318439e-08   
65.5874082767189        7495.97296544624        40.5027481876206        0.0035805156475288      6.68822952360253        0.00358051564752885     -2.46241008194675e-05   -2.47671738499916e-05   -1.08159164596382e-07   -9.74894839552228e-08   
66.3416476874357        7542.69968860506        40.9726755237637        0.00354312453228356     6.67391992589365        0.00354312453228355     -2.47671738499916e-05   -2.49886091760012e-05   -6.33733587318439e-08   -6.76969213432806e-08   
67.1015359479451        7590.93123746474        41.446277321642         0.00350517343668129     6.65927054729416        0.00350517343668122     -2.49886091760012e-05   -2.51432764472277e-05   -9.74894839552228e-08   -8.72909601862599e-08   
67.8649916365813        7640.51981281466        41.9222661332931        0.00346676361556478     6.64428025837107        0.00346676361556473     -2.51432764472277e-05   -2.53439214169213e-05   -6.76969213432806e-08   -8.21678222401578e-08   
68.6334677260586        7691.64342241701        42.4015660655829        0.00342781242225564     6.62891530479936        0.00342781242225559     -2.53439214169213e-05   -2.55339882878562e-05   -8.72909601862599e-08   -9.45484842322754e-08   
69.4068693663472        7744.38100198367        42.8841463038394        0.00338830652540118     6.61316070224294        0.00338830652540116     -2.55339882878562e-05   -2.57541882361089e-05   -8.21678222401578e-08   -9.33231955275097e-08   
70.1859672952135        7798.89649177725        43.3705257041384        0.00334818087125712     6.59698366056827        0.00334818087125714     -2.57541882361089e-05   -2.5973077888345e-05    -9.45484842322754e-08   -1.06621368594681e-07   
70.9704186336889        7855.27997344932        43.8605350798634        0.00330742258615409     6.58036604918376        0.00330742258615414     -2.5973077888345e-05    -2.62249856805747e-05   -9.33231955275097e-08   -1.04133549033295e-07   
71.7609205402205        7913.71679669151        44.3546570375762        0.00326596444359932     6.56327124670683        0.00326596444359938     -2.62249856805747e-05   -2.64728645610689e-05   -1.06621368594681e-07   -1.12249673663494e-07   
72.5571939066476        7974.31446056923        44.8527598693096        0.0032237953562919      6.54568024572878        0.00322379535629195     -2.64728645610689e-05   -2.67421346650999e-05   -1.04133549033295e-07   -1.0271530963451e-07    
73.3599801216768        8037.25826547453        45.3553382645203        0.00318086187167457     6.52755803873715        0.00318086187167455     -2.67421346650999e-05   -2.69904993519837e-05   -1.12249673663494e-07   -9.90760427801583e-08   
74.1690585954539        8102.62989314522        45.8622659232           0.00313717879739239     6.50889118871165        0.00313717879739232     -2.69904993519837e-05   -2.72320353320746e-05   -1.0271530963451e-07    -8.11983836659353e-08   
74.9850377078206        8170.54997857066        46.3739111944538        0.00309273741008938     6.48965402001916        0.00309273741008937     -2.72320353320746e-05   -2.74316660392952e-05   -9.90760427801583e-08   -6.75303119339575e-08   
75.8079059478158        8241.06682115521        46.8902275576734        0.00304758416379896     6.4698460487817         0.00304758416379891     -2.74316660392952e-05   -2.75991458578139e-05   -8.11983836659353e-08   -4.37849550535768e-08   
76.6382431404243        8314.27934205644        47.4115156828468        0.00300175177728391     6.44947062321821        0.00300175177728385     -2.75991458578139e-05   -2.77087104119848e-05   -6.75303119339575e-08   -2.68688608922739e-08   
77.475990728408         8390.19542501536        47.9376597774666        0.00295531944184897     6.42854411465771        0.00295531944184902     -2.77087104119848e-05   -2.77765667923316e-05   -4.37849550535768e-08   -1.17288046596535e-08   
78.3216196688897        8468.84774147417        48.4688737989833        0.00290833751575825     6.40706219752519        0.00290833751575822     -2.77765667923316e-05   -2.78064685580722e-05   -2.68688608922739e-08   -9.51006943469444e-10   
79.1754603552689        8550.28425992984        49.0052979262824        0.00286085125059109     6.38502041473238        0.00286085125059105     -2.78064685580722e-05   -2.78089167906588e-05   -1.17288046596535e-08   -2.95448815267005e-09   
80.0376333903005        8634.58601610763        49.5469736219171        0.00281289134048328     6.36240942743224        0.00281289134048333     -2.78089167906588e-05   -2.78165993308054e-05   -9.51006943469444e-10   -1.17067588665803e-08   
80.9086935404352        8721.95791206731        50.0942655043181        0.00276442681527215     6.33919215854749        0.00276442681527221     -2.78165993308054e-05   -2.78473573133398e-05   -2.95448815267005e-09   -3.12135773067609e-08   
81.7889760610658        8812.66830801528        50.6474632654784        0.00271539449672086     6.31530825653177        0.00271539449672081     -2.78473573133398e-05   -2.79302447086976e-05   -1.17067588665803e-08   -5.41534056508971e-08   
82.6788569141886        8907.10137164691        51.2069503691887        0.00266568367849581     6.29066964494598        0.00266568367849575     -2.79302447086976e-05   -2.80756292577939e-05   -3.12135773067609e-08   -8.71209754133709e-08   
83.5784534096565        9005.72647308513        51.7730117403247        0.0026151588317317      6.26516894188929        0.00261515883173171     -2.80756292577939e-05   -2.8312178276667e-05    -5.41534056508971e-08   -1.14899856789054e-07   
84.4885756014277        9109.27682707588        52.3464196969984        0.00256361820849708     6.23868414813735        0.0025636182084971      -2.8312178276667e-05    -2.86278472738952e-05   -8.71209754133709e-08   -1.43687545950845e-07   
85.4096148222072        9218.46016568697        52.9277147673781        0.00251087194751262     6.21106177574682        0.00251087194751267     -2.86278472738952e-05   -2.90274999162488e-05   -1.14899856789054e-07   -1.62883802633868e-07   
86.3423759311822        9334.08267971626        53.5177068050402        0.00245671185750519     6.18211824514769        0.00245671185750521     -2.90274999162488e-05   -2.94864348253565e-05   -1.43687545950845e-07   -1.77534648708635e-07   
87.2874545002886        9457.04650566802        54.1170589961761        0.00240096303548857     6.15169611909394        0.00240096303548862     -2.94864348253565e-05   -2.99934888110349e-05   -1.62883802633868e-07   -1.79546966932018e-07   
88.2458561954258        9588.32824071275        54.7266601203514        0.00234346057407097     6.11962270124578        0.00234346057407095     -2.99934888110349e-05   -3.05136628173631e-05   -1.77534648708635e-07   -1.74097824589383e-07   
89.2183038653821        9728.87249943712        55.3471707568854        0.00228409907641178     6.08573587586748        0.00228409907641178     -3.05136628173631e-05   -3.10257004604762e-05   -1.79546966932018e-07   -1.61051544993922e-07   
90.2058211199489        9879.73502487858        55.9793858629782        0.00222280262755555     6.0498899401632         0.0022228026275555      -3.10257004604762e-05   -3.15069597108619e-05   -1.74097824589383e-07   -1.37453121064794e-07   
91.2096727026454        10041.9960819961        56.6241953810815        0.00215952881571573     6.01192979366513        0.00215952881571571     -3.15069597108619e-05   -3.19246923497783e-05   -1.61051544993922e-07   -1.09916356550193e-07   
92.2309497435925        10216.6769073516        57.2823179651611        0.00209429366701745     5.9717001689957         0.00209429366701742     -3.19246923497783e-05   -3.22648321431608e-05   -1.37453121064794e-07   -8.23283450146539e-08   
93.2713586351802        10404.9744364779        57.9548099786153        0.00202711929653171     5.92904214581404        0.00202711929653174     -3.22648321431608e-05   -3.25245806908897e-05   -1.09916356550193e-07   -4.18754546142568e-08   
94.3332012019372        10608.4120927107        58.6430588335373        0.00195803094494557     5.88381950129087        0.00195803094494556     -3.25245806908897e-05   -3.26594472094504e-05   -8.23283450146539e-08   -6.99274815481087e-09   
95.4174848726333        10828.0711406921        59.3475582773882        0.00188717521976743     5.83587576041405        0.00188717521976746     -3.26594472094504e-05   -3.268246463209e-05     -4.18754546142568e-08   2.54653214419235e-08    
96.5261395373593        11065.2198581129        60.0693502208578        0.00181466753282314     5.7849942696698         0.0018146675328231      -3.268246463209e-05     -3.25966829328999e-05   -6.99274815481087e-09   5.76023209338267e-08    
97.6616468453173        11321.6938817844        60.8098042646448        0.00174060460628635     5.73099649880627        0.00174060460628638     -3.25966829328999e-05   -3.23978174150186e-05   2.54653214419235e-08    8.39167322667733e-08    
98.8261777637676        11598.9519826581        61.5700726717367        0.00166510776970585     5.67355048547925        0.00166510776970589     -3.23978174150186e-05   -3.21004506231391e-05   5.76023209338267e-08    1.0449796112152e-07     
100.022221129522        11899.1554549817        62.3515143016064        0.00158827295142386     5.6123534507868         0.00158827295142387     -3.21004506231391e-05   -3.17197839784831e-05   8.39167322667733e-08    1.26195260329145e-07    
101.252752369407        12224.6918925467        63.1557898991166        0.00151016212874525     5.54696113977481        0.00151016212874522     -3.17197839784831e-05   -3.12463322256055e-05   1.0449796112152e-07     1.35251926575103e-07    
102.520700410229        12578.0788578172        63.984465394152         0.00143084480558028     5.47681154168598        0.00143084480558025     -3.12463322256055e-05   -3.0722552949289e-05    1.26195260329145e-07    1.35495361720217e-07    
103.831177641354        12962.8554447238        64.840417417467         0.00135024787256476     5.40109062853711        0.00135024787256478     -3.0722552949289e-05    -3.01795965324009e-05   1.35251926575103e-07    1.11815801702106e-07    
105.189035272344        13383.150827414         65.7262616780823        0.00126822024342151     5.31864374944241        0.00126822024342154     -3.01795965324009e-05   -2.97145735323095e-05   1.35495361720217e-07    1.63560196305312e-08    
106.598808701127        13844.8888439791        66.6444759614652        0.00118428657602888     5.22754180670934        0.00118428657602885     -2.97145735323095e-05   -2.9643695955327e-05    1.11815801702106e-07    -1.5253508676956e-07    
108.070730951279        14363.2517601322        67.6012900502297        0.0010968492630943      5.12417832579671        0.00109684926309429     -2.9643695955327e-05    -3.03363654647506e-05   1.63560196305312e-08    -4.30055041723372e-07   
109.616331059398        14969.7477999841        68.6021852281082        0.001002800386668       5.00194443560811        0.00100280038666804     -3.03363654647506e-05   -3.23998415575369e-05   -1.5253508676956e-07    -8.13249670808731e-07   
111.253613617502        15737.5076199853        69.6483635580172        0.000896224145436038    4.84842488478035        0.000896224145436025    -3.23998415575369e-05   -3.65769469277275e-05   -4.30055041723372e-07   -4.62038541883488e-07   
113.012260887845        16842.9503979034        70.721270191153         0.000766563539503166    4.63882019352138        0.000766563539503168    -3.65769469277275e-05   -3.93324670173797e-05   -8.13249670808731e-07   -1.02088206213741e-05   
114.947428386331        18752.4991841721        71.7615667383461        0.000598776475962376    4.32599803070265        0.000598776475962354    -3.93324670173797e-05   -0.00011251560233616    -4.62038541883488e-07   -1.02088206213741e-05   
117.850179634061        18752.4991841721        71.7615667383461        1e-09                   4.32599803070265        1.00000000477129e-09    -0.00011251560233616    -0.00011251560233616    -1.02088206213741e-05   -1.02088206213741e-05   
