x                       V                     vel                       p                      cs                  dd1[i]             dd2_left[i]            dd2_right[i]             dd3_left[i]            dd3_right[i]
-3.27257015260934       1179.37979199994        -49.2523781877638       1e-09                   11.0185310832503        0.0617653590757271      0.0915030485234736      0.0915030485234736      0.0790703839387111      0.0790703839387111      
-3.09212388032832       1179.37979199994        -49.2523781877638       0.0617653590757271      11.0185310832503        0.0617653590757271      0.0915030485234736      0.0915030485234736      0.0790703839387111      0.0790703839387111      
-2.9718263654743        1006.99810745382        -47.1614524050769       0.0856642010117446      11.990530172833         0.0856642010117446      0.0915030485234736      0.119678513877083       0.0790703839387111      0.0757070058716565      
-2.87050601237846       888.901501549583        -45.3898650995185       0.110313438558012       12.7839600786372        0.110313438558012       0.119678513877083       0.141656217443913       0.0790703839387111      0.0821281336526868      
-2.78152004172534       799.511106172682        -43.8330066302609       0.135739388746869       13.4489868793287        0.135739388746869       0.141656217443913       0.162643757385107       0.0757070058716565      0.090341835173941       
-2.70183126706245       729.140590466351        -42.4387356473917       0.161826329925605       14.0234414318168        0.161826329925605       0.162643757385107       0.183412237359067       0.0821281336526868      0.0982090133148041      
-2.62940852880253       672.015606974421        -41.1711690849695       0.188522047754656       14.5309874836448        0.188522047754656       0.183412237359067       0.204011081035593       0.090341835173941       0.107454780200166       
-2.56284205286432       624.535415841592        -40.0054500213801       0.215796122759354       14.987345843773         0.215796122759354       0.204011081035593       0.224802007674651       0.0982090133148041      0.114544163335877       
-2.50101937447038       584.255442550115        -38.9220355543695       0.243669492543544       15.4037456052086        0.243669492543544       0.224802007674651       0.245422461872515       0.107454780200166       0.122416621822851       
-2.44324970496247       549.606115427848        -37.9088212985583       0.272096111295564       15.7874257323235        0.272096111295564       0.245422461872515       0.266065593414373       0.114544163335877       0.131070346023108       
-2.38895714165349       519.429918470126        -36.9557401018347       0.301053083894437       16.1439348168524        0.301053083894438       0.266065593414373       0.286883469068599       0.122416621822851       0.138058594592952       
-2.33764401441299       492.852293363684        -36.0540991662503       0.330544324253012       16.4777389360336        0.330544324253012       0.286883469068599       0.307635062497542       0.131070346023108       0.145898404267284       
-2.28896548318651       469.243650674198        -35.1978817624983       0.360540957429266       16.7919402830485        0.360540957429265       0.307635062497542       0.328470513950049       0.138058594592952       0.153611672324282       
-2.24262127541353       448.113379962155        -34.3818660653522       0.391027001156814       17.0891988862773        0.391027001156814       0.328470513950049       0.349380999446333       0.145898404267284       0.160895248417996       
-2.1983639884553        429.069307303138        -33.6017693387782       0.42198713965936        17.3715154637544        0.42198713965936        0.349380999446333       0.370318154816449       0.153611672324282       0.168080141449439       
-2.15599425141241       411.808914597467        -32.8541495885746       0.453400622133635       17.6405979716613        0.453400622133635       0.370318154816449       0.391281310250117       0.160895248417996       0.177431228755136       
-2.11533428855183       396.079572760945        -32.1359356877799       0.485253925457086       17.8978195820801        0.485253925457086       0.391281310250117       0.412539736031143       0.168080141449439       0.182107001008846       
-2.07620859321412       381.669020343085        -31.4441077653388       0.517554693380698       18.1445397110984        0.517554693380698       0.412539736031143       0.433540971397068       0.177431228755136       0.189485260880299       
-2.03852524760979       368.424881592562        -30.7770773005729       0.550257024080606       18.3815296308719        0.550257024080605       0.433540971397068       0.454612368322435       0.182107001008846       0.1972768128739         
-2.00215608769366       356.20163378503         -30.132502681301        0.583352275118611       18.609631622248         0.583352275118611       0.454612368322435       0.475803707834032       0.189485260880299       0.206380645394606       
-1.96698008204124       344.874889329192        -29.5082679836038       0.616845553708576       18.829699150918         0.616845553708576       0.475803707834032       0.497255490143869       0.1972768128739         0.218484984727067       
-1.9329151347915        334.339156391192        -28.9033871664502       0.65074356887303        19.0424550169703        0.65074356887303        0.497255490143869       0.519262150972195       0.206380645394606       0.219776037850892       
-1.89988059894481       324.500794284543        -28.3169495694703       0.685068577326981       19.2486059011203        0.685068577326981       0.519262150972195       0.540739517159672       0.218484984727067       0.203965860815742       
-1.86780776094799       315.300600235159        -27.7470785226041       0.719770067599788       19.4483904366366        0.719770067599788       0.540739517159672       0.560100367148893       0.219776037850892       0.201659450828496       
-1.83663970464219       306.708958552651        -27.1908539363775       0.754702589652693       19.6415395395136        0.754702589652692       0.560100367148893       0.578713381046796       0.203965860815742       0.253599995323425       
-1.80631200410102       298.673356774023        -26.6467324111011       0.78981821858269        19.8283323632864        0.789818218582691       0.578713381046796       0.601496612268479       0.201659450828496       0.352356173995335       
-1.77677787730308       291.086008408201        -26.1179055885834       0.82536147328143        20.0104629611363        0.82536147328143        0.601496612268479       0.632334659971927       0.253599995323425       0.387332398465626       
-1.74799110530742       283.820773968166        -25.6096911558166       0.861776753134785       20.1903502141695        0.861776753134785       0.632334659971927       0.665382232321028       0.352356173995335       0.250667283442511       
-1.719921537971         276.845061504201        -25.1222011785081       0.899144959517058       20.3684331592905        0.899144959517056       0.665382232321028       0.686247349111635       0.387332398465626       -0.0522551411902713     
-1.69252642202392       270.267027580996        -24.6448058987596       0.936758261375629       20.5416191695435        0.93675826137563        0.686247349111635       0.681999886961122       0.250667283442511       -0.364655869321803      
-1.66576597453948       264.26656575428         -24.1603542375464       0.973279902327082       20.7044816930071        0.973279902327082       0.681999886961122       0.653017323076521       -0.0522551411902713     -0.453013240998232      
-1.63958038133587       258.959042666984        -23.6544498592625       1.00749894896292        20.8526962010284        1.00749894896292        0.653017323076521       0.617755288022442       -0.364655869321803      0.0580231185285038      
-1.61390913963267       254.286254077425        -23.12614986684         1.0392304691385         20.9865839335655        1.0392304691385         0.617755288022442       0.622184042939051       -0.453013240998232      1.63445465581339        
-1.58870553335524       249.882273680101        -22.6014618374177       1.07058792407757        21.1155923684751        1.07058792407757        0.622184042939051       0.744490074471673       0.0580231185285038      4.31383792900566        
-1.56398598324487       244.961234118066        -22.1474587392822       1.10736011085004        21.2626550304732        1.10736011085004        0.744490074471673       1.06013457455525        1.63445465581339        6.92506059896246        
-1.53984379513294       238.51702887291         -21.8600814943823       1.15846776613803        21.4598186395055        1.15846776613803        1.06013457455525        1.55304629242005        4.31383792900566        7.26136616846524        
-1.51643042405107       230.074085305085        -21.8019935207523       1.2310681694009         21.7269756686289        1.2310681694009         1.55304629242005        2.05266596107317        6.92506059896246        4.15682729516909        
-1.49390516343597       220.383045121173        -21.931709716546        1.32349439915941        22.0482699959116        1.32349439915941        2.05266596107317        2.32781871019727        7.26136616846524        -0.752849335320655      
-1.47231423775886       210.983371900009        -22.1157928076148       1.42411123263707        22.3779575260436        1.42411123263708        2.32781871019727        2.27992986556597        4.15682729516909        -4.60304054840058       
-1.45157403917353       203.062425032115        -22.2221191939127       1.51884696407415        22.6723307057142        1.51884696407415        2.27992986556597        1.997669905483          -0.752849335320655      -6.05029881445295       
-1.43154128687593       196.960416249521        -22.1862547737425       1.59906293308616        22.9111363354821        1.59906293308616        1.997669905483          1.637943597694          -4.60304054840058       -5.72681932571588       
-1.41203745664272       192.442011390848        -22.0065740409342       1.66305654071409        23.0955243049285        1.6630565407141         1.637943597694          1.30566015598534        -6.05029881445295       -4.54249478375894       
-1.39293890574764       189.109815015566        -21.711171360008        1.71300332422967        23.2359542435899        1.71300332422967        1.30566015598534        1.04698903150646        -5.72681932571588       -3.23140400872564       
-1.37413174600363       186.59086582361         -21.3334851293495       1.75241569378201        23.3446911018925        1.75241569378202        1.04698903150646        0.865621077002131       -4.54249478375894       -2.08090352635284       
-1.35555754390301       184.601306794117        -20.902860456077        1.78459413344374        23.4321150393653        1.78459413344374        0.865621077002131       0.750156666697655       -3.23140400872564       -1.22733632678017       
-1.33716547349267       182.939347959516        -20.4411174678177       1.81219761204382        23.5061073454358        1.81219761204382        0.750156666697655       0.68269815533075        -2.08090352635284       -0.651397418389875      
-1.3189299130988        181.473043366639        -19.9633293395993       1.83710258404245        23.5720384107563        1.83710258404245        0.68269815533075        0.647180963549487       -1.22733632678017       -0.270092183226938      
-1.30083268451498       180.120455803541        -19.4789801368444       1.86053752255948        23.6333403832736        1.86053752255948        0.647180963549487       0.632561578745306       -0.651397418389875      -0.0737923435110468     
-1.28284110800335       178.831454248591        -18.993149205881        1.88328506634108        23.6921438166899        1.88328506634108        0.632561578745306       0.628594416166819       -0.270092183226938      0.115352639730047       
-1.26499949957516       177.582851388273        -18.5105178565325       1.90573642568391        23.7496002937398        1.9057364256839         0.628594416166819       0.634753982173177       -0.0737923435110468     0.177030437922442       
-1.24724076198777       176.35134065058         -18.031376625437        1.92825820193866        23.8065438844155        1.92825820193866        0.634753982173177       0.644143863740994       0.115352639730047       0.31903919317069        
-1.22963762436086       175.133361274725        -17.559101359842        1.95095840118505        23.8634274747888        1.95095840118505        0.644143863740994       0.660953614806952       0.177030437922442       0.388260237395953       
-1.21212086900032       173.91252356349         -17.092968482196        1.97409688907764        23.9207083137299        1.97409688907765        0.660953614806952       0.681265308108521       0.31903919317069        0.493836466897811       
-1.19474205068245       172.685868025711        -16.6354167322996       1.99777405387441        23.9787178769197        1.99777405387442        0.681265308108521       0.70691579440297        0.388260237395953       0.651807093735469       
-1.17750706207484       171.44433650055         -16.1876725729872       2.02215803194946        24.0377322171772        2.02215803194945        0.70691579440297        0.740512934129748       0.493836466897811       0.732727142443039       
-1.16036891950838       170.178864776847        -15.7496734255793       2.04751149339068        24.0985193723174        2.04751149339069        0.740512934129748       0.777987610601739       0.651807093735469       0.928793358085008       
-1.14340478850523       168.88477929555         -15.3245821675196       2.07393004106132        24.1610988043125        2.07393004106131        0.777987610601739       0.825111265032297       0.732727142443039       1.0567479892389         
-1.12655610725755       167.551556348362        -14.9121149850642       2.10172415172478        24.226265107538         2.10172415172478        0.825111265032297       0.878290872458913       0.928793358085008       1.20522058692506        
-1.10984702458928       166.173213012663        -14.5139639666615       2.13107437114489        24.2942886093998        2.13107437114489        0.878290872458913       0.938447221619249       1.0567479892389         1.32286706727704        
-1.09327902103338       164.74587239209         -14.1309757082394       2.16216912765166        24.365564470998         2.16216912765166        0.938447221619249       1.00390097588072        1.20522058692506        1.3834723678337         
-1.07685558597704       163.26703060299         -13.7635946051642       2.19513740192651        24.4401843070691        2.19513740192651        1.00390097588072        1.07172826799503        1.32286706727704        1.39578354423434        
-1.06059012848362       161.741113444607        -13.4119017887369       2.2300019341705         24.5181224069178        2.2300019341705         1.07172826799503        1.13950538820803        1.3834723678337         1.3394444239618         
-1.04448221734522       160.174085133138        -13.0750720437521       2.26670999337652        24.5990582289656        2.26670999337652        1.13950538820803        1.20389760631889        1.39578354423434        1.20718703397982        
-1.02853543984448       158.576723787638        -12.7518772727194       2.3050988468654         24.6824844489157        2.30509884686541        1.20389760631889        1.26134103429016        1.3394444239618         1.09998574473006        
-1.01276262271076       156.962200075417        -12.4409413415727       2.34490322044322        24.7676256581281        2.34490322044322        1.26134103429016        1.31314122393172        1.20718703397982        0.922150789404412       
-0.997140662559352      155.340112635833        -12.1400278727447       2.38591510854984        24.8538501947441        2.38591510854984        1.31314122393172        1.35611214593825        1.09998574473006        0.832858403755837       
-0.981693611091562      153.723251317233        -11.8477976955276       2.42782059634779        24.9403446810426        2.4278205963478         1.35611214593825        1.39451359703528        0.922150789404412       0.752356329375918       
-0.966407281325623      152.118018224692        -11.5622708583095       2.47045577618812        25.0266803227236        2.47045577618812        1.39451359703528        1.42883417211158        0.832858403755837       0.674783914419033       
-0.951279965962889      150.530265939321        -11.2819594394423       2.51367909082267        25.1125726157121        2.51367909082267        1.42883417211158        1.4592903736446         0.752356329375918       0.629022784560355       
-0.93631941343313       148.966321944076        -11.0059643835667       2.55735262345176        25.1978641366565        2.55735262345176        1.4592903736446         1.48738330397875        0.674783914419033       0.564468008427137       
-0.921511984165892      147.430004395282        -10.7334930492961       2.60140489293015        25.2825741964236        2.60140489293015        1.48738330397875        1.51233191384021        0.629022784560355       0.487786150929979       
-0.906852806055238      145.926195476039        -10.4643324917093       2.64573808178983        25.3667266480345        2.64573808178983        1.51233191384021        1.53367028525048        0.564468008427137       0.477346624012483       
-0.892349677541557      144.460252867336        -10.1986836415596       2.69023298102265        25.450335188054         2.69023298102264        1.53367028525048        1.55433934061794        0.487786150929979       0.478028073971877       
-0.877991038456152      143.034451431733        -9.93633741029925       2.73487164019501        25.5336661681363        2.73487164019502        1.55433934061794        1.57483191071281        0.477346624012483       0.512991270325389       
-0.863773975720835      141.649752508735        -9.67710204467901       2.77965684230665        25.6169769154477        2.77965684230665        1.57483191071281        1.59661183216056        0.478028073971877       0.540357229110016       
-0.849690572341761      140.30377334051         -9.42063698075371       2.82463157556397        25.7004042882719        2.82463157556396        1.59661183216056        1.61933728197195        0.512991270325389       0.532463810913101       
-0.83573672423677       138.992453988587        -9.16674807861713       2.86982098231069        25.7838276457453        2.86982098231068        1.61933728197195        1.64152312784246        0.540357229110016       0.546763619296386       
-0.82191560082595       137.712357823239        -8.91550177429694       2.91520543005382        25.8669613378347        2.91520543005381        1.64152312784246        1.66409625432338        0.532463810913101       0.522243108501504       
-0.808216163239698      136.459826682455        -8.66677969196856       2.96079750184122        25.9496279338484        2.96079750184122        1.66409625432338        1.68546335826376        0.546763619296386       0.531976573870756       
-0.794641168241423      135.233493459828        -8.42070638587355       3.00656426053004        26.0316534326622        3.00656426053005        1.68546335826376        1.70703782494029        0.522243108501504       0.536658497880794       
-0.78118296764062       134.031076385703        -8.17717682594426       3.05251443838537        26.1129532307784        3.05251443838536        1.70703782494029        1.72861413723946        0.531976573870756       0.535927746998588       
-0.767838207214133      132.851224613019        -7.93613565217697       3.09864825048568        26.193485663488         3.09864825048569        1.72861413723946        1.74997616436552        0.536658497880794       0.549190766139972       
-0.754609283057454      131.693359128304        -7.69761072097789       3.14494985629599        26.2732123040971        3.14494985629598        1.74997616436552        1.77167850911313        0.535927746998588       0.572119814257197       
-0.741495050124683      130.556959245701        -7.46153199180295       3.19142117667803        26.3521739931585        3.19142117667802        1.77167850911313        1.79409254957764        0.549190766139972       0.584158332393136       
-0.728492222175074      129.440974108551        -7.22775336627674       3.23807763099036        26.4304093420975        3.23807763099035        1.79409254957764        1.81678270467313        0.572119814257197       0.592643727663222       
-0.715600909775208      128.344742827914        -6.99618573201379       3.28492145450749        26.5079358962765        3.2849214545075         1.81678270467313        1.83960762587578        0.584158332393136       0.590728205521331       
-0.702818474524894      127.267417470443        -6.76673505145965       3.33195407902968        26.5847447097083        3.33195407902967        1.83960762587578        1.86216806576846        0.592643727663222       0.568937018508728       
-0.690141335448881      126.208617487195        -6.53935154758832       3.37916753082231        26.6608346431835        3.3791675308223         1.86216806576846        1.88371650698429        0.590728205521331       0.575105748975348       
-0.677570003041033      125.168524661839        -6.31408605392735       3.42653382319699        26.7361859456884        3.426533823197          1.88371650698429        1.90531979127667        0.568937018508728       0.566274358016054       
-0.665099551260957      124.146652334666        -6.0908684334624        3.47405208917772        26.8108167508211        3.47405208917773        1.90531979127667        1.92641764563144        0.575105748975348       0.579651624739266       
-0.65273221719742       123.14322612986         -5.86971360971404       3.52170474429276        26.8847566379489        3.52170474429275        1.92641764563144        1.94783951991066        0.566274358016054       0.594256153808133       
-0.640464518764179      122.157585131694        -5.65051430700334       3.56949999454816        26.9580383640205        3.56949999454815        1.94783951991066        1.96962469055098        0.579651624739266       0.558769268618474       
-0.628292107962203      121.189324372863        -5.43316650152752       3.61744468995924        27.030713331701         3.61744468995925        1.96962469055098        1.9899461815365         0.594256153808133       0.57993335013446        
-0.616220535399304      120.23889409959         -5.21777801705559       3.66549840788541        27.1027512406628        3.66549840788543        1.9899461815365         2.01087157852564        0.558769268618474       0.550225013319373       
-0.604239591278951      119.305473821525        -5.00419797702232       3.71367974622614        27.1742010537234        3.71367974622615        2.01087157852564        2.030570662638          0.57993335013446        0.549616365671855       
-0.592352201387506      118.38918637415         -4.79251012118439       3.76195780469326        27.2450339105288        3.76195780469325        2.030570662638          2.05009661662961        0.550225013319373       0.545906358128708       
-0.580556703010824      117.489787913517        -4.58270570205678       3.81032439724185        27.3152645149693        3.81032439724185        2.05009661662961        2.06934308236714        0.549616365671855       0.55058114717271        
-0.568850393913713      116.60674449042         -4.37475157958334       3.8587771129985         27.384893550426         3.85877711299848        2.06934308236714        2.08860824320789        0.545906358128708       0.509603105220686       
-0.557229431083047      115.739591976901        -4.16859971886663       3.90731571958788        27.4539349672026        3.90731571958788        2.08860824320789        2.10630668329331        0.55058114717271        0.515881564838286       
-0.545698287291455      114.888598208454        -3.96436319672516       3.95590024318747        27.5223495118752        3.95590024318748        2.10630668329331        2.12409119482598        0.509603105220686       0.474709499373528       
-0.534249106958193      114.053109297554        -3.76195519576531       4.0045376132234         27.5901542247452        4.00453761322341        2.12409119482598        2.14033722385478        0.515881564838286       0.434551443760056       
-0.522882677461676      113.233225169053        -3.5614650642923        4.05319375910804        27.6573137276828        4.05319375910806        2.14033722385478        2.15510195315746        0.474709499373528       0.388037847414941       
-0.511598847818954      112.4291636353          -3.36299266100375       4.10183255102723        27.7238045454335        4.10183255102722        2.15510195315746        2.16819258651984        0.434551443760056       0.338599484484826       
-0.500394661961149      111.640827242597        -3.16661814975397       4.15042245261327        27.7895842602942        4.15042245261325        2.16819258651984        2.17953527480827        0.388037847414941       0.232757941053794       
-0.489266212342139      110.868329555701        -2.97243530232284       4.19892763380995        27.8546253695199        4.19892763380994        2.17953527480827        2.18727843057935        0.338599484484826       0.16568231888161        
-0.478217642781462      110.112462241264        -2.78070775669          4.24726795448203        27.9188446593107        4.24726795448202        2.18727843057935        2.19275256916856        0.232757941053794       0.0398817995964999      
-0.467241889803043      109.373254951659        -2.59153796618511       4.2954020723031         27.9821998770019        4.29540207230308        2.19275256916856        2.19406140430194        0.16568231888161        -0.106830859540223      
-0.456339047592535      108.651423334808        -2.40519658854169       4.34324510425094        28.044600266623         4.34324510425096        2.19406140430194        2.19057857749933        0.0398817995964999      -0.266262272583694      
-0.445509096674335      107.947907436058        -2.22200545949348       4.39069746165628        28.105948456113         4.39069746165628        2.19057857749933        2.18195439620429        -0.106830859540223      -0.470732119035643      
-0.434747800312252      107.263401516652        -2.0422738608087        4.43766054262216        28.166131096818         4.43766054262215        2.18195439620429        2.16680415751293        -0.266262272583694      -0.710999900372554      
-0.424053540549775      106.599022323361        -1.86641201537465       4.4840058684324         28.2250078732528        4.48400586843242        2.16680415751293        2.14406285441514        -0.470732119035643      -0.97039506225509       
-0.41342577023958       105.956127018818        -1.69489581374668       4.52958260178344        28.2824159003669        4.52958260178345        2.14406285441514        2.11321272196482        -0.710999900372554      -1.26443320564845       
-0.402861207522333      105.335833793775        -1.52819887066901       4.57423541471847        28.3381633543409        4.57423541471849        2.11321272196482        2.07325112739798        -0.97039506225509       -1.5865623096453        
-0.392357508797841      104.739769897783        -1.36684862974439       4.61779066298797        28.3920860886002        4.61779066298796        2.07325112739798        2.02339377032566        -1.26443320564845       -1.91921411191513       
-0.381913094108284      104.169656877534        -1.21141416394004       4.66006065415027        28.4440069660649        4.66006065415026        2.02339377032566        1.96341119016573        -1.5865623096453        -2.25449308354504       
-0.371524341887493      103.627036265681        -1.06245067104077       4.70085967726641        28.4937465728875        4.70085967726643        1.96341119016573        1.8933167343057         -1.91921411191513       -2.61895479998269       
-0.361186934759805      103.113435954538        -0.920505310100967      4.74000290565604        28.5411394901199        4.74000290565605        1.8933167343057         1.81229423954012        -2.25449308354504       -2.95058732572791       
-0.350901658033598      102.630484193044        -0.786178804886389      4.77728882691013        28.5859949811035        4.77728882691013        1.81229423954012        1.72143893487187        -2.61895479998269       -3.3135322853836        
-0.340661861874653      102.179398292675        -0.659955228516593      4.81254550738035        28.628162247463         4.81254550738038        1.72143893487187        1.61985454690648        -2.95058732572791       -3.70320767307318       
-0.330464859131104      101.761710713731        -0.542374016887028      4.8455822703366         28.6674827761809        4.84558227033664        1.61985454690648        1.5067830748904         -3.3135322853836        -4.11951627653111       
-0.320308871324314      101.379297740117        -0.434018127044528      4.87619254933188        28.7038027764283        4.87619254933189        1.5067830748904         1.3814674432629         -3.70320767307318       -4.60018178161241       
-0.310187875127911      101.034288825896        -0.33550197570451       4.90415827410418        28.7369722226075        4.90415827410418        1.3814674432629         1.24199383332262        -4.11951627653111       -5.10468567401025       
-0.300098871853992      100.729650861569        -0.247575506761562      4.92922252917911        28.7668462059825        4.92922252917909        1.24199383332262        1.08767610114504        -4.60018178161241       -5.61406651444851       
-0.290036554916223      100.468926520948        -0.171052274991516      4.95111266817685        28.7933144686978        4.95111266817684        1.08767610114504        0.918385099311696       -5.10468567401025       -6.02419115302706       
-0.279998983135543      100.25632162906         -0.106773731943568      4.96955304270392        28.816346871235         4.96955304270393        0.918385099311696       0.737095322658102       -5.61406651444851       -6.26272039213442       
-0.269978182049404      100.096191427272        -0.0553962853541099     4.98432714927703        28.8360932533686        4.98432714927702        0.737095322658102       0.54891295961975        -6.02419115302706       -6.20429436051994       
-0.259969985701813      99.9930284241521        -0.01725778595038       4.9953157478116         28.8529822132404        4.99531574781157        0.54891295961975        0.36266348627072        -6.26272039213442       -5.74912079135875       
-0.249969507418841      99.9510312481466        0.00788126577722895     5.00257081137503        28.8678630859303        5.002570811375          0.36266348627072        0.190140972759002       -6.20429436051994       -4.83882968503791       
-0.239968767756568      99.9738066330879        0.0210402975114827      5.00637442306283        28.8821256288418        5.00637442306279        0.190140972759002       0.0448929498705442      -5.74912079135875       -3.48519727484          
-0.229962392256343      100.064491187034        0.0241340085843014      5.00727302599407        28.8978150148835        5.00727302599404        0.0448929498705442      -0.0598263745666133     -4.83882968503791       -1.83172370445188       
-0.219942740350413      100.226156009846        0.019961379530381       5.00607390633366        28.9176861779838        5.00607390633367        -0.0598263745666133     -0.114958174909858      -3.48519727484          -0.16642458344067       
-0.209901763265413      100.462956389075        0.0119368895127022      5.00376493654735        28.94514981252          5.00376493654735        -0.114958174909858      -0.119979613269658      -1.83172370445188       1.12441012576195        
-0.19983276315123       100.782072652703        0.00352766175066796     5.00134829024351        28.9840831822339        5.00134829024346        -0.119979613269658      -0.0859427832912115     -0.16642458344067       1.70899934849432        
-0.189727458193178      101.195954380826        -0.00253310293279184    4.99961088439791        29.0384915522889        4.99961088439793        -0.0859427832912115     -0.0339928884423358     1.12441012576195        1.49949213785465        
-0.179575381489514      101.723858337399        -0.00495371186126036    4.99892046534362        29.1121245433507        4.99892046534358        -0.0339928884423358     0.0118316497237105      1.70899934849432        0.743951779914547       
-0.169363457796358      102.391010478381        -0.00411369545165537    4.99916220189817        29.2081401153195        4.99916220189813        0.0118316497237105      0.0347190761774553      1.49949213785465        -0.0865020006957997     
-0.159076685610717      103.224693105459        -0.00159895813008394    4.99987681296652        29.3289035362607        4.99987681296651        0.0347190761774553      0.0320359056354212      0.743951779914547       -0.569868057525559      
-0.148696826307281      104.247957396842        0.000764897132636298    5.00054217461127        29.4758745298588        5.0005421746113         0.0320359056354212      0.0141834955850995      -0.0865020006957997     -0.56972585188839       
-0.138204822614177      105.473067845717        0.00184215366437247     5.00083994225757        29.6494499812758        5.00083994225754        0.0141834955850995      -0.00387316498532986    -0.569868057525559      -0.257993265519352      
-0.127580782379782      106.896949652691        0.00156298171342314     5.00075760781855        29.8486664757487        5.00075760781851        -0.00387316498532986    -0.0121590318097228     -0.56972585188839       0.0719457974495432      
-0.116805538977776      108.499620126887        0.000622630314203665    5.00049547636763        30.0708014423767        5.00049547636764        -0.0121590318097228     -0.0098142755136378     -0.257993265519352      0.222121907911405       
-0.105862907517152      110.245061846069        -0.000166609218974704   5.00028063252873        30.3110608958961        5.00028063252876        -0.0098142755136378     -0.00246100422129796    0.0719457974495432      0.174205733246529       
-0.0947415088818942     112.083329505703        -0.000391311569682477   5.00022588569994        30.5625578540653        5.00022588569995        -0.00246100422129796    0.00340007344222644     0.222121907911405       0.0336873469065751      
-0.0834354829999527     113.95304578048         -0.000149046417451698   5.00030277006069        30.8166548712701        5.00030277006071        0.00340007344222644     0.00455195634520411     0.174205733246529       -0.0740010311549066     
-0.0719438157235865     115.784347685822        0.000191313890489453    5.00040737232259        31.0636149905251        5.00040737232255        0.00455195634520411     0.00198177258275749     0.0336873469065751      -0.0839655887274914     
-0.0602739208830626     117.502373594546        0.000330470498817012    5.00045361278925        31.2933743933163        5.00045361278928        0.00198177258275749     -0.000977021112118498   -0.0740010311549066     -0.0208449814460274     
-0.0484396129270596     119.031986851501        0.000226791186510075    5.00043049902076        31.4963272306282        5.00043049902077        -0.000977021112118498   -0.00172097899513987    -0.0839655887274914     0.036929964345865       
-0.0364633456738922     120.303039224625        3.4936216043434e-05     5.00038930235917        31.6639129604484        5.0003893023592         -0.00172097899513987    -0.000389060629151353   -0.0208449814460274     0.0346313898797691      
-0.0243743434189077     121.255881502821        -8.44550764341327e-05   5.00037990235328        31.7890304169231        5.0003799023533         -0.000389060629151353   0.000869719223909803    0.036929964345865       -0.00923345442320408    
-0.0122070673534274     121.845801695256        -8.17154636747003e-05   5.00040104984604        31.8663321473801        5.00040104984602        0.000869719223909803    0.000532491518385268    0.0346313898797691      -0.0323819100569992     
-1.33774590651608e-09   122.045501829757        7.25878403985131e-07    5.0004140395709         31.8924766681212        5.00041403957088        0.000532491518385268    -0.000652084463331105   -0.00923345442320408    -0.00426024272953411    
0.0122070666928732      121.845844348248        8.48982704536745e-05    5.00039813246556        31.8663284290192        5.00039813246559        -0.000652084463331105   -0.00080767867114531    -0.0323819100569992     0.0376801189194779      
0.0243743458291102      121.255902000847        8.57759995580848e-05    5.0003784935052         31.7890286256021        5.00037849350517        -0.00080767867114531    0.00056191626383417     -0.00426024272953411    0.0328479242854812      
0.0364633473359129      120.302999275137        -4.304689847494e-05     5.00039206983624        31.6639164653003        5.00039206983624        0.00056191626383417     0.00174661138691103     0.0376801189194779      -0.027619321982634      
0.0484396104024785      119.031938560674        -0.000236823560321855   5.00043388007481        31.4963314898147        5.00043388007481        0.00174661138691103     0.000760877224142249    0.0328479242854812      -0.0833127558091454     
0.0602739169393447      117.502398018736        -0.000324003935734999   5.00045188044257        31.2933722250494        5.00045188044254        0.000760877224142249    -0.00217491222239405    -0.027619321982634      -0.0640932736614936     
0.0719438168645168      115.784434361831        -0.000169112248475486   5.00040113345508        31.0636072390012        5.00040113345505        -0.00217491222239405    -0.00440098306339111    -0.0833127558091454     0.0406806371630941      
0.0834354903361746      113.953083650486        0.00015902518895671     5.000300000468          30.8166514574738        5.00030000046802        -0.00440098306339111    -0.00300997610478043    -0.0640932736614936     0.16603873644675        
0.094741514647748       112.083248118048        0.000369493245716068    5.00023193721546        30.5625652519197        5.00023193721546        -0.00300997610478043    0.00257632476412211     0.0406806371630941      0.204404872664825       
0.10586290410571        110.244947857515        0.000135513389779565    5.00028924940182        30.3110713429047        5.00028924940179        0.00257632476412211     0.00934307762698484     0.16603873644675        0.0653355995759502      
0.116805530782292       108.499642239908        -0.000616642723004733   5.00049377823272        30.0707994007791        5.00049377823269        0.00934307762698484     0.0114724044521311      0.204404872664825       -0.240886149155107      
0.127580784915653       106.897161300286        -0.00150412576642793    5.00074110719493        29.8486467799572        5.0007411071949         0.0114724044521311      0.00373595107075695     0.0653355995759502      -0.540599717061022      
0.138204847111006       105.473313582476        -0.00177303241074497    5.00082052491504        29.649426958882         5.00082052491501        0.00373595107075695     -0.01339761674535       -0.240886149155107      -0.554596831120827      
0.148696864854231       104.247993933024        -0.000754203877323289   5.00053925571637        29.4758710923519        5.00053925571634        -0.01339761674535       -0.0307716176077058     -0.540599717061022      -0.0997503035812951     
0.159076712343789       103.224404050203        0.00151719093764429     4.99990015312311        29.3289309276879        4.99990015312308        -0.0307716176077058     -0.0338657251673109     -0.554596831120827      0.712474784472242       
0.169363445952857       102.390507877441        0.00397041796849499     4.99920310861305        29.2081879294537        4.99920310861309        -0.0338657251673109     -0.0119467566659885     -0.0997503035812951     1.47407190432454        
0.179575321510329       101.723387689634        0.00481886443053139     4.99895902128829        29.1121694647645        4.9989590212883         -0.0119467566659885     0.0331007774199057      0.712474784472242       1.70362032120767        
0.189727362342486       101.195706338652        0.00246165272039339     4.99963131877664        29.0385153068715        4.99963131877666        0.0331007774199057      0.0848870517642723      1.47407190432454        1.12764557302504        
0.199832655784249       100.782083859221        -0.00352475902522465    5.0013473802198         28.9840821567749        5.00134738021977        0.0848870517642723      0.119021829510851       1.70362032120767        -0.183834272623684      
0.209901670055062       100.463200016967        -0.0118670236568484     5.00374473838179        28.9451264892122        5.00374473838175        0.119021829510851       0.113475078774991       1.12764557302504        -1.8928724854057        
0.219942692075278       100.226756798003        -0.0197883458689077     5.00602393149718        28.9176285077445        5.00602393149716        0.113475078774991       0.0565023017025819      -0.183834272623684      -3.58650552195532       
0.229962447303291       100.065889773261        -0.0237303871398772     5.00715643896998        28.8976805383939        5.00715643897001        0.0565023017025819      -0.0512629923804873     -1.8928724854057        -4.94905787431438       
0.239969041854392       99.9767321360358        -0.0201952767466359     5.0061303052379         28.8818440248328        5.00613030523793        -0.0512629923804873     -0.199824782148437      -3.58650552195532       -5.82737962258583       
0.249970191689567       99.9562813875231        -0.00636457895630124    5.00213280623321        28.8673574104503        5.00213280623322        -0.199824782148437      -0.374705478819494      -4.94905787431438       -6.22319139307267       
0.259971339883559       100.00118457904         0.0196126960742564      4.99463633403426        28.8521966218906        4.99463633403426        -0.374705478819494      -0.56153762993477       -5.82737962258583       -6.22067841577399       
0.269980504218309       100.107426908928        0.0586362712409736      4.98339391801923        28.8350117740715        4.98339391801925        -0.56153762993477       -0.748477403705501      -6.22319139307267       -5.94262342910463       
0.280002568351153       100.270385899041        0.110821589799517       4.96838979624591        28.8149950016318        4.96838979624591        -0.748477403705501      -0.927337037548122      -6.22067841577399       -5.52377228159684       
0.290041659833552       100.485288540577        0.175749061093773       4.94976688178839        28.7917451516083        4.94976688178835        -0.927337037548122      -1.0939317806908        -5.94262342910463       -5.03090536303654       
0.300105697571965       100.747711465105        0.252742825864393       4.92774710853218        28.7651190351383        4.92774710853222        -1.0939317806908        -1.24604592977091       -5.52377228159684       -4.55469179847679       
0.310196567987299       101.053559738283        0.340994104901903       4.90259645063027        28.7351359632669        4.90259645063023        -1.24604592977091       -1.38416643485118       -5.03090536303654       -4.10014619417662       
0.320319538757368       101.399490977441        0.439747587293641       4.87457063632986        28.7018867340757        4.87457063632984        -1.38416643485118       -1.50891760704534       -4.55469179847679       -3.69942231170912       
0.330477588683726       101.78272928436         0.548308359103807       4.84391077398614        28.6654978149175        4.84391077398612        -1.50891760704534       -1.62189684902046       -4.10014619417662       -3.31315755168616       
0.340676737405154       102.201263387625        0.666095633180768       4.81082539502146        28.6261079351368        4.81082539502149        -1.62189684902046       -1.72349151911819       -3.69942231170912       -2.9448811090793        
0.350918766313211       102.65324454902         0.792534016502851       4.77551897708407        28.5838683352195        4.77551897708405        -1.72349151911819       -1.81419123821391       -3.31315755168616       -2.6045284674896        
0.36120636531291        103.137097957086        0.927071952347492       4.73818560309605        28.5389416028162        4.73818560309602        -1.81419123821391       -1.89478589508954       -2.9448811090793        -2.23257925602502       
0.371546182052945       103.651532083494        1.06920468590538        4.6990028799506         28.4914855050777        4.69900287995059        -1.89478589508954       -1.96421539202613       -2.6045284674896        -1.89369260471769       
0.381937419938589       104.194847873638        1.21831235881355        4.65817739602347        28.4416972403513        4.65817739602348        -1.96421539202613       -2.02341459217511       -2.23257925602502       -1.56171995634443       
0.392384381077184       104.765474262648        1.37383682761207        4.61589668346314        28.3897459537301        4.61589668346312        -2.02341459217511       -2.0725032847441        -1.89369260471769       -1.24350130467986       
0.402890668622465       105.361860757165        1.53522162732496        4.57234643476823        28.3358115110417        4.57234643476821        -2.0725032847441        -2.11181302106934       -1.56171995634443       -0.954947234834161      
0.413457843777067       105.982305579246        1.70190433100181        4.52771217930716        28.2800688283641        4.52771217930717        -2.11181302106934       -2.14217953195149       -1.24350130467986       -0.701081727679481      
0.424088235616708       106.625218343529        1.87336859945786        4.48216426010968        28.2226783186193        4.48216426010971        -2.14217953195149       -2.1646091074635        -0.954947234834161      -0.465429757079576      
0.434785115171113       107.289522361306        2.0491528335898         4.43585455239668        28.1638277521263        4.43585455239671        -2.1646091074635        -2.17959233959095       -0.701081727679481      -0.264289362947478      
0.445549020092262       107.973897285022        2.22879160089884        4.38893094475597        28.1036764801374        4.388930944756          -2.17959233959095       -2.18815468021746       -0.465429757079576      -0.107014223228659      
0.456381563727966       108.677254338818        2.41188249684879        4.34151974631445        28.0423621712822        4.34151974631448        -2.18815468021746       -2.19164431495053       -0.264289362947478      0.0382892038520305      
0.467286983741415       109.398918456494        2.59812151562526        4.29371812133878        27.9799963852605        4.29371812133877        -2.19164431495053       -2.19038745016973       -0.107014223228659      0.163047573938367       
0.478265299685469       110.1379628835          2.7871904255963         4.24562469533186        27.9166752769658        4.24562469533188        -2.19038745016973       -2.18499911382165       0.0382892038520305      0.229313720566689       
0.489316415751671       110.893682879709        2.97882141312669        4.19732361884561        27.8524886479879        4.19732361884556        -2.18499911382165       -2.17736878952177       0.163047573938367       0.33450912650513        
0.500447397264205       111.666058981558        3.17291454098246        4.14885562343796        27.7874778978108        4.14885562343797        -2.17736878952177       -2.16616058697484       0.229313720566689       0.383629208577765       
0.511654103374995       112.45430851746         3.36920834340972        4.10030033456842        27.7217255005829        4.10030033456837        -2.16616058697484       -2.15321578168401       0.33450912650513        0.429934407928064       
0.522940447640244       113.258324678426        3.56761050191158        4.05169327767043        27.6552584734439        4.05169327767047        -2.15321578168401       -2.13860468044749       0.383629208577765       0.469850944726472       
0.534309390951304       114.0782109557          3.76804205998136        4.00306576144245        27.5881188317052        4.00306576144251        -2.13860468044749       -2.12252137888518       0.429934407928064       0.510998098238169       
0.545761088058056       114.913756590099        3.97040458852279        3.95445364870103        27.5203295775341        3.95445364870097        -2.12252137888518       -2.10490135361128       0.469850944726472       0.505587155295049       
0.557294755811108       115.764866476977        4.17460954003781        3.90589090844506        27.4519258428798        3.90589090844501        -2.10490135361128       -2.0873385457895        0.510998098238169       0.548515317331117       
0.568918256360339       116.632187475885        4.38074161477628        3.85737121202246        27.3828913242279        3.85737121202246        -2.0873385457895        -2.06814147840868       0.505587155295049       0.545999449079975       
0.580627119856529       117.51542624607         4.58868145202653        3.80893606294012        27.3132673799272        3.80893606294016        -2.06814147840868       -2.04888753001254       0.548515317331117       0.55002965088224        
0.592425191838635       118.415015096296        4.79846959716886        3.76058744906019        27.2430425231656        3.76058744906016        -2.04888753001254       -2.02934263001545       0.545999449079975       0.547865758869495       
0.60431517499805        119.331481402909        5.01013788165592        3.71232806109783        27.1722164162953        3.7123280610978         -2.02934263001545       -2.00972373015693       0.55002965088224        0.573398848680429       
0.616298733490642       120.265113435583        5.22370549710269        3.66416371207996        27.1007707295027        3.66416371207998        -2.00972373015693       -1.98902958888455       0.547865758869495       0.551440303046701       
0.62837294678489        121.215862676575        5.43910551022184        3.61612161121306        27.028728563222         3.61612161121312        -1.98902958888455       -1.96897023484982       0.573398848680429       0.593346372642471       
0.640548036807501       122.184573570474        5.65649359528925        3.56818229132779        26.9560392641921        3.56818229132776        -1.96897023484982       -1.94721360973675       0.551440303046701       0.590166482875708       
0.652818457677873       123.170686031502        5.87573702172388        3.52039180470479        26.8827414799026        3.52039180470474        -1.94721360973675       -1.92539830190752       0.593346372642471       0.58371490786014        
0.665188549537247       124.174383364239        6.09689141043801        3.4727537691855         26.8088001057005        3.47275376918545        -1.92539830190752       -1.9036458375157        0.590166482875708       0.58512283911998        
0.677661769123204       125.196166389829        6.32003084910892        3.42526674096055        26.7341936113923        3.42526674096061        -1.9036458375157        -1.88166143787107       0.58371490786014        0.557271465821728       
0.690235850399102       126.235931132188        6.54516870709861        3.37794177951545        26.6588830050902        3.37794177951545        -1.88166143787107       -1.86055023725776       0.58512283911998        0.556423001966815       
0.702915718521018       127.29461828274         6.77247223149044        3.3307591496214         26.5828175877702        3.33075914962146        -1.86055023725776       -1.83929533213976       0.557271465821728       0.552682606200434       
0.715700907614653       128.372586574314        7.00200147420531        3.2837243028214         26.5059799023453        3.28372430282144        -1.83929533213976       -1.81800476398657       0.556423001966815       0.563503772046999       
0.728595081647466       129.470430521308        7.23384462727098        3.23683849730189        26.4283583098919        3.23683849730191        -1.81800476398657       -1.79611186868734       0.552682606200434       0.586412887613072       
0.74160095335259        130.588622101257        7.46801184661114        3.19011858938198        26.3499902253934        3.19011858938202        -1.79611186868734       -1.77313237452151       0.563503772046999       0.593133376965235       
0.754718419012096       131.72698239735         7.70441838469725        3.14359776514618        26.2709169829097        3.14359776514621        -1.77313237452151       -1.74968790152583       0.586412887613072       0.587377347576831       
0.767950657374233       132.885728569387        7.94304560363882        3.09729260958785        26.1911557915282        3.09729260958783        -1.74968790152583       -1.72626960968468       0.593133376965235       0.565141804044908       
0.781298332344499       134.065048438612        8.18390549899304        3.05121088886045        26.1106854120267        3.05121088886043        -1.72626960968468       -1.70354296320923       0.587377347576831       0.521911255601177       
0.794759531597226       135.26606873444         8.42708461256392        3.00534452190731        26.0295069319093        3.00534452190735        -1.70354296320923       -1.6823719156466        0.565141804044908       0.478026085943573       
0.808337664998169       136.491228808141        8.67285351250031        2.95965126439164        25.9475894166292        2.95965126439159        -1.6823719156466        -1.66280942492849       0.521911255601177       0.492002594142126       
0.822040242081214       137.743922181715        8.92152377804758        2.91408394560462        25.8649490055025        2.91408394560468        -1.66280942492849       -1.64249235211103       0.478026085943573       0.497823495674906       
0.835864580816719       139.026010800021        9.17305317560502        2.86866198499472        25.7817322959327        2.86866198499471        -1.64249235211103       -1.62174479188357       0.492002594142126       0.545609504930899       
0.84982190721477        140.340670661654        9.42745643393813        2.82339409145289        25.6981523439802        2.82339409145294        -1.62174479188357       -1.59879248886825       0.497823495674906       0.554039781980436       
0.863909077442176       141.690047784494        9.6844217459954         2.778345812997          25.6145775879476        2.77834581299694        -1.59879248886825       -1.57526325137474       0.545609504930899       0.531760920249786       
0.878130287863446       143.07682567705         9.9438991477278         2.73353548088244        25.5312089895305        2.73353548088241        -1.57526325137474       -1.55246062391079       0.554039781980436       0.515492930458109       
0.892493196603208       144.502618815862        10.2061193862431        2.68893769277678        25.4479383067642        2.68893769277675        -1.55246062391079       -1.53013342837267       0.531760920249786       0.494297259118534       
0.907000493042449       145.966762367945        10.4713570474337        2.6445328199043         25.3644729788604        2.64453281990432        -1.53013342837267       -1.50850459894052       0.515492930458109       0.544537562005613       
0.921663515275329       147.468139881166        10.7400312645043        2.6003010170496         25.2804784407326        2.60030101704955        -1.50850459894052       -1.4844316059444        0.494297259118534       0.592907103259132       
0.936473419986996       149.002629890155        11.0121384623667        2.5563277276908         25.1958843956394        2.55632772769075        -1.4844316059444        -1.45794726643184       0.544537562005613       0.648326605306367       
0.951436550465656       150.566279524892        11.2880356245146        2.51268822824256        25.1106258428736        2.51268822824255        -1.45794726643184       -1.42868041144371       0.592907103259132       0.7267770791144         
0.966564689155233       152.154916269707        11.568474671142         2.46946260302745        25.0246836674916        2.46946260302748        -1.42868041144371       -1.39552051058212       0.648326605306367       0.836132216954935       
0.98185654031494        153.762535571477        11.85438779375          2.42678713376124        24.938221768314         2.42678713376119        -1.39552051058212       -1.35695942618171       0.7267770791144         0.920315538892832       
0.997305347168437       155.381750471594        12.1469995334039        2.38484567506036        24.8516094581246        2.38484567506036        -1.35695942618171       -1.31406387006565       0.836132216954935       1.11445654244636        
1.01293270289577        157.006515168169        12.4483531840624        2.34379525348384        24.7652688597423        2.34379525348389        -1.31406387006565       -1.26156924453991       0.920315538892832       1.20970010158177        
1.0287077634628         158.622931751117        12.7596199887431        2.3039734937962         24.6800536960119        2.30397349379617        -1.26156924453991       -1.20399034908156       1.11445654244636        1.35094440979277        
1.04466080418508        160.222184746626        13.0831758602275        2.26557047228042        24.5965665207638        2.26557047228037        -1.20399034908156       -1.13902307417805       1.20970010158177        1.38919789224604        
1.06077256806363        161.790412150807        13.4202811625696        2.228864070337          24.5156017183598        2.22886407033699        -1.13902307417805       -1.07154281689564       1.35094440979277        1.39734314167051        
1.07704842864478        163.317972725975        13.7723741764268        2.19399330692627        24.4376260120044        2.19399330692624        -1.07154281689564       -1.0030140595957        1.38919789224604        1.3087641152989         
1.09347009533266        164.796922762513        14.1398839284842        2.16104592976004        24.3630088170881        2.16104592976           -1.0030140595957        -0.938239347641924      1.39734314167051        1.21052156913301        
1.1100476418173         166.225690705693        14.5232647101651        2.12994866750002        24.29170600647          2.12994866750001        -0.938239347641924      -0.877800417236099      1.3087641152989         1.0529041129426         
1.1267594306806         167.604991238854        14.9216645554748        2.1006052029235         24.2236770066081        2.10060520292349        -0.877800417236099      -0.824786603023502      1.21052156913301        0.908420800577216       
1.14361510899611        168.939555532871        15.3345044300441        2.07280542420414        24.1584639091966        2.07280542420418        -0.824786603023502      -0.778676682046413      1.0529041129426         0.759760635799437       
1.16060280314782        170.236288525031        15.7604146385139        2.04635019973806        24.095748692313         2.04635019973806        -0.778676682046413      -0.739805734173006      0.908420800577216       0.619817452157811       
1.17772092539272        171.502290013468        16.1981570231982        2.02101894699862        24.0350222789881        2.02101894699866        -0.739805734173006      -0.707843693283627      0.759760635799437       0.493553509553015       
1.19497780967352        172.746881149688        16.6467538905042        1.99658846261975        23.9758360944588        1.99658846261972        -0.707843693283627      -0.682197439094803      0.619817452157811       0.397568299669116       
1.21237382604695        173.977119973545        17.105082153395         1.97286507661637        23.9176846749466        1.97286507661636        -0.682197439094803      -0.66139434712919       0.493553509553015       0.305846102658139       
1.2298748212407         175.200402728461        17.5711545082258        1.94971668357692        23.8603977393881        1.94971668357695        -0.66139434712919       -0.645281631155449      0.397568299669116       0.173868564005495       
1.24747557736575        176.421751124295        18.0437555580113        1.92698087931844        23.803408058245         1.92698087931847        -0.645281631155449      -0.63605882045652       0.305846102658139       0.110562168451669       
1.26524091887578        177.65766070455         18.5234937606675        1.90440470141584        23.7463009150297        1.90440470141583        -0.63605882045652       -0.630152096425439      0.173868564005495       -0.0760424905091096     
1.28309718456725        178.911818397466        19.0069560189748        1.88188217688478        23.6886387070623        1.88188217688475        -0.630152096425439      -0.634242958302992      0.110562168451669       -0.271834560798187      
1.30110213196113        180.207072303235        19.4935764103388        1.85905815172944        23.6296221850395        1.85905815172946        -0.634242958302992      -0.648966430166151      -0.0760424905091096     -0.658974799577893      
1.31920846989594        181.566165602256        19.9785523405224        1.83554431419971        23.5680837476683        1.83554431419967        -0.648966430166151      -0.684917713402375      -0.271834560798187      -1.23217305644606       
1.33745634388095        183.040330931953        20.4569323300889        1.81054430884216        23.5018662187152        1.81054430884211        -0.684917713402375      -0.752683054294615      -0.658974799577893      -2.10792811951273       
1.35585574375568        184.711596736337        20.9188841111155        1.78283089217257        23.4275315531415        1.78283089217257        -0.752683054294615      -0.86972405024124       -1.23217305644606       -3.25943995243881       
1.37444807786501        186.715618258504        21.3494384676698        1.75047667874105        23.3395706657966        1.75047667874109        -0.86972405024124       -1.05280849240423       -2.10792811951273       -4.60825157645881       
1.39326511072428        189.255685625178        21.7258743568906        1.71081248245025        23.2300448178013        1.71081248245029        -1.05280849240423       -1.31545799494747       -3.25943995243881       -5.73981846732031       
1.4123880200575         192.624109493934        22.0187363152981        1.66044255032954        23.0882822958264        1.66044255032954        -1.31545799494747       -1.64884324111619       -4.60825157645881       -6.00258510793799       
1.43190675808343        197.190768991946        22.1942520506517        1.59595147792063        22.9022160210536        1.5959514779206         -1.64884324111619       -2.00616482846606       -5.73981846732031       -4.37988391353927       
1.45197221103249        203.348243877721        22.2261418007017        1.51528935485052        22.6616941583317        1.51528935485056        -2.00616482846606       -2.2750954912293        -6.00258510793799       -0.537808963675872      
1.47273682014039        211.293702161028        22.1192170138921        1.42062439108061        22.3669766609794        1.42062439108057        -2.2750954912293        -2.30935160142915       -4.37988391353927       4.22040875171729        
1.49436060212173        220.664727190905        21.9399877325399        1.32067414412436        22.0388369218705        1.32067414412436        -2.30935160142915       -2.02965892864275       -0.537808963675872      7.1190063333458         
1.51690973647125        230.284913333021        21.8178052112595        1.22918266077625        21.7202755702021        1.22918266077626        -2.02965892864275       -1.53935042946895       4.22040875171729        6.7649671464207         
1.54034222560736        238.677837577399        21.8800673443754        1.15716152322703        21.4549454319044        1.15716152322701        -1.53935042946895       -1.05745287687729       7.1190063333458         4.26474976991878        
1.56450152703157        245.121919581441        22.1662022176068        1.10614633069538        21.2579676011145        1.10614633069538        -1.05745287687729       -0.745178027823109      6.7649671464207         1.66597481395489        
1.58923736821853        250.060076124481        22.6168288297284        1.06931484907476        21.1105405173448        1.06931484907478        -0.745178027823109      -0.62042726213193       4.26474976991878        0.0899698351378896      
1.61445922292451        254.462929039538        23.1392880829153        1.03802423771696        20.9816859802183        1.03802423771696        -0.62042726213193       -0.61355549707549       1.66597481395489        -0.451844056086366      
1.64014761694264        259.11483559986         23.6665837458225        1.00648767135053        20.848496648251         1.00648767135056        -0.61355549707549       -0.648748239717478      0.0899698351378896      -0.37722048228851       
1.66634836730084        264.398225164682        24.1714072222434        0.97247263508645        20.701048231836         0.972472635086478       -0.648748239717478      -0.678745545470051      -0.451844056086366      -0.0609400395991566     
1.69312206735276        270.380197566959        24.6541350403964        0.936107233199094       20.5387787147561        0.936107233199121       -0.678745545470051      -0.683701158481885      -0.37722048228851       0.248047372327472       
1.72052865884096        276.94319091453         25.1295047040274        0.898618349439495       20.3660760869688        0.898618349439506       -0.683701158481885      -0.663046623391881      -0.0609400395991566     0.384656878396035       
1.74860630773433        283.902514214811        25.6151280158662        0.861369474764257       20.188485148448         0.861369474764236       -0.663046623391881      -0.630217662689222      0.248047372327472       0.347934912789173       
1.77740114681348        291.150216801767        26.1219013816071        0.825066435320182       20.0090925797637        0.825066435320156       -0.630217662689222      -0.599759177081576      0.384656878396035       0.247379720125765       
1.80694176010791        298.721182139841        26.6496612723961        0.789617961310198       19.8274057321944        0.78961796131019        -0.599759177081576      -0.577530310078051      0.347934912789173       0.19546293294588        
1.83727472021074        306.74488060983         27.1930380615469        0.754567908619856       19.6409369702503        0.754567908619833       -0.577530310078051      -0.559486249981559      0.247379720125765       0.198711629316985       
1.86844727999364        315.331071863647        27.7488669662629        0.719668443814141       19.4479571238368        0.719668443814159       -0.559486249981559      -0.540621328426216      0.19546293294588        0.215589147869051       
1.90052459800217        324.533367344125        28.3187617941609        0.684969521954595       19.2481802381429        0.684969521954609       -0.540621328426216      -0.519549863414899      0.198711629316985       0.215363359144829       
1.93356422768636        334.382462539001        28.9056830493746        0.650619977074386       19.0418797265047        0.65061997707436        -0.519549863414899      -0.497853644621577      0.215589147869051       0.204298333291445       
1.96763574735667        344.938491837206        29.5115157124201        0.616674367589494       18.8288221578419        0.616674367589499       -0.497853644621577      -0.476613468948499      0.215363359144829       0.1960073468944         
2.00282090390302        356.295598711101        30.1371574909831        0.583115588538546       18.6083098702398        0.583115588538543       -0.476613468948499      -0.455553747545295      0.204298333291445       0.189980184588734       
2.03920085330656        368.559026244188        30.7835097901443        0.549944354652547       18.3796516034822        0.54994435465256        -0.455553747545295      -0.434423311820597      0.1960073468944         0.18259596924229        
2.07688618323575        381.849656013415        31.4524012478348        0.517170649198717       18.142098119051         0.517170649198698       -0.434423311820597      -0.413360531758342      0.189980184588734       0.177787492695596       
2.1160193067851         396.315765857977        32.1463052667042        0.484796585089709       17.894716627409         0.484796585089694       -0.413360531758342      -0.392051063566725      0.18259596924229        0.170257982518975       
2.15670611983908        412.116454939468        32.8669255992329        0.452864033033672       17.6367381651402        0.452864033033691       -0.392051063566725      -0.37080424390529       0.177787492695596       0.162449346978512       
2.19909933410736        429.453450534225        33.6167447592755        0.421389447013042       17.3669778621411        0.421389447013054       -0.37080424390529       -0.349649672478388      0.170257982518975       0.155353994541449       
2.24338998566511        448.582664853284        34.3989543486319        0.390381620302325       17.0840289717697        0.390381620302339       -0.349649672478388      -0.328483458226331      0.162449346978512       0.147638021550522       
2.28978058057172        469.806480215854        35.2169683058994        0.359864479954084       16.7862376508226        0.359864479954081       -0.328483458226331      -0.307377180982739      0.155353994541449       0.139378374490488       
2.33851499266044        493.513712570085        36.0749265636144        0.329858624200553       16.4716804573018        0.329858624200549       -0.307377180982739      -0.2864019737553        0.147638021550522       0.132023977805385       
2.3898935912952         520.19564007797         36.9779528858832        0.300379666210062       16.1377503972595        0.300379666210075       -0.2864019737553        -0.265405243640601      0.139378374490488       0.122998295851194       
2.44425920843541        550.483070546071        37.9319389139301        0.271455605628842       15.7814086455925        0.27145560562885        -0.265405243640601      -0.244635111967624      0.132023977805385       0.114751092368425       
2.50211086101668        585.254451689194        38.9455541606278        0.243079622861897       15.3982375287377        0.2430796228619         -0.244635111967624      -0.223947151116742      0.122998295851194       0.107492448234893       
2.56402812040894        625.677171180321        40.0289133468481        0.215270562238919       14.9827610061277        0.215270562238916       -0.223947151116742      -0.203117431269422      0.114751092368425       0.0980376604208616      
2.63069572790847        673.330671225795        41.1940097610242        0.188074358411751       14.527917606557         0.188074358411749       -0.203117431269422      -0.182522153276637      0.107492448234893       0.0900996290586889      
2.7032312385975         730.684739534271        42.4604743204765        0.161465779772598       14.0226353465174        0.161465779772606       -0.182522153276637      -0.161772178132031      0.0980376604208616      0.0819555780450194      
2.78305807902285        801.39178775233         43.8533869820546        0.13546918807272        13.45138746344          0.135469188072718       -0.161772178132031      -0.140770709677353      0.0900996290586889      0.0741621769891654      
2.87226644792976        891.363863729712        45.4095751557344        0.110120167973885       12.7904351241965        0.110120167973888       -0.140770709677353      -0.119168341725084      0.0819555780450194      0.0788855793804833      
2.97416909836173        1010.80585538789        47.1859854335481        0.085479978922077       12.0002543870862        0.0854799789220693      -0.119168341725084      -0.0909730105657115     0.0741621769891654      -0.21474811055425       
3.09469125018792        1179.33612736706        49.2729978667958        0.061657323239759       11.0086866317313        0.0616573232397579      -0.0909730105657115     -0.18603090063605       0.0788855793804833      -0.21474811055425       
3.2754744779272         1179.33612736706        49.2729978667958        1e-09                   11.0086866317313        1.00000088791511e-09    -0.18603090063605       -0.18603090063605       -0.21474811055425       -0.21474811055425       
