x                       V                     vel                       p                      cs                  dd1[i]             dd2_left[i]            dd2_right[i]             dd3_left[i]            dd3_right[i]
-27.2745486705977       5944.67232671779        -66.8266145592663       1e-09                   6.38234139824436        0.00411133998494758     0.000805779264684282    0.000805779264684282    0.00011043377800682     0.00011043377800682     
-26.3461564288326       5944.67232671779        -66.8266145592663       0.00411133998494758     6.38234139824436        0.00411133998494758     0.000805779264684282    0.000805779264684282    0.00011043377800682     0.00011043377800682     
-25.7272282676559       5355.2030884033         -65.2285236323546       0.00520513037122949     6.81597758206774        0.00520513037122949     0.000805779264684282    0.00101337624318804     0.00011043377800682     0.000157316123636366    
-25.1786132600232       4893.11831837459        -63.8191144721906       0.00632609885633926     7.18265853726902        0.00632609885633926     0.00101337624318804     0.00126180264810912     0.00011043377800682     0.000191158851418759    
-24.6824273191742       4470.61447543884        -62.6588628353896       0.00758207517674414     7.51626403640996        0.00758207517674414     0.00126180264810912     0.0015342701603914      0.000157316123636366    0.000203570146063591    
-24.2326491355562       4096.62375752936        -61.7243104342993       0.00896743761796955     7.82477028309634        0.00896743761796955     0.0015342701603914      0.00179820430887646     0.000191158851418759    0.000167928116152082    
-23.8225003079211       3775.40838686025        -60.956707365542        0.0104483393001381      8.1083031334658         0.0104483393001381      0.00179820430887646     0.00199756878609402     0.000203570146063591    0.000101969927577555    
-23.4454866866648       3508.5707717203         -60.2862606092229       0.0119609738748734      8.36320545989903        0.0119609738748734      0.00199756878609402     0.00210936401432747     0.000167928116152082    0.000129607122761737    
-23.0951871750298       3291.44907306927        -59.6558853825428       0.0134433793448852      8.58760720298355        0.0134433793448852      0.00210936401432747     0.00224169204131788     0.000101969927577555    0.000353355913509515    
-22.7672524982375       3108.06231958767        -59.0559774551277       0.0149169262670873      8.79040541867493        0.0149169262670874      0.00224169204131788     0.00257983108885935     0.000129607122761737    0.000617969992516336    
-22.4587475411458       2936.86933028577        -58.5178524621158       0.0165107950751368      8.98981346439797        0.0165107950751368      0.00257983108885935     0.00313603761821854     0.000353355913509515    0.000599105978847519    
-22.168054020051        2767.92552638243        -58.0637951102519       0.0183354498017322      9.19702483994311        0.0183354498017322      0.00313603761821854     0.00364411137666964     0.000617969992516336    0.000194999882068718    
-21.8942771168961       2609.55961243242        -57.6679374210698       0.0203340772172714      9.40416456171357        0.0203340772172714      0.00364411137666964     0.00380028252520869     0.000599105978847519    -0.000320216028639014   
-21.63561646924         2475.40725494751        -57.2733025246693       0.0223050669837426      9.59289013051217        0.0223050669837426      0.00380028252520869     0.00355692897123553     0.000194999882068718    -0.000621911873448317   
-21.3894287536221       2370.88464177126        -56.837059802551        0.024061293674454       9.75077361323288        0.024061293674454       0.00355692897123553     0.003105102736537       -0.000320216028639014   -0.000649778264142353   
-21.1529687622164       2292.48102634133        -56.3486891065864       0.0255333840365551      9.87714520514313        0.0255333840365551      0.003105102736537       0.00265002070309542     -0.000621911873448317   -0.000526494588532297   
-20.9239014809393       2233.14951330646        -55.8185115425202       0.0267498529024501      9.97801090649884        0.0267498529024501      0.00265002070309542     0.00229190615581402     -0.000649778264142353   -0.000379193491301043   
-20.7004134972992       2186.52670501062        -55.2617954893441       0.0277753042739322      10.0607690672523        0.0277753042739322      0.00229190615581402     0.00204001332467377     -0.000526494588532297   -0.000255069757669338   
-20.4816108823985       2148.16659116415        -54.6920476731767       0.0286688466612962      10.1312600898576        0.0286688466612962      0.00204001332467377     0.00187388733587722     -0.000379193491301043   -0.000168869901417746   
-20.2666878693216       2115.13501820783        -54.117726617186        0.0294749011695573      10.1934125478129        0.0294749011695573      0.00187388733587722     0.0017657561126603      -0.000255069757669338   -0.000114841666755189   
-20.0550345137422       2085.6875573967         -53.5436455458513       0.0302226279680177      10.2497934210666        0.0302226279680177      0.0017657561126603      0.00169331377858493     -0.000168869901417746   -8.10087949501404e-05   
-19.8463445607934       2058.81380245396        -52.9727645130531       0.0309296095847361      10.3019664075657        0.0309296095847361      0.00169331377858493     0.00164290576912439     -0.000114841666755189   -6.06793194762953e-05   
-19.6403505217672       2033.89373344241        -52.4065709148129       0.0316066212928058      10.350886353571         0.0316066212928058      0.00164290576912439     0.00160562620828756     -8.10087949501404e-05   -4.87496108048692e-05   
-19.4368647805144       2010.53839257981        -51.8458632167995       0.032260156317518       10.3971376531393        0.032260156317518       0.00160562620828756     0.00157603486060108     -6.06793194762953e-05   -4.06349360845249e-05   
-19.2357740524173       1988.50748291669        -51.2911242861046       0.0328941430693026      10.4411245912051        0.0328941430693026      0.00157603486060108     0.00155165121579864     -4.87496108048692e-05   -3.61612520020698e-05   
-19.0369073304271       1967.62237206897        -50.7423721313858       0.0335113554700635      10.4831366760505        0.0335113554700635      0.00155165121579864     0.00153018910343115     -4.06349360845249e-05   -3.24924372999965e-05   
-18.8401759105307       1947.75342198202        -50.1996660565962       0.034113534756971       10.5233671780783        0.034113534756971       0.00153018910343115     0.00151110612042915     -3.61612520020698e-05   -3.06399926207855e-05   
-18.6454402846748       1928.80789755617        -49.6628083879927       0.0347021201136686      10.5620171161563        0.0347021201136685      0.00151110612042915     0.00149329143228453     -3.24924372999965e-05   -2.83566555228834e-05   
-18.4526303525482       1910.71072121511        -49.1317166980822       0.035278061627932       10.5992272183854        0.0352780616279321      0.00149329143228453     0.00147696315772402     -3.06399926207855e-05   -2.74971982739569e-05   
-18.2616139566183       1893.37675752422        -48.6060875356739       0.0358423284424202      10.6350859272839        0.0358423284424202      0.00147696315772402     0.0014612774898903      -2.83566555228834e-05   -2.61233907003179e-05   
-18.0723661052409       1876.75547763439        -48.0858805200144       0.0363954700115208      10.6696920999936        0.0363954700115208      0.0014612774898903      0.0014465106497483      -2.74971982739569e-05   -2.530114475831e-05     
-17.884812454364        1860.7966202073         -47.5708995525984       0.0369381148806846      10.7031396738532        0.0369381148806846      0.0014465106497483      0.00143233415739198     -2.61233907003179e-05   -2.40057670949669e-05   
-17.6988864128726       1845.45540509831        -47.0609586879558       0.0374708136506087      10.7355108235043        0.0374708136506087      0.00143233415739198     0.00141899697936171     -2.530114475831e-05     -2.36955688311941e-05   
-17.5144730216002       1830.68512090311        -46.5557335989012       0.0379941999036217      10.7668794956399        0.0379941999036218      0.00141899697936171     0.00140593943651487     -2.40057670949669e-05   -2.34617546336056e-05   
-17.3315410434482       1816.45138076315        -46.0551263422278       0.0385086113355304      10.7973006064553        0.0385086113355303      0.00140593943651487     0.00139311272535083     -2.36955688311941e-05   -2.26034989129753e-05   
-17.1500494135732       1802.72476194774        -45.5590095858807       0.0390143593967817      10.8268302345074        0.0390143593967817      0.00139311272535083     0.00138085012725938     -2.34617546336056e-05   -2.33312711545991e-05   
-16.9698955372562       1789.47591314338        -45.0670860677743       0.0395118756118754      10.8555323599358        0.0395118756118755      0.00138085012725938     0.00136828743194408     -2.26034989129753e-05   -2.30965860990015e-05   
-16.7911008375077       1776.68318195769        -44.5793957303189       0.0400012108582809      10.8834337864061        0.0400012108582809      0.00136828743194408     0.00135594141319076     -2.33312711545991e-05   -2.25247708029491e-05   
-16.6135919886857       1764.31600012678        -44.095718920481        0.0404826573780069      10.9105606439868        0.0404826573780069      0.00135594141319076     0.00134398628149043     -2.30965860990015e-05   -2.38534824744952e-05   
-16.4372755928391       1752.35023160751        -43.6157819926689       0.0409565510955535      10.9369573616354        0.0409565510955535      0.00134398628149043     0.00133141267372566     -2.25247708029491e-05   -2.21741933449788e-05   
-16.2622110507121       1740.77572480932        -43.1397282487337       0.0414228194085809      10.9626516317615        0.041422819408581       0.00133141267372566     0.00131980273755084     -2.38534824744952e-05   -2.38413386994383e-05   
-16.0882451223458       1729.56534830393        -42.6671240113328       0.0418819632988082      10.9876895084572        0.0418819632988082      0.00131980273755084     0.00130740159564232     -2.21741933449788e-05   -2.20869220076433e-05   
-15.9154649825399       1718.70937385366        -42.1981904512356       0.0423338505575757      11.0120831956405        0.0423338505575755      0.00130740159564232     0.00129598611089989     -2.38413386994383e-05   -2.33261962193249e-05   
-15.7437158237546       1708.18125538444        -41.7324925748318       0.0427789836674407      11.035870153362         0.0427789836674407      0.00129598611089989     0.00128400488563335     -2.20869220076433e-05   -2.24412130558039e-05   
-15.5730531077323       1697.97001955032        -41.2701662770138       0.0432173089648812      11.0590607609034        0.043217308964881       0.00128400488563335     0.0012725472947447      -2.33261962193249e-05   -2.28612413685486e-05   
-15.4033806119355       1688.05614169307        -40.8109359524391       0.0436491533512827      11.0816831900164        0.0436491533512829      0.0012725472947447      0.00126094306573449     -2.24412130558039e-05   -2.35465122387761e-05   
-15.2346797353042       1678.42610067009        -40.3547358571826       0.0440746288263608      11.1037536745846        0.0440746288263606      0.00126094306573449     0.00124905522540724     -2.28612413685486e-05   -2.04551092100563e-05   
-15.066901191022        1669.0658579842         -39.9014166682464       0.0444939111922281      11.1252916110941        0.044493911192228       0.00124905522540724     0.00123878216985718     -2.35465122387761e-05   -2.70520295485336e-05   
-14.8997999443291       1659.95053968856        -39.4503006096259       0.0449076455069823      11.1463350027007        0.0449076455069823      0.00123878216985718     0.00122526352194767     -2.04551092100563e-05   -1.8564004543024e-05    
-14.7338115442356       1651.10752509647        -39.0025470323995       0.0453147856055946      11.1668843395349        0.0453147856055945      0.00122526352194767     0.00121603339931834     -2.70520295485336e-05   -2.84981065050716e-05   
-14.5683140262362       1642.47809971021        -38.5564621169654       0.0457168798663645      11.1869696498193        0.0457168798663646      0.00121603339931834     0.00120193393628795     -1.8564004543024e-05    -1.9604775216352e-05    
-14.4039763818457       1634.11319805303        -38.1138338053485       0.0461123256416884      11.2066022150637        0.0461123256416882      0.00120193393628795     0.00119228103069979     -2.84981065050716e-05   -2.55834862412912e-05   
-14.240133363655        1625.94533229879        -37.6728553528009       0.0465027471775346      11.2257831733012        0.0465027471775345      0.00119228103069979     0.00117974866464519     -1.9604775216352e-05    -2.59925995236946e-05   
-14.0772417588635       1618.00415174494        -37.2347432657956       0.046887075329949       11.2445158890186        0.0468870753299491      0.00117974866464519     0.00116707884747768     -2.55834862412912e-05   -2.00019385258019e-05   
-13.9153255625055       1610.2690281473         -36.7995486818289       0.0472652930118063      11.262758501896         0.0472652930118064      0.00116707884747768     0.00115737984102814     -2.59925995236946e-05   -2.91873690932779e-05   
-13.7539053790526       1602.73429682645        -36.3659724488862       0.0476385473415981      11.2806570195305        0.047638547341598       0.00115737984102814     0.00114329826584804     -2.00019385258019e-05   -2.16197435673154e-05   
-13.5936630982723       1595.40445354841        -35.9358356601874       0.0480053016803274      11.2980729990214        0.0480053016803273      0.00114329826584804     0.0011329190228533      -2.91873690932779e-05   -2.53569552539947e-05   
-13.4339953863254       1588.26196378429        -35.5075093334004       0.0483669865953137      11.3151406761178        0.0483669865953138      0.0011329190228533      0.00112080282197478     -2.16197435673154e-05   -2.44962246912481e-05   
-13.2750721784178       1581.29974577934        -35.081441408685        0.0487232567994796      11.3318190353946        0.0487232567994798      0.00112080282197478     0.00110914836793871     -2.53569552539947e-05   -2.42003556480629e-05   
-13.1168452156317       1574.51802211482        -34.6574947808872       0.0490742688218083      11.3481511476572        0.0490742688218084      0.00110914836793871     0.00109768545209989     -2.44962246912481e-05   -2.50334992234988e-05   
-12.9592826406377       1567.89938714174        -34.2355765132844       0.0494201409038428      11.3641108051909        0.0494201409038428      0.00109768545209989     0.0010858799048458      -2.42003556480629e-05   -2.44109894193332e-05   
-12.8024504298922       1561.44856385126        -33.8158556624055       0.049760776223585       11.3797255803498        0.049760776223585       0.0010858799048458      0.00107441818705979     -2.50334992234988e-05   -2.42697570666318e-05   
-12.6462870156658       1555.14924309136        -33.3981594789328       0.0500963531981066      11.3949773846253        0.0500963531981067      0.00107441818705979     0.00106307280778185     -2.44109894193332e-05   -2.59671947546254e-05   
-12.4907787166463       1548.99338443279        -32.9824433408328       0.0504269390968795      11.4098637925161        0.0504269390968794      0.00106307280778185     0.00105098535447214     -2.42697570666318e-05   -2.30953475980474e-05   
-12.3360146882915       1542.96858138146        -32.5689370928267       0.0507523804117946      11.4243401272399        0.0507523804117945      0.00105098535447214     0.00104027916612644     -2.59671947546254e-05   -2.62943983895818e-05   
-12.181744003194        1537.04870210382        -32.1569619934407       0.0510732322133052      11.4383889662332        0.0510732322133053      0.00104027916612644     0.00102813926348615     -2.30953475980474e-05   -2.46004804935203e-05   
-12.0281922888487       1531.22784930977        -31.7471123242115       0.0513890501048182      11.4519535938978        0.0513890501048181      0.00102813926348615     0.00101682634993938     -2.62943983895818e-05   -2.48415088926778e-05   
-11.8752179330688       1525.49158952228        -31.3390018502423       0.0517001525523068      11.4650300112678        0.0517001525523069      0.00101682634993938     0.00100544808451411     -2.46004804935203e-05   -2.6100591191559e-05    
-11.7228096539973       1519.8404472252         -30.9325928711772       0.0520065843294857      11.4776384320397        0.0520065843294858      0.00100544808451411     0.000993539533830134    -2.48415088926778e-05   -2.51413311634637e-05   
-11.5710578537838       1514.29085394268        -30.5281192008978       0.0523081878179276      11.4898368424015        0.0523081878179277      0.000993539533830134    0.000982112028601074    -2.6100591191559e-05    -2.51412302090375e-05   
-11.4198404179964       1508.85503656785        -30.1252487081091       0.0526052281860993      11.5017146184382        0.0526052281860994      0.000982112028601074    0.000970726504279054    -2.51413311634637e-05   -2.64670160347782e-05   
-11.2691258982275       1503.553657997          -29.7238918283491       0.0528977838367232      11.5133731219858        0.0528977838367232      0.000970726504279054    0.0009587837077512      -2.51412302090375e-05   -2.5605362862238e-05    
-11.1190162948132       1498.41353172723        -29.3243148544396       0.0531856751641727      11.524910365526         0.0531856751641727      0.0009587837077512      0.00094727109153299     -2.64670160347782e-05   -2.62825463094457e-05   
-10.9694155627584       1493.46019976639        -28.9262573214434       0.0534691037147369      11.536462363245         0.0534691037147369      0.00094727109153299     0.000935494264712401    -2.5605362862238e-05    -2.61284396938527e-05   
-10.8203159892366       1488.71602637069        -28.5296944721772       0.0537480964415599      11.5481349547209        0.0537480964415597      0.000935494264712401    0.00092382310950715     -2.62825463094457e-05   -2.61425944064625e-05   
-10.6716552862736       1484.1790931252         -28.1344567140001       0.0540227802943006      11.5599510570833        0.0540227802943009      0.00092382310950715     0.000912180568948863    -2.61284396938527e-05   -2.70333113121266e-05   
-10.5234086287801       1479.82356213961        -27.7404743180078       0.0542932121132182      11.5718317873896        0.0542932121132178      0.000912180568948863    0.000900176008832592    -2.61425944064625e-05   -2.60738234293174e-05   
-10.3756278087767       1475.61711090828        -27.3478811714364       0.0545593147550578      11.5836564759718        0.0545593147550575      0.000900176008832592    0.000888629979183603    -2.70333113121266e-05   -2.70128516861658e-05   
-10.228212525047        1471.52935023554        -26.9564070998967       0.0548212890897868      11.595339287358         0.054821289089787       0.000888629979183603    0.00087670013003092     -2.60738234293174e-05   -2.65175282874298e-05   
-10.0812099204855       1467.54438426047        -26.5661735608302       0.0550790722421132      11.6068214970903        0.055079072242113       0.00087670013003092     0.000865018361662559    -2.70128516861658e-05   -2.65105291011506e-05   
-9.93455441449703       1463.64513387067        -26.1770025653241       0.0553328003945227      11.6180595081451        0.0553328003945229      0.000865018361662559    0.000853367911505661    -2.65175282874298e-05   -2.69023748303418e-05   
-9.78822579624585       1459.8226953951         -25.7888365468336       0.0555825265351312      11.6290321826729        0.0555825265351313      0.000853367911505661    0.000841573680410583    -2.65105291011506e-05   -2.69183905833423e-05   
-9.64226661266263       1456.07342729795        -25.4017842580152       0.0558281957667746      11.6397273987258        0.0558281957667749      0.000841573680410583    0.000829801561012681    -2.69023748303418e-05   -2.67990302240568e-05   
-9.49668062572838       1452.39815143365        -25.0158514253081       0.0560698193527106      11.6501575081695        0.0560698193527108      0.000829801561012681    0.000818110979039487    -2.69183905833423e-05   -2.71131369610007e-05   
-9.35144704132294       1448.79459275752        -24.6309786499106       0.0563074470048533      11.6603262356171        0.0563074470048534      0.000818110979039487    0.000806312789018671    -2.67990302240568e-05   -2.71454533144969e-05   
-9.20658230638864       1445.2618834008         -24.2472052752071       0.0565410655232325      11.6702361335433        0.0565410655232328      0.000806312789018671    0.000794529399667015    -2.71131369610007e-05   -2.70672023708256e-05   
-9.06207168354604       1441.79582971441        -23.8644880689379       0.0567707116861187      11.679881232199         0.056770711686119       0.000794529399667015    0.000782808157769044    -2.71454533144969e-05   -2.75091209193207e-05   
-8.91788928058543       1438.39459065745        -23.4827544212339       0.0569964379875215      11.6892663077425        0.0569964379875213      0.000782808157769044    0.000770923259854419    -2.70672023708256e-05   -2.71601042373938e-05   
-8.77405559061559       1435.05878552657        -23.1020546615486       0.0572182235897236      11.6983983558047        0.0572182235897238      0.000770923259854419    0.000759216125665398    -2.75091209193207e-05   -2.7708928477758e-05    
-8.63052877314084       1431.78690474224        -22.7222742353898       0.0574361440754688      11.707285405973         0.0574361440754687      0.000759216125665398    0.000747299824801109    -2.71601042373938e-05   -2.76205943095308e-05   
-8.48734903499869       1428.58335445811        -22.3435158378564       0.0576501501910337      11.7159467496884        0.0576501501910333      0.000747299824801109    0.000735448126601001    -2.7708928477758e-05    -2.73239062185442e-05   
-8.34449033816007       1425.44707801902        -21.9657069528144       0.0578602941259806      11.724389621298         0.0578602941259805      0.000735448126601001    0.000723749967132063    -2.76205943095308e-05   -2.82854629489947e-05   
-8.20191566293756       1422.37912586499        -21.5887462113678       0.0580666423964888      11.7326311381145        0.0580666423964891      0.000723749967132063    0.00071166660316825     -2.73239062185442e-05   -2.73558232919049e-05   
-8.0597039385332        1419.38188291886        -21.2128388840491       0.058269094995242       11.740676994274         0.0582690949952419      0.00071166660316825     0.000700005362358066    -2.82854629489947e-05   -2.80363913574007e-05   
-7.91774857268159       1416.45270368292        -20.8376999285498       0.0584678172893773      11.7485387657343        0.0584678172893772      0.000700005362358066    0.000688078987759992    -2.73558232919049e-05   -2.79865481364126e-05   
-7.77609739498178       1413.59177506186        -20.4634526210972       0.0586627538718983      11.7562172470424        0.0586627538718981      0.000688078987759992    0.000676198149930212    -2.80363913574007e-05   -2.80661812617945e-05   
-7.63474405561784       1410.79913689141        -20.0900771463515       0.0588539261205642      11.7637202288479        0.058853926120564       0.000676198149930212    0.000664307389607967    -2.79865481364126e-05   -2.78338372664933e-05   
-7.49366928350115       1408.07239317402        -19.717519697644        0.0590413713204952      11.7710467540434        0.0590413713204948      0.000664307389607967    0.000652538126691356    -2.80661812617945e-05   -2.86030313698933e-05   
-7.35283944142648       1405.41015201136        -19.3456887156921       0.0592251430608334      11.7782014269313        0.0592251430608334      0.000652538126691356    0.000640466819189054    -2.78338372664933e-05   -2.79964550189998e-05   
-7.2123217816194        1402.81331577872        -18.9747591369941       0.0594051633288854      11.785185201753         0.0594051633288854      0.000640466819189054    0.000628673625718739    -2.86030313698933e-05   -2.83965274787425e-05   
-7.07203364306413       1400.27893778042        -18.6045102677452       0.0595815471834732      11.7920019223051        0.0595815471834734      0.000628673625718739    0.000616733751000697    -2.79964550189998e-05   -2.85352449965555e-05   
-6.93199745658475       1397.80650650211        -18.2349989999805       0.0597542737306042      11.7986519436153        0.059754273730604       0.000616733751000697    0.00060475695983245     -2.83965274787425e-05   -2.85476715897725e-05   
-6.79222469551451       1395.39660189911        -17.8662534100988       0.0599233378151752      11.805141673705         0.0599233378151749      0.00060475695983245     0.000592795859471652    -2.85352449965555e-05   -2.83332018184239e-05   
-6.65269226142901       1393.04650550816        -17.4982104820193       0.0600887767206297      11.8114676219718        0.0600887767206296      0.000592795859471652    0.000580944821034174    -2.85476715897725e-05   -2.89900416286155e-05   
-6.51336504248072       1390.75529594812        -17.1307756702276       0.0602506403153747      11.8176349229215        0.0602506403153747      0.000580944821034174    0.000568839213858848    -2.83332018184239e-05   -2.84677063166865e-05   
-6.37430933690819       1388.52386505423        -16.7641219223621       0.060408861973807       11.823644849157         0.060408861973807       0.000568839213858848    0.000556971056832596    -2.89900416286155e-05   -2.87282533341648e-05   
-6.23545137359682       1386.34954279228        -16.3980528416831       0.060563537009755       11.8294992739449        0.0605635370097551      0.000556971056832596    0.000545013349448774    -2.84677063166865e-05   -2.88718935581134e-05   
-6.09680801949945       1384.23186703923        -16.0326110237406       0.0607146573657014      11.8351991619612        0.0607146573657012      0.000545013349448774    0.000533014413588993    -2.87282533341648e-05   -2.86797770577435e-05   
-5.95839616097194       1382.17130361045        -15.6678390317481       0.0608622179362204      11.8407496317821        0.0608622179362202      0.000533014413588993    0.000521113440132815    -2.88718935581134e-05   -2.8729625075343e-05    
-5.82018000421536       1380.1655212058         -15.3036405417215       0.0610062708111275      11.8461492724332        0.0610062708111277      0.000521113440132815    0.000509209325679968    -2.86797770577435e-05   -2.88346339158139e-05   
-5.68215847058251       1378.21349174056        -14.9400107311644       0.0611468308116826      11.8513984548827        0.0611468308116828      0.000509209325679968    0.00049727890672868     -2.8729625075343e-05    -2.87242808396839e-05   
-5.54434610649143       1376.31451867033        -14.5769859872542       0.061283897908797       11.8564974066675        0.0612838979087969      0.00049727890672868     0.000485411071071816    -2.88346339158139e-05   -2.87297030775645e-05   
-5.40672387386824       1374.4647079635         -14.2145143418519       0.0614175058221096      11.861435705936         0.0614175058221098      0.000485411071071816    0.000473557545547074    -2.87242808396839e-05   -2.88138134419577e-05   
-5.2692868176093        1372.66486301183        -13.8525811335686       0.0615476728310675      11.8662215198825        0.0615476728310678      0.000473557545547074    0.000461685454043185    -2.87297030775645e-05   -2.8794467884321e-05    
-5.13204212205968       1370.91594422702        -13.491203869289        0.0616744046261048      11.8708624126918        0.0616744046261045      0.000461685454043185    0.000449836734680626    -2.88138134419577e-05   -2.86746573846372e-05   
-4.99497230398721       1369.21776959073        -13.13033527507         0.0617977282816302      11.8753629897888        0.0617977282816304      0.000449836734680626    0.000438052187627609    -2.8794467884321e-05    -2.90318359822912e-05   
-4.8580525688143        1367.57100848315        -12.7699089546658       0.0619176744334547      11.8797317918581        0.0619176744334549      0.000438052187627609    0.000426135481562889    -2.86746573846372e-05   -2.87790747906165e-05   
-4.7213277843421        1365.97633868711        -12.4100418814519       0.0620342120520141      11.8839714077513        0.0620342120520137      0.000426135481562889    0.000414336508051397    -2.90318359822912e-05   -2.889542421779e-05     
-4.58474606653838       1364.43341889281        -12.050596258307        0.0621473931252344      11.8880878808116        0.0621473931252346      0.000414336508051397    0.000402503333656797    -2.87790747906165e-05   -2.90490897962124e-05   
-4.44830988110925       1362.9437743252         -11.6915771962116       0.0622572217906696      11.8920907081399        0.0622572217906693      0.000402503333656797    0.000390620057357992    -2.889542421779e-05     -2.89057392086715e-05   
-4.312035990642         1361.51116077118        -11.3330272360751       0.0623636918235868      11.8959980977293        0.0623636918235871      0.000390620057357992    0.000378807688076683    -2.90490897962124e-05   -2.90569971938334e-05   
-4.1758864908035        1360.1402935888         -10.9748449456346       0.0624668397591222      11.8998365373603        0.0624668397591222      0.000378807688076683    0.000366944808406555    -2.89057392086715e-05   -2.89657815811744e-05   
-4.03986676162261       1358.84109031809        -10.6170427346579       0.0625666673561595      11.903651994788         0.0625666673561597      0.000366944808406555    0.000355129771301436    -2.90569971938334e-05   -2.92133334986721e-05   
-3.90395429230295       1357.62814732358        -10.2595596902603       0.0626631958020368      11.907512924067         0.0626631958020368      0.000355129771301436    0.000343223881873427    -2.89657815811744e-05   -2.90724351525673e-05   
-3.76817545301301       1356.52444006568        -9.90246360105404       0.062756409828199       11.9115212926204        0.062756409828199       0.000343223881873427    0.000331384433348871    -2.92133334986721e-05   -2.92644176691061e-05   
-3.63247811703344       1355.56286434856        -9.54561598927375       0.0628463455760521      11.915827864855         0.0628463455760519      0.000331384433348871    0.000319474655308927    -2.90724351525673e-05   -2.94376260579903e-05   
-3.49686362255716       1354.79282976336        -9.18901918651328       0.0629329977123969      11.920652530816         0.0629329977123973      0.000319474655308927    0.000307500523935963    -2.92644176691061e-05   -2.94995417767832e-05   
-3.36132352703665       1354.28519701936        -8.83264993962385       0.0630163632233067      11.9263104020285        0.0630163632233068      0.000307500523935963    0.000295505187101605    -2.94376260579903e-05   -2.98003858506769e-05   
-3.22580443130625       1354.13709585221        -8.47636686611452       0.0630964600841603      11.9332349076658        0.0630964600841607      0.000295505187101605    0.00028338809440811     -2.94995417767832e-05   -3.00196701464171e-05   
-3.09028150077895       1354.47977407191        -8.12010367980355       0.0631732806421112      11.9420078498487        0.0631732806421112      0.00028338809440811     0.000271177594496404    -2.98003858506769e-05   -3.0289328544615e-05    
-2.95468848080831       1355.48357302979        -7.76368512283068       0.0632468318580148      11.9533845715845        0.0632468318580148      0.000271177594496404    0.000258846886268498    -3.00196701464171e-05   -3.06733155561477e-05   
-2.81893953885104       1357.36175286084        -7.40688436016591       0.0633171190039735      11.9683078473478        0.0633171190039736      0.000258846886268498    0.000246341178922758    -3.0289328544615e-05    -3.10493644858619e-05   
-2.68295150543774       1360.37106739028        -7.04948142604742       0.0633841325320908      11.9879064080074        0.0633841325320908      0.000246341178922758    0.000233653200250825    -3.06733155561477e-05   -3.14434162216474e-05   
-2.5466056576136        1364.80527179234        -6.69116279262132       0.0634478662157955      12.0134634400529        0.0634478662157955      0.000233653200250825    0.000220761819080987    -3.10493644858619e-05   -3.18242797832608e-05   
-2.40974452837472       1370.98270306892        -6.33151304024603       0.0635083151549651      12.0463550212299        0.0635083151549648      0.000220761819080987    0.00020765484517942     -3.14434162216474e-05   -3.21977750768612e-05   
-2.27217319755923       1379.22386071045        -5.97001830723889       0.0635654723680768      12.0879427673048        0.0635654723680766      0.00020765484517942     0.000194314038758838    -3.18242797832608e-05   -3.24524155316111e-05   
-2.13367489865183       1389.81999720029        -5.6061073466222        0.0636193212881378      12.1394264646622        0.0636193212881376      0.000194314038758838    0.000180764487181351    -3.21977750768612e-05   -3.26092339565981e-05   
-1.99399651131949       1402.99331825728        -5.23911343268445       0.063669842390386       12.2016640564723        0.0636698423903857      0.000180764487181351    0.000167021168209535    -3.24524155316111e-05   -3.25751989725371e-05   
-1.85288004091272       1418.85275255731        -4.8683570869317        0.063717003569956       12.2749776578165        0.0637170035699565      0.000167021168209535    0.000153138585293211    -3.26092339565981e-05   -3.23284712365672e-05   
-1.71005840644808       1437.35121323472        -4.49313500118625       0.0637607664259657      12.3589788533909        0.0637607664259662      0.000153138585293211    0.000139183916571024    -3.25751989725371e-05   -3.18660304985183e-05   
-1.56527236683039       1458.25157703836        -4.11276449141773       0.0638010857169363      12.4524451322811        0.0638010857169359      0.000139183916571024    0.000125231971675302    -3.23284712365672e-05   -3.12025925542558e-05   
-1.41829898175812       1481.10884107622        -3.72665824533567       0.0638379073532418      12.5532790521501        0.0638379073532423      0.000125231971675302    0.000111360303308641    -3.18660304985183e-05   -3.03725502728214e-05   
-1.26897690723222       1505.27421443253        -3.33439074831784       0.0638711693508506      12.6585691838565        0.0638711693508504      0.000111360303308641    9.76417576428881e-05    -3.12025925542558e-05   -2.94074506422574e-05   
-1.11721823781021       1529.92241108775        -2.93572937100556       0.0639008063642296      12.7647480549111        0.0639008063642291      9.76417576428881e-05    8.41458882554197e-05    -3.03725502728214e-05   -2.84196747806988e-05   
-0.96300152900289       1554.10126408836        -2.5306160333216        0.0639267558203455      12.8678314690463        0.0639267558203449      8.41458882554197e-05    7.09006451219116e-05    -2.94074506422574e-05   -2.74381892613026e-05   
-0.80642061253779       1576.79495287695        -2.11929545698717       0.0639489527730784      12.9636919879045        0.0639489527730789      7.09006451219116e-05    5.79284725577535e-05    -2.84196747806988e-05   -2.65569464837379e-05   
-0.647656678537951      1596.99828096973        -1.70224186336431       0.063967338065303       13.0483542339317        0.0639673380653034      5.79284725577535e-05    4.52135956680098e-05    -2.74381892613026e-05   -2.58151157738397e-05   
-0.487007064834979      1613.78559576198        -1.28023465709533       0.063981856394698       13.118244181284         0.063981856394698       4.52135956680098e-05    3.27249340760166e-05    -2.65569464837379e-05   -2.52583332800129e-05   
-0.324859440742084      1626.37275438324        -0.854290668635609      0.0639924614476698      13.1703958295622        0.0639924614476696      3.27249340760166e-05    2.04110225489136e-05    -2.58151157738397e-05   -2.49187291408151e-05   
-0.161671417352023      1634.16658161948        -0.425610636346341      0.0639991178933909      13.2026019982492        0.0639991178933904      2.04110225489136e-05    8.20492537854485e-06    -2.52583332800129e-05   -2.48120565293196e-05   
0.0020452103510637      1636.79916078942        0.00446217863836776     0.0640018022860235      13.2135092658217        0.0640018022860238      8.20492537854485e-06    -3.96833392028233e-06   -2.49187291408151e-05   -2.49470740831076e-05   
0.165760810820119       1634.14628216463        0.434537504089173       0.0640005039805418      13.2026629660121        0.0640005039805417      -3.96833392028233e-06   -1.61881625669816e-05   -2.48120565293196e-05   -2.53163170342871e-05   
0.328945761722967       1626.33235708005        0.863224994215093       0.0639952247937688      13.1705166173489        0.0639952247937683      -1.61881625669816e-05   -2.85300336418779e-05   -2.49470740831076e-05   -2.59045664542826e-05   
0.491088299730053       1613.72555462379        1.28918118183854        0.0639859794565728      13.1184228083196        0.0639859794565727      -2.85300336418779e-05   -4.10615001049329e-05   -2.53163170342871e-05   -2.66810585628569e-05   
0.651730876647008       1596.91935596814        1.71120503047504        0.0639727949633244      13.0485883356728        0.0639727949633242      -4.10615001049329e-05   -5.38351646432454e-05   -2.59045664542826e-05   -2.76011172096113e-05   
0.810485921181722       1576.69818417181        2.12827935644055        0.0639557097557409      12.9639790341865        0.0639557097557413      -5.38351646432454e-05   -6.68835616390062e-05   -2.66810585628569e-05   -2.8625530362521e-05    
0.967056217263037       1553.98786022713        2.53962435364972        0.0639347718527465      12.868168692913         0.0639347718527471      -6.68835616390062e-05   -8.02237682381025e-05   -2.76011172096113e-05   -2.96622926344118e-05   
1.12126070086609        1529.79363989503        2.94476534809415        0.0639100338820186      12.7651324159595        0.0639100338820189      -8.02237682381025e-05   -9.38354413870949e-05   -2.8625530362521e-05    -3.06805453333263e-05   
1.2730056646145         1505.13134763579        3.34345712938617        0.0638815547587922      12.6589974986944        0.0638815547587923      -9.38354413870949e-05   -0.000107691780906793   -2.96622926344118e-05   -3.15690140745627e-05   
1.42231267655043        1480.95311605816        3.7357573047138         0.0638493917424436      12.5537481560548        0.0638493917424431      -0.000107691780906793   -0.000121724867888457   -3.06805453333263e-05   -3.22936916201694e-05   
1.56926977152005        1458.08416333356        4.1218980748253         0.0638136052489313      12.4529519404494        0.0638136052489307      -0.000121724867888457   -0.000135862428646145   -3.15690140745627e-05   -3.28182763011482e-05   
1.71403842140048        1437.17318887196        4.5023045764793         0.0637742528558106      12.3595203753161        0.06377425285581        -0.000135862428646145   -0.000150026765852645   -3.22936916201694e-05   -3.31258393787316e-05   
1.85684168111217        1418.66510043643        4.87756377466157        0.0637313847796816      12.2755509984562        0.0637313847796823      -0.000150026765852645   -0.000164142148046483   -3.28182763011482e-05   -3.32171517408763e-05   
1.99793888720846        1402.79693908148        5.24835801548025        0.0636850428564466      12.202266400434         0.0636850428564472      -0.000164142148046483   -0.000178139719485377   -3.31258393787316e-05   -3.31119477292113e-05   
2.13759720143148        1389.61573153354        5.61539027422695        0.0636352624843125      12.1400550402697        0.0636352624843127      -0.000178139719485377   -0.000191962611470325   -3.32171517408763e-05   -3.29010647364142e-05   
2.27607469419384        1379.01251390783        5.97933971296197        0.0635820731798463      12.08859480221          0.0635820731798458      -0.000191962611470325   -0.00020559273511696    -3.31119477292113e-05   -3.2563298176901e-05    
2.4136245625707         1370.76506904108        6.34087277186957        0.063525492381112       12.0470277073962        0.0635254923811117      -0.00020559273511696    -0.000219001955215512   -3.29010647364142e-05   -3.22090621707939e-05   
2.55046365687913        1364.58215587086        6.70056043409071        0.0634655349694521      12.0141539119568        0.0634655349694516      -0.000219001955215512   -0.000232205091005958   -3.2563298176901e-05    -3.18330721839684e-05   
2.68678698225709        1360.14330299816        7.05891631059308        0.0634022067370165      11.9886117411941        0.0634022067370169      -0.000232205091005958   -0.000245211155659793   -3.22090621707939e-05   -3.14668365050251e-05   
2.82275208980134        1357.13021098216        7.4163555658959         0.0633355118484679      11.9690250617705        0.0633355118484686      -0.000245211155659793   -0.000258038209877113   -3.18330721839684e-05   -3.10850017144362e-05   
2.95847778526189        1355.24916223666        7.77319146652045        0.063265456276051       11.9541106330722        0.063265456276051       -0.000258038209877113   -0.000270690658457279   -3.14668365050251e-05   -3.08102199873368e-05   
3.09404732325239        1354.24343317567        8.12964372448502        0.0631920498322722      11.9427396713278        0.0631920498322725      -0.000270690658457279   -0.000283220539966079   -3.10850017144362e-05   -3.05794679719278e-05   
3.22954662301184        1353.89978457882        8.485938956385          0.0631152880667428      11.9339693673978        0.063115288066743       -0.000283220539966079   -0.00029565224692867    -3.08102199873368e-05   -3.02610306161241e-05   
3.36504203455601        1354.04789173005        8.84225224297966        0.0630351653340208      11.9270443897741        0.0630351653340208      -0.00029565224692867    -0.000307955081814033   -3.05794679719278e-05   -3.017629838741e-05     
3.50055849920786        1354.55651997626        9.19864973113993        0.0629516911282703      11.9213830057122        0.0629516911282701      -0.000307955081814033   -0.000320227548398517   -3.02610306161241e-05   -2.99750955222139e-05   
3.63614951719037        1355.32853975338        9.55527270809096        0.0628648498015479      11.9165518700774        0.0628648498015473      -0.000320227548398517   -0.000332424455299992   -3.017629838741e-05     -2.97502529205096e-05   
3.77182363352688        1356.29306454062        9.91214434880962        0.0627746472197902      11.9122359119511        0.0627746472197898      -0.000332424455299992   -0.000344537883989083   -2.99750955222139e-05   -2.98555832502843e-05   
3.90757960471448        1357.40063558498        10.2692622638161        0.062681092076395       11.908215247163         0.0626810920763945      -0.000344537883989083   -0.000356703495713662   -2.97502529205096e-05   -2.95671899822207e-05   
4.04346963570342        1358.61830960275        10.6267649083285        0.0625841518656232      11.9043391679669        0.062584151865623       -0.000356703495713662   -0.000368761880275462   -2.98555832502843e-05   -2.96159158135755e-05   
4.17946744471451        1359.92308125344        10.9845844976811        0.0624838460847935      11.9005059063468        0.0624838460847935      -0.000368761880275462   -0.000380851026815315   -2.95671899822207e-05   -2.94180814528945e-05   
4.31559562248258        1361.30033852857        11.3427819997136        0.0623801579811422      11.896647299218         0.0623801579811428      -0.000380851026815315   -0.000392870915908167   -2.96159158135755e-05   -2.95141295560347e-05   
4.45184887080891        1362.74013085309        11.7013450912574        0.0622730906448451      11.8927176382568        0.0622730906448452      -0.000392870915908167   -0.000404942636157442   -2.94180814528945e-05   -2.93093008948079e-05   
4.58826516332018        1364.23767572004        12.0603753178451        0.0621626124787877      11.8886905618145        0.0621626124787881      -0.000404942636157442   -0.000416943588855311   -2.95141295560347e-05   -2.91402284352629e-05   
4.72482780554527        1365.7891213137         12.4198302579239        0.0620487351440032      11.8845479125175        0.0620487351440028      -0.000416943588855311   -0.000428889002033937   -2.93093008948079e-05   -2.93414286493489e-05   
4.86153439178432        1367.39285095249        12.7797049405808        0.0619314601053418      11.8802802854909        0.0619314601053415      -0.000428889002033937   -0.000440931226835821   -2.91402284352629e-05   -2.89277596738382e-05   
4.99843685143724        1369.04914378542        13.1401373172564        0.0618107408467988      11.8758818502777        0.0618107408467987      -0.000440931226835821   -0.000452818336874191   -2.93414286493489e-05   -2.89939571539357e-05   
5.13549036826159        1370.75727559547        13.5010105781472        0.0616866145317048      11.8713503638092        0.0616866145317048      -0.000452818336874191   -0.000464747772257931   -2.89277596738382e-05   -2.89592131773327e-05   
5.27271978220347        1372.51653781387        13.8623913224695        0.0615590563320243      11.8666776358507        0.0615590563320239      -0.000464747772257931   -0.000476678491549255   -2.89939571539357e-05   -2.88210728133525e-05   
5.41014261177781        1374.32705731352        14.2243270226319        0.0614280450243259      11.8618593507935        0.0614280450243264      -0.000476678491549255   -0.000488568532456191   -2.89592131773327e-05   -2.87636282643173e-05   
5.54775169696215        1376.18779762585        14.5868003569294        0.0612935808691649      11.8568881573074        0.0612935808691655      -0.000488568532456191   -0.000500451538972362   -2.88210728133525e-05   -2.88246148071478e-05   
5.68555202194412        1378.09786981804        14.9498262079282        0.0611556513326144      11.8517560463144        0.0611556513326148      -0.000500451538972362   -0.000512376819875069   -2.87636282643173e-05   -2.86711595118965e-05   
5.82356263805688        1380.06108370673        15.3134567417806        0.0610142281821151      11.8464735868626        0.0610142281821144      -0.000512376819875069   -0.000524255817325768   -2.88246148071478e-05   -2.85762007272189e-05   
5.96176898302836        1382.07805619577        15.6776556971708        0.0608693169401568      11.8410407227445        0.0608693169401562      -0.000524255817325768   -0.000536113016901445   -2.86711595118965e-05   -2.87279751897142e-05   
6.10017212989543        1384.14974627282        16.04242806234          0.0607209078829885      11.8354572675847        0.0607209078829886      -0.000536113016901445   -0.000548051439080112   -2.85762007272189e-05   -2.85454665818514e-05   
6.23880789176528        1386.27842708144        16.4078704036383        0.0605689534532574      11.82972481528          0.0605689534532577      -0.000548051439080112   -0.000559932461204172   -2.87279751897142e-05   -2.82491621053086e-05   
6.37765938018486        1388.46357656181        16.7739403381803        0.0604134632766657      11.8238384414428        0.0604134632766653      -0.000559932461204172   -0.000571709002853322   -2.85454665818514e-05   -2.87434930449938e-05   
6.51670968342544        1390.70560560504        17.1405953398971        0.0602544495807564      11.817797369124         0.0602544495807569      -0.000571709002853322   -0.000583711234507452   -2.82491621053086e-05   -2.8056819070698e-05    
6.65603252949944        1393.00714371292        17.5080318851034        0.0600918203122928      11.8115998756686        0.0600918203122924      -0.000583711234507452   -0.000595446343719131   -2.87434930449938e-05   -2.82494692597501e-05   
6.79556160997107        1395.36725246593        17.8760771700611        0.0599256457018528      11.8052448510003        0.0599256457018534      -0.000595446343719131   -0.000607282258687721   -2.8056819070698e-05    -2.82176145803455e-05   
6.93533202059812        1397.7868186382         18.2448258658993        0.0597558785195977      11.7987272852371        0.0597558785195973      -0.000607282258687721   -0.000619125574572267   -2.82494692597501e-05   -2.80624897886522e-05   
7.07536681797239        1400.26852683671        18.6143410262021        0.0595824838404675      11.7920507739015        0.0595824838404679      -0.000619125574572267   -0.00063092491610325    -2.82176145803455e-05   -2.76487285022386e-05   
7.21565447086424        1402.81176215317        18.9845945447925        0.0594054689829667      11.7852089944367        0.0594054689829671      -0.00063092491610325    -0.00064257162712411    -2.80624897886522e-05   -2.82481642661955e-05   
7.35617249240979        1405.41700390204        19.3555294787136        0.0592248566523113      11.778201659055         0.0592248566523107      -0.00064257162712411    -0.000654493233873687   -2.76487285022386e-05   -2.74707153741226e-05   
7.49700349804248        1408.08717696432        19.7273664722678        0.0590405327923984      11.7710249586373        0.0590405327923989      -0.000654493233873687   -0.000666109080602551   -2.82481642661955e-05   -2.77009815643815e-05   
7.6380801969197         1410.82135211963        20.0999305238846        0.0588525766610084      11.7636779807315        0.0588525766610091      -0.000666109080602551   -0.000677845306524708   -2.74707153741226e-05   -2.76212844601989e-05   
7.77943619021301        1413.62090261277        20.4733131077511        0.0586609351506627      11.7561561246147        0.0586609351506627      -0.000677845306524708   -0.000689571329748308   -2.77009815643815e-05   -2.76742154491949e-05   
7.92109070691243        1416.48820492173        20.8475679010031        0.0584655711928891      11.7484603238566        0.0584655711928895      -0.000689571329748308   -0.000701343940458998   -2.76212844601989e-05   -2.69984040594184e-05   
8.06305004334322        1419.42319877642        21.2227145344087        0.0582664633474729      11.7405827358256        0.0582664633474736      -0.000701343940458998   -0.000712853163348644   -2.76742154491949e-05   -2.79382686860985e-05   
8.205266304663          1422.42567802065        21.5986294967865        0.0580636667553064      11.7325225017741        0.0580636667553066      -0.000712853163348644   -0.000724788607480643   -2.69984040594184e-05   -2.69868234867739e-05   
8.34784601672059        1425.49828042925        21.9755975697275        0.0578570150830016      11.7242679594924        0.057857015083001       -0.000724788607480643   -0.000736342875320401   -2.79382686860985e-05   -2.7298291169516e-05    
8.49071017824996        1428.63861345851        22.3534131989277        0.0576466074611856      11.7158133416575        0.0576466074611854      -0.000736342875320401   -0.000748056737643308   -2.69868234867739e-05   -2.74036710407339e-05   
8.63389574718062        1431.84563064926        22.7321774804454        0.0574323758840344      11.707141443535         0.057432375884035       -0.000748056737643308   -0.000759842252211881   -2.7298291169516e-05    -2.68739885904175e-05   
8.77742870551675        1435.12040384217        23.1119626616191        0.0572142663697869      11.69824495798          0.0572142663697867      -0.000759842252211881   -0.000771426562257388   -2.74036710407339e-05   -2.72451227150088e-05   
8.92126878592864        1438.45855686256        23.4926657623052        0.0569923261350966      11.6891045568463        0.0569923261350963      -0.000771426562257388   -0.000783197932541383   -2.68739885904175e-05   -2.68268015793214e-05   
9.06545777384927        1441.86164504371        23.8744010491713        0.0567664771469883      11.6797121912666        0.0567664771469885      -0.000783197932541383   -0.000794815605149608   -2.72451227150088e-05   -2.6930542033066e-05    
9.20997512182531        1445.32910044218        24.2571179020669        0.0565367375842218      11.6700608449241        0.0565367375842215      -0.000794815605149608   -0.000806506251508978   -2.68268015793214e-05   -2.69246214085942e-05   
9.35484668741282        1448.86281940074        24.640888676163         0.0563030520160663      11.6601457026963        0.0563030520160668      -0.000806506251508978   -0.000818222960638565   -2.6930542033066e-05    -2.6637529678135e-05    
9.50008715501214        1452.46705324958        25.025756291607         0.0560653806386825      11.6499726899239        0.0560653806386818      -0.000818222960638565   -0.000829843627580463   -2.69246214085942e-05   -2.67922613032889e-05   
9.64567991931477        1456.14273332377        25.4116808136892        0.0558237337771132      11.6395392439266        0.0558237337771133      -0.000829843627580463   -0.000841561045773009   -2.6637529678135e-05    -2.67526342207057e-05   
9.79164524006972        1459.89219124266        25.7987200496101        0.0555780595818739      11.6288416726113        0.0555780595818738      -0.000841561045773009   -0.000853289970265372   -2.67922613032889e-05   -2.6433219459071e-05    
9.93797536805252        1463.71454578412        26.1868575406716        0.0553283508844748      11.6178678468307        0.0553283508844741      -0.000853289970265372   -0.000864906739913937   -2.67526342207057e-05   -2.6446914255781e-05    
10.0846342927354        1467.6137862547         26.5760017639642        0.0550746491479297      11.6066298842976        0.05507464914793        -0.000864906739913937   -0.000876557767737417   -2.6433219459071e-05    -2.69332836142251e-05   
10.2316431763783        1471.59888577065        26.9662127620716        0.0548168978497382      11.5951488273529        0.054816897849738       -0.000876557767737417   -0.000888452965986074   -2.6446914255781e-05    -2.5994206574935e-05    
10.3790653129839        1475.68703721152        27.3576624845136        0.054554963869593       11.5834690398214        0.0545549638695928      -0.000888452965986074   -0.000899964260592831   -2.69332836142251e-05   -2.69488571779969e-05   
10.52685277904          1479.89417477863        27.7502275855575        0.0542889116959291      11.5716495636157        0.0542889116959284      -0.000899964260592831   -0.000911931860203839   -2.5994206574935e-05    -2.60266690483451e-05   
10.6751062417359        1484.25075921083        28.1441795122909        0.054018541402855       11.559776604578         0.0540185414028544      -0.000911931860203839   -0.00092352330846754    -2.69488571779969e-05   -2.59964608939164e-05   
10.823773462603         1488.78905154252        28.53938372841          0.0537439339263694      11.547970991795         0.0537439339263688      -0.00092352330846754    -0.000935136075369444   -2.60266690483451e-05   -2.60978552510939e-05   
10.972880838666         1493.53461322826        28.935914860808         0.0534650339455089      11.5363107039644        0.0534650339455096      -0.000935136075369444   -0.000946830741503151   -2.59964608939164e-05   -2.53782871650351e-05   
11.1224895544726        1498.48822842209        29.3339404704469        0.0531817222815832      11.5247693256861        0.0531817222815838      -0.000946830741503151   -0.000958241832765608   -2.60978552510939e-05   -2.62209801782844e-05   
11.2726067945821        1503.62650178474        29.7334849982428        0.0528939796187244      11.5132379994781        0.0528939796187244      -0.000958241832765608   -0.000970073991602512   -2.53782871650351e-05   -2.47260735325143e-05   
11.4233273665333        1508.92396477448        30.1348067838961        0.0526016140703434      11.5015822140956        0.0526016140703432      -0.000970073991602512   -0.000981271540644373   -2.62209801782844e-05   -2.48990486561637e-05   
11.5745385669286        1514.35444042486        30.5376122608315        0.0523048332880685      11.4897096384452        0.0523048332880681      -0.000981271540644373   -0.000992588439688495   -2.47260735325143e-05   -2.54117035823388e-05   
11.72628582076          1519.89833842963        30.9420292758058        0.0520035376165664      11.4775208135934        0.0520035376165669      -0.000992588439688495   -0.00100418217346463    -2.48990486561637e-05   -2.50022804464572e-05   
11.87867094603          1525.54094118429        31.3483365783346        0.0516975063066642      11.4649220398534        0.0516975063066637      -0.00100418217346463    -0.00101563374565568    -2.54117035823388e-05   -2.36861727192675e-05   
12.0316669701597        1531.2696103997         31.756469891337         0.0513867681669007      11.4518554879861        0.0513867681669009      -0.00101563374565568    -0.00102652615024486    -2.50022804464572e-05   -2.65356203439047e-05   
12.1851996334035        1537.080645506          32.1662384409818        0.0510714472000703      11.4383079335195        0.0510714472000698      -0.00102652615024486    -0.00103877729628664    -2.36861727192675e-05   -2.24378761773862e-05   
12.3394839899187        1542.99226033933        32.5782234484276        0.0507510649391597      11.4242797296738        0.0507510649391598      -0.00103877729628664    -0.00104917851822823    -2.65356203439047e-05   -2.64255886623234e-05   
12.494227556358         1549.00671878302        32.9916504214836        0.0504261889854856      11.4098280399794        0.0504261889854861      -0.00104917851822823    -0.00106147928379411    -2.24378761773862e-05   -2.38424111001482e-05   
12.6497519218249        1555.15420923399        33.4073845340136        0.0500960976446357      11.3949665143761        0.0500960976446354      -0.00106147928379411    -0.00107262540771849    -2.64255886623234e-05   -2.56520285372119e-05   
12.8059055180557        1561.44386046689        33.8250264272671        0.0497610550445174      11.3797403228733        0.0497610550445172      -0.00107262540771849    -0.00108467023342105    -2.38424111001482e-05   -2.39081706959868e-05   
12.9627889775178        1567.88905286788        34.2448506467755        0.0494207856045649      11.3641474774491        0.0494207856045653      -0.00108467023342105    -0.00109594504627622    -2.56520285372119e-05   -2.60977847927478e-05   
13.1202839283126        1574.49503975217        34.6665459524491        0.0490754864815219      11.3482091126442        0.0490754864815225      -0.00109594504627622    -0.00110830627687905    -2.39081706959868e-05   -2.38876659666054e-05   
13.2785500513821        1581.27246570478        35.0905461348013        0.0487247503661443      11.3318949689452        0.0487247503661438      -0.00110830627687905    -0.00111967080175388    -2.60977847927478e-05   -2.565915152192e-05     
13.437445581127         1588.22839971359        35.516478947419         0.0483688427192788      11.3152382261001        0.0483688427192785      -0.00111967080175388    -0.00113193360675564    -2.38876659666054e-05   -2.43745128561964e-05   
13.597124628016         1595.36542901549        35.9447665399981        0.048007381536006       11.298179561335         0.0480073815360054      -0.00113193360675564    -0.00114363632382961    -2.565915152192e-05     -2.41251153852753e-05   
13.7575324615182        1602.69536148091        36.3752733452719        0.0476404643749573      11.2807469664425        0.0476404643749575      -0.00114363632382961    -0.00115527549653596    -2.43745128561964e-05   -2.44465778348002e-05   
13.9187053012038        1610.21840736359        36.8081093144666        0.0472679954598556      11.2629034421738        0.0472679954598555      -0.00115527549653596    -0.00116713040878853    -2.41251153852753e-05   -2.5065026641106e-05    
14.0807658023362        1617.95060567439        37.2436183721214        0.0468896806139482      11.2446422167194        0.0468896806139482      -0.00116713040878853    -0.00117934833155678    -2.44465778348002e-05   -2.26070686621658e-05   
14.2437540084904        1625.88982449632        37.6819235634047        0.0465054107715842      11.2259130406351        0.0465054107715848      -0.00117934833155678    -0.00119042055227289    -2.5065026641106e-05    -2.09732994164351e-05   
14.4073818018733        1634.04522514731        38.1222648756649        0.0461158531087031      11.2067977567093        0.0461158531087028      -0.00119042055227289    -0.00120074165484651    -2.26070686621658e-05   -2.81027747764299e-05   
14.5716254707804        1642.39717573279        38.5645910933545        0.04572105073257        11.1872043420678        0.0457210507325695      -0.00120074165484651    -0.00121464020163008    -2.09732994164351e-05   -1.87644159501955e-05   
14.7371078744732        1651.01530058445        39.0105933337162        0.0453194595403886      11.1671483315571        0.0453194595403877      -0.00121464020163008    -0.00122397016377513    -2.81027747764299e-05   -2.69295963884717e-05   
14.9031506751313        1659.85066648673        39.4584553267957        0.0449126698005193      11.1466231734167        0.0449126698005197      -0.00122397016377513    -0.00123742972405867    -1.87644159501955e-05   -2.03778596923222e-05   
15.070287990411         1668.95909145573        39.9096292182497        0.0444993151944281      11.1256113432997        0.0444993151944285      -0.00123742972405867    -0.00124766518598312    -2.69295963884717e-05   -2.445829687441e-05     
15.2380563471046        1678.30913126795        40.3628757291777        0.0440804822204399      11.1041040326883        0.0440804822204402      -0.00124766518598312    -0.00126001331265739    -2.03778596923222e-05   -2.24193880616947e-05   
15.4067691274849        1687.93152072282        40.819054410371         0.0436553389880494      11.082059279587         0.0436553389880496      -0.00126001331265739    -0.0012713929465628     -2.445829687441e-05     -2.38849836863687e-05   
15.5763986077201        1697.83520658062        41.2781060865039        0.0432239051766188      11.0594656271423        0.0432239051766177      -0.0012713929465628     -0.00128358726548771    -2.24193880616947e-05   -2.20082403630622e-05   
15.7471058112482        1708.04275685631        41.7404848047737        0.0427857241781534      11.0362921218547        0.0427857241781531      -0.00128358726548771    -0.00129489158360289    -2.38849836863687e-05   -2.35078249735361e-05   
15.9188063079908        1718.5604192548         42.2059817918905        0.0423409652931826      11.0125312762253        0.0423409652931825      -0.00129489158360289    -0.00130704133183784    -2.20082403630622e-05   -2.18666364925297e-05   
16.0916419302168        1729.41163938739        42.6750020094416        0.0418892065624962      10.9881512999142        0.0418892065624972      -0.00130704133183784    -0.00131841498331382    -2.35078249735361e-05   -2.34702995728298e-05   
16.2655394238674        1740.60571823467        43.1473663667551        0.041430570651451       10.9631418995378        0.0414305706514521      -0.00131841498331382    -0.0013307028741306     -2.18666364925297e-05   -2.215956631885e-05     
16.4406471317132        1752.1691389138         43.6234958792957        0.0409645796612112      10.9374640777277        0.0409645796612122      -0.0013307028741306     -0.00134238256173291    -2.34702995728298e-05   -2.34381111539053e-05   
16.6169024252192        1764.11319898166        44.103236300988         0.0404912966076623      10.9110976219519        0.0404912966076624      -0.00134238256173291    -0.00135482149754406    -2.215956631885e-05     -2.26417744674367e-05   
16.7944229887489        1776.46208714742        44.5869222192606        0.0400102908245441      10.8839916655567        0.0400102908245436      -0.00135482149754406    -0.00136692311003789    -2.34381111539053e-05   -2.37234023376354e-05   
16.9731917450215        1789.23358873232        45.0745207134291        0.0395214877317725      10.8561175784562        0.0395214877317721      -0.00136692311003789    -0.00137969557645533    -2.26417744674367e-05   -2.295095054322e-05     
17.1533210692943        1802.462005714          45.5663524417894        0.039024457443536       10.8274421291132        0.0390244574435362      -0.00137969557645533    -0.00139214476278387    -2.37234023376354e-05   -2.36367298131119e-05   
17.3347863539039        1816.16958650501        46.0623657336327        0.0385191413322148      10.797939076961         0.0385191413322151      -0.00139214476278387    -0.00140506498140568    -2.295095054322e-05     -2.3984963193191e-05    
17.517679859555         1830.38498771005        46.5628299024673        0.0380051420606231      10.7675470344575        0.0380051420606224      -0.00140506498140568    -0.00141827974360226    -2.36367298131119e-05   -2.3986635161334e-05    
17.7020652863034        1845.13908240338        47.0679378145379        0.0374821075923321      10.7362083320463        0.037482107592331       -0.00141827974360226    -0.00143160411649814    -2.3984963193191e-05    -2.51921503509013e-05   
17.8879627102251        1860.46402860106        47.5777623062152        0.0369497626333054      10.7038703471075        0.0369497626333055      -0.00143160411649814    -0.00144571732267723    -2.3986635161334e-05    -2.59711955197386e-05   
18.0754865824581        1876.40552705977        48.0926314887017        0.0364075016139608      10.6704605691658        0.0364075016139615      -0.00144571732267723    -0.00146039573625274    -2.51921503509013e-05   -2.74156598574042e-05   
18.2647033037264        1893.00750965525        48.6127339046803        0.0358547858387022      10.6358966750767        0.0358547858387026      -0.00146039573625274    -0.00147603203281567    -2.59711955197386e-05   -2.82268407360663e-05   
18.4556857163721        1910.31981654614        49.1382617048529        0.0352909836765781      10.6000837624657        0.035290983676577       -0.00147603203281567    -0.00149228223628497    -2.74156598574042e-05   -3.08691431942348e-05   
18.648447159654         1928.39246091121        49.669220810697         0.0347155584048854      10.5629242403405        0.0347155584048852      -0.00149228223628497    -0.0015102262897588     -2.82268407360663e-05   -3.26681252670337e-05   
18.8431435241785        1947.31355772604        50.2059765368328        0.0341274426725802      10.5243235575842        0.0341274426725793      -0.0015102262897588     -0.00152940834346304    -3.08691431942348e-05   -3.64290897689488e-05   
19.0398338684529        1967.15733216216        50.748577767311         0.0335256960367442      10.4841403060783        0.0335256960367448      -0.00152940834346304    -0.00155102484635415    -3.26681252670337e-05   -4.09119772761387e-05   
19.2386580225117        1988.01755226024        51.2972210987952        0.0329088652441394      10.4421742412134        0.0329088652441404      -0.00155102484635415    -0.00157556937888832    -3.64290897689488e-05   -4.90434393186214e-05   
19.4397041688279        2010.02343596428        51.8518444414234        0.0322752060852867      10.3982306693658        0.032275206085286       -0.00157556937888832    -0.00160533236798806    -4.09119772761387e-05   -6.10177360978186e-05   
19.6431434900833        2033.35346059009        52.4124277017255        0.0316219404947856      10.3520192986398        0.031621940494785       -0.00160533236798806    -0.00164281105638026    -4.90434393186214e-05   -8.14876719423489e-05   
19.8490882818214        2058.2494963763         52.9784787468094        0.0309451296033141      10.3031384717894        0.0309451296033145      -0.00164281105638026    -0.00169350471846939    -6.10177360978186e-05   -0.000115652180270565   
20.0577261854966        2085.10215204688        53.5491854622526        0.030238243512092       10.2510021153365        0.0302382435120928      -0.00169350471846939    -0.00176643945200074    -8.14876719423489e-05   -0.000170332652124947   
20.2693259249786        2114.53397410881        54.1230393459196        0.0294904261553407      10.1946479436038        0.0294904261553413      -0.00176643945200074    -0.00187547045260478    -0.000115652180270565   -0.000256580994437844   
20.4841831243751        2147.56008123156        54.6970128210667        0.0286839973788912      10.1325060852895        0.0286839973788904      -0.00187547045260478    -0.00204250302319497    -0.000170332652124947   -0.000382137586555236   
20.7028439063458        2185.92637195735        55.2660737682213        0.0277898608930536      10.062023471048         0.0277898608930545      -0.00204250302319497    -0.00229622241073867    -0.000256580994437844   -0.000531213195511042   
20.9261952897758        2232.58588716904        55.8219117609165        0.0267630160615509      9.97920604366039        0.026763016061551       -0.00229622241073867    -0.00265738202994578    -0.000382137586555236   -0.000652440616332855   
21.1552092426202        2292.04033730726        56.3511210638308        0.0255436208044774      9.87817537510032        0.0255436208044769      -0.00265738202994578    -0.00311416454199743    -0.000531213195511042   -0.000622871113817858   
21.3915717334432        2370.6390694428         56.8381195009453        0.0240677220759779      9.75157100726205        0.0240677220759783      -0.00311416454199743    -0.00356656451495077    -0.000652440616332855   -0.000316255834634114   
21.6376945503758        2475.43506779183        57.2729322332672        0.02230717410496        9.5933971253458         0.0223071741049598      -0.00356656451495077    -0.00380686672722024    -0.000622871113817858   0.000202351492599821    
21.8963378625471        2609.8653332054         57.6665463506227        0.020332962637079       9.40445765828393        0.0203329626370789      -0.00380686672722024    -0.00364481881042828    -0.000316255834634114   0.000604041582474913    
22.1701128615701        2768.35760341994        58.0622561202254        0.0183339950678536      9.19737776462728        0.018333995067853       -0.00364481881042828    -0.00313257828308428    0.000202351492599821    0.000617896028297802    
22.4608012748045        2937.22511614581        58.5170170247362        0.0165114209085788      8.99052836748512        0.0165114209085784      -0.00313257828308428    -0.00257647538372133    0.000604041582474913    0.00035086042574806     
22.7692750602776        3108.31560350189        59.0559478562697        0.0149197708095709      8.79160171300441        0.0149197708095716      -0.00257647538372133    -0.00224075737443671    0.000617896028297802    0.000128479495853324    
23.0971642505762        3291.8071022285         59.656059945569         0.0134470084858983      8.58923338038256        0.013447008485898       -0.00224075737443671    -0.00210959570007415    0.00035086042574806     0.000103107794310883    
23.4474339872119        3509.26564565838        60.2860485465408        0.0119646064987954      8.36530359581007        0.0119646064987949      -0.00210959570007415    -0.00199656745305415    0.000128479495853324    0.000169190288554186    
23.8243949791583        3776.47201575705        60.955882986949         0.0104529355628796      8.11122870220929        0.0104529355628791      -0.00199656745305415    -0.00179573099672288    0.000103107794310883    0.000203913443929402    
24.2344730956978        4098.00794615357        61.722936884538         0.00897427775812566     7.82907631458827        0.0089742777581259      -0.00179573099672288    -0.00153134551860736    0.000169190288554186    0.000191024025214518    
24.684214790468         4472.55893368251        62.6571077516947        0.00759141484923722     7.52252731281693        0.00759141484923691     -0.00153134551860736    -0.00125880899870483    0.000203913443929402    0.000154568999450976    
25.180728911457         4896.73371501052        63.8180502044966        0.00633662974995923     7.19128970076115        0.00633662974995906     -0.00125880899870483    -0.00101438883967215    0.000191024025214518    0.000110396656944402    
25.7315657896726        5364.08567141441        65.2336363423763        0.00521251103341955     6.82646269386708        0.0052125110334193      -0.00101438883967215    -0.000806746857747503   0.000154568999450976    -0.000707158819372589   
26.3497246869332        5932.93127066153        66.829316928822         0.00411759701418423     6.38088552964192        0.00411759701418446     -0.000806746857747503   -0.00242220511288769    0.000110396656944402    -0.000707158819372589   
27.2769630328241        5932.93127066153        66.829316928822         1e-09                   6.38088552964192        9.99999935573834e-10    -0.00242220511288769    -0.00242220511288769    -0.000707158819372589   -0.000707158819372589   
