x                       V                     vel                       p                      cs                  dd1[i]             dd2_left[i]            dd2_right[i]             dd3_left[i]            dd3_right[i]
-16.5120073421443       4355.7170954053         -63.3242052061998       0.00692376963704393     7.08966169535148        0.00692376963704393     0.00499302573740093     0.00499302573740093     -0.000924535012759007   -0.000924535012759007   
-16.0887503106669       3341.13047168301        -62.8275446331321       0.0114876825012314      7.99810874039232        0.0114876825012314      0.00499302573740093     0.00384256877049412     -0.000924535012759007   -0.00103194410521917    
-15.7420348242137       3017.65017098689        -61.8868686318214       0.0142362392791911      8.4616773253555         0.0142362392791911      0.00384256877049412     0.00279065148411641     -0.000924535012759007   -7.55436501252999e-05   
-15.4281398295032       2863.42075585935        -60.7193435272303       0.0160065410855284      8.74008600013155        0.0160065410855284      0.00279065148411641     0.00272111169280977     -0.00103194410521917    0.000515082944357724    
-15.1339080112987       2738.65220605585        -59.5602322345793       0.0176125939935551      8.96611857632345        0.0176125939935551      0.00272111169280977     0.00316440503149274     -7.55436501252999e-05   0.000818528553896157    
-14.855827844356        2611.5928823236         -58.5056226236499       0.0193737807901023      9.18299406649132        0.0193737807901023      0.00316440503149274     0.00382907296025314     0.000515082944357724    0.0009760377308173      
-14.5930964999152       2479.93054332608        -57.5821673665388       0.0213873822518881      9.40205850583154        0.0213873822518881      0.00382907296025314     0.00457771564296488     0.000818528553896157    0.00102007609362516     
-14.3448957704448       2348.42391155772        -56.7791677010332       0.0236607514699529      9.62336345545412        0.0236607514699529      0.00457771564296488     0.00531641337428941     0.0009760377308173      0.00100339184246269     
-14.1107955312461       2222.69519904097        -56.0729995344513       0.0261525193390821      9.84285520718826        0.0261525193390822      0.00531641337428941     0.00600252937249969     0.00102007609362516     0.000951570959851967    
-13.8898099357552       2106.21644211656        -55.4382138919502       0.0288095160559808      10.056430480587         0.0288095160559808      0.00600252937249969     0.00661776079816271     0.00100339184246269     0.000889983432997392    
-13.6805889993305       2000.38149192185        -54.8535779047138       0.0315823575607113      10.2613159922518        0.0315823575607113      0.00661776079816271     0.00716314521416902     0.000951570959851967    0.000932745151966874    
-13.4820165491786       1905.21689530177        -54.3052265537102       0.034431137688869       10.4561612816953        0.034431137688869       0.00716314521416902     0.0077064060048961      0.000889983432997392    0.00110629558379335     
-13.292983146332        1819.34507741209        -53.7874534795166       0.0373482858241934      10.6418529060205        0.0373482858241934      0.0077064060048961      0.00832044688252735     0.000932745151966874    0.00116815762542078     
-13.1125514320073       1740.85648510769        -53.3003101987522       0.0403539590863834      10.820539987704         0.0403539590863834      0.00832044688252735     0.00893988218928424     0.00110629558379335     0.000803940992179388    
-12.9399694580676       1668.97064070096        -52.8402922412582       0.0434429952686363      10.9928070154583        0.0434429952686363      0.00893988218928424     0.00934818843132847     0.00116815762542078     0.000229833285962194    
-12.7744964648132       1604.35830992275        -52.3943422038992       0.0465407420049459      11.1555685784878        0.046540742004946       0.00934818843132847     0.00946028775929779     0.000803940992179388    0.000244401565181759    
-12.6152763946533       1547.59142736193        -51.948577976581        0.0495558722778896      11.3057686685975        0.0495558722778896      0.00946028775929779     0.00957507062867073     0.000229833285962194    0.00148103487464114     
-12.4617606572125       1497.16030313336        -51.5054367004193       0.0524983119305047      11.4454058180465        0.0524983119305047      0.00957507062867073     0.0102462829805124      0.000244401565181759    0.00332392162756008     
-12.3134079310742       1449.35574105671        -51.0861096151535       0.0555397884124184      11.5828113450214        0.0555397884124183      0.0102462829805124      0.0117015920248968      0.00148103487464114     0.00420125204333795     
-12.1699550074183       1400.94363599753        -50.7142345742116       0.0588969131066273      11.726839272699         0.0588969131066273      0.0117015920248968      0.0134787866339957      0.00332392162756008     0.00297711430680295     
-12.0314241875847       1351.76483437148        -50.3930413287328       0.0626320553280364      11.8788193785444        0.0626320553280365      0.0134787866339957      0.0146952115951649      0.00420125204333795     8.96099806911831e-05    
-11.8977134600365       1304.66211342129        -50.0984546776901       0.0665644952054245      12.0308059437381        0.0665644952054245      0.0146952115951649      0.0147305990675008      0.00297711430680295     -0.0028100241405882     
-11.7684655642277       1263.00960852349        -49.7954604220558       0.0703765489421394      12.1714322307501        0.0703765489421395      0.0147305990675008      0.0136555897959458      8.96099806911831e-05    -0.00440514958907671    
-11.6431026730462       1228.52447584498        -49.4588558817796       0.0738052351055305      12.2930561546372        0.0738052351055305      0.0136555897959458      0.0120168928410119      -0.0028100241405882     -0.00459064083555761    
-11.5209103935954       1200.96214152623        -49.0806876405016       0.0767456529798513      12.3941265495335        0.0767456529798513      0.0120168928410119      0.010349094241524       -0.00440514958907671    -0.00392695881992137    
-11.4012771171922       1179.0353397121         -48.6657212786623       0.0792245353686733      12.4772143640542        0.0792245353686733      0.010349094241524       0.00895001257139651     -0.00459064083555761    -0.0030276950198693     
-11.2836829365054       1161.27197956218        -48.223472245899        0.0813310402809314      12.5464110503687        0.0813310402809313      0.00895001257139651     0.00788860513023665     -0.00392695881992137    -0.00220494491745573    
-11.1677778807823       1146.44389432706        -47.7634079139901       0.0831608214852337      12.6055025047906        0.0831608214852338      0.00788860513023665     0.00712608071061505     -0.0030276950198693     -0.00158326262899018    
-11.0532772938919       1133.64644462803        -47.2927324548737       0.0847932290231394      12.6573787841067        0.0847932290231394      0.00712608071061505     0.00658499198292405     -0.00220494491745573    -0.00114065581901181    
-10.9400333552468       1122.28261659639        -46.8166438477566       0.0862850766637933      12.704083438765         0.0862850766637933      0.00658499198292405     0.0061992754243896      -0.00158326262899018    -0.000843634176439152   
-10.8279164414642       1111.95953896092        -46.3384338076455       0.0876754567446054      12.7469970620482        0.0876754567446055      0.0061992754243896      0.00591674129938279     -0.00114065581901181    -0.000641303944093575   
-10.7168320820616       1102.42265462542        -45.8601721047428       0.0889902797635021      12.7870312199991        0.0889902797635021      0.00591674129938279     0.00570387095777955     -0.000843634176439152   -0.000509792707529209   
-10.6066761031719       1093.50089004791        -45.3829965240623       0.0902470306856771      12.8247942399978        0.0902470306856771      0.00570387095777955     0.00553605761780206     -0.000641303944093575   -0.000419440540004445   
-10.4974064475514       1085.08250401716        -44.9077530110905       0.0914569880752803      12.8606880084616        0.0914569880752801      0.00553605761780206     0.00539907013760616     -0.000509792707529209   -0.000351053986974899   
-10.3889829527503       1077.09020771531        -44.4349471413709       0.0926279540149502      12.8950030522296        0.09262795401495        0.00539907013760616     0.00528527881090736     -0.000419440540004445   -0.000309760512083827   
-10.281333816153        1069.46634137118        -43.9647263678739       0.0937658501396477      12.927968433749         0.0937658501396476      0.00528527881090736     0.00518559833770569     -0.000351053986974899   -0.000273823371895719   
-10.174464818587        1062.17004206104        -43.4974360732037       0.094874335051827       12.9597245632069        0.0948743350518273      0.00518559833770569     0.00509809452441495     -0.000309760512083827   -0.000244307856119906   
-10.0683275490839       1055.16348923711        -43.0330921906985       0.0959566804784767      12.9903801451484        0.0959566804784769      0.00509809452441495     0.00502054759522671     -0.000273823371895719   -0.000233146604118841   
-9.96286325562628       1048.41853588097        -42.5716014684622       0.0970155725362898      13.0200438117639        0.09701557253629        0.00502054759522671     0.00494702201403421     -0.000244307856119906   -0.00020833349177511    
-9.85810577993641       1041.91921286857        -42.1132299778826       0.0980522765363047      13.0487899048582        0.0980522765363049      0.00494702201403421     0.00488173626759441     -0.000233146604118841   -0.000208048524366823   
-9.75396257208446       1035.64294956051        -41.657656651947        0.099068949177051       13.0767005736399        0.0990689491770512      0.00488173626759441     0.00481693940991612     -0.00020833349177511    -0.000189271484902453   
-9.6504855434543        1029.57916566259        -41.2051669891635       0.100066057340335       13.1038116482449        0.100066057340335       0.00481693940991612     0.00475834092029562     -0.000208048524366823   -0.000190452361618863   
-9.54758210046914       1023.70925737692        -40.7553962040375       0.101045276708375       13.1301805763526        0.101045276708375       0.00475834092029562     0.00469971753544083     -0.000189271484902453   -0.000179362232920578   
-9.4452858511248        1018.02428468705        -40.3085190738742       0.102006937809148       13.1558314000721        0.102006937809148       0.00469971753544083     0.0046448152323869      -0.000190452361618863   -0.000176514209382845   
-9.34353970813282       1012.51103726092        -39.8643064584699       0.10295214608537        13.1808057556645        0.10295214608537        0.0046448152323869      0.00459107575218068     -0.000179362232920578   -0.000175392775025078   
-9.24233324842588       1007.15994700846        -39.4227286186034       0.103881505013717       13.2051310156806        0.103881505013717       0.00459107575218068     0.00453794220629135     -0.000176514209382845   -0.000151748571451704   
-9.14163777193385       1001.96138467568        -38.9836728224418       0.104795737151619       13.2288373074725        0.10479573715162        0.00453794220629135     0.00449219289794244     -0.000175392775025078   -0.000187204363194998   
-9.04130711884432       996.899895611011        -38.546511570015        0.1056965566562         13.2519738339243        0.1056965566562         0.00449219289794244     0.00443601178511015     -0.000151748571451704   -0.000132525397831476   
-8.94160387357537       991.990015251728        -38.11239435987         0.106581952326176       13.2745516254224        0.106581952326176       0.00443601178511015     0.00439642486120353     -0.000187204363194998   -0.000189687010645844   
-8.84215557186746       987.197476204356        -37.6797005414904       0.107455500096823       13.2966034823347        0.107455500096823       0.00439642486120353     0.00434002037831008     -0.000132525397831476   -0.000134433464647649   
-8.74336536011669       982.551134271737        -37.2501813543448       0.108313868300444       13.318152659432         0.108313868300444       0.00434002037831008     0.00430022229812918     -0.000189687010645844   -0.000168960394830783   
-8.64483455850407       978.012066286638        -36.8220969054957       0.109160683980561       13.3391945094829        0.10916068398056        0.00430022229812918     0.00425043916442161     -0.000134433464647649   -0.000170160562322018   
-8.54683897610966       973.597285972559        -36.3966384122427       0.109993699069326       13.3597384510313        0.109993699069326       0.00425043916442161     0.00420053172435786     -0.000168960394830783   -0.00013298842232795    
-8.44939434492367       969.294627696353        -35.9738655211556       0.110812941252299       13.3797352138153        0.110812941252299       0.00420053172435786     0.00416171553682063     -0.000170160562322018   -0.000186263591743334   
-8.35221324721786       965.101936175751        -35.5525254558451       0.111620964689143       13.3993537866133        0.111620964689144       0.00416171553682063     0.00410760491276583     -0.00013298842232795    -0.000139364065399899   
-8.25570740338146       961.020627832313        -35.1343982084921       0.112414524285915       13.4184373597624        0.112414524285915       0.00410760491276583     0.00406730399130397     -0.000186263591743334   -0.000159962653898863   
-8.15951463629137       957.041521061653        -34.7179110337391       0.113196804358766       13.4371401857459        0.113196804358766       0.00406730399130397     0.00402124821763178     -0.000139364065399899   -0.000153420038456561   
-8.06373839441825       953.160110762454        -34.3035096776782       0.11396714073835        13.4554160402324        0.11396714073835        0.00402124821763178     0.00397725210572592     -0.000159962653898863   -0.000150669094200448   
-7.96835067862662       949.376815097504        -33.8910701242592       0.114725938798163       13.4733159977584        0.114725938798163       0.00397725210572592     0.00393422158084449     -0.000153420038456561   -0.000155073865382174   
-7.87333334934358       945.681487024617        -33.48050966347         0.115473496955337       13.4908084952098        0.115473496955337       0.00393422158084449     0.00389011348255564     -0.000150669094200448   -0.000151193773388755   
-7.77872722667219       942.077236416411        -33.0719985371343       0.116209624323176       13.5079261748653        0.116209624323176       0.00389011348255564     0.00384728369501647     -0.000155073865382174   -0.000150382098856606   
-7.68449618767326       938.554791095929        -32.6653725470594       0.116934705454648       13.5246459010856        0.116934705454649       0.00384728369501647     0.00380485823940106     -0.000151193773388755   -0.000160519663386374   
-7.590632927628         935.109790740679        -32.2605906927927       0.117648874089986       13.5409634092977        0.117648874089986       0.00380485823940106     0.00375975158347277     -0.000150382098856606   -0.000143512403855422   
-7.49719219831783       931.735042970604        -31.8578784929208       0.118351785133803       13.5568251941775        0.118351785133803       0.00375975158347277     0.00371957942945559     -0.000160519663386374   -0.00016234131403271    
-7.40402336008396       928.415586790215        -31.4565763001088       0.119044627971694       13.572207394314         0.119044627971695       0.00371957942945559     0.00367430781482808     -0.000143512403855422   -0.000152090462217547   
-7.31126349854867       925.147818573828        -31.0572645581674       0.119726440206835       13.5870437662112        0.119726440206835       0.00367430781482808     0.00363205121096946     -0.00016234131403271    -0.000153214405419915   
-7.21882788109539       921.923537504891        -30.6595689746815       0.120397913016821       13.6013277462578        0.120397913016821       0.00363205121096946     0.00358964070847153     -0.000152090462217547   -0.000160310314602703   
-7.1267104409761        918.743324691898        -30.2634550792273       0.121059150640343       13.6150827236859        0.121059150640344       0.00358964070847153     0.00354542698862766     -0.000153214405419915   -0.000154291025473547   
-7.03496656117211       915.617206818575        -29.8691533394895       0.121709822695586       13.6283777402715        0.121709822695585       0.00354542698862766     0.00350302369650076     -0.000160310314602703   -0.000153913375865905   
-6.94352313328484       912.552985608877        -29.4763426599751       0.122350511829601       13.6413174376522        0.122350511829601       0.00350302369650076     0.00346086911160539     -0.000154291025473547   -0.000161297389638988   
-6.85236180490689       909.563412172864        -29.0849383131755       0.12298139876733        13.654021428173         0.122981398767329       0.00346086911160539     0.0034168405953472      -0.000153913375865905   -0.000155711872567267   
-6.7615449380522        906.664761030295        -28.6952026444391       0.12360211044387        13.6666063776169        0.12360211044387        0.0034168405953472      0.00337447904844877     -0.000161297389638988   -0.000159102938303533   
-6.67101507512804       903.87280840689         -28.3068842806527       0.124213099525343       13.6792326239996        0.124213099525343       0.00337447904844877     0.00333133260261118     -0.000155711872567267   -0.000157536341290783   
-6.58076816805482       901.20126451974         -27.9199617574074       0.12481444623919        13.6920254638171        0.12481444623919        0.00333133260261118     0.00328873513944992     -0.000159102938303533   -0.000156949238405866   
-6.49076712284129       898.649198963954        -27.5342723730919       0.125406449174016       13.7050115587415        0.125406449174017       0.00328873513944992     0.00324641421177882     -0.000157536341290783   -0.000161573354698942   
-6.40099750544881       896.201133604571        -27.1497508873288       0.125989256022562       13.7180971754721        0.125989256022563       0.00324641421177882     0.00320296263175668     -0.000156949238405866   -0.00015545784614545    
-6.31149127411069       893.837562045043        -26.7665307417634       0.126562722621054       13.7311395153125        0.126562722621054       0.00320296263175668     0.00316126426498451     -0.000161573354698942   -0.000160678324713274   
-6.22218825333839       891.540345653415        -26.3843507272721       0.127127297511176       13.7440359650467        0.127127297511177       0.00316126426498451     0.0031182722668688      -0.00015545784614545    -0.000157682341426088   
-6.13311754953936       889.299960628339        -26.0033315133468       0.127682852046989       13.7567168623368        0.127682852046989       0.0031182722668688      0.00307617929378154     -0.000160678324713274   -0.000157745528945981   
-6.04423995836377       887.106326174188        -25.6233009226257       0.128229676932417       13.7691295785185        0.128229676932416       0.00307617929378154     0.00303416322462523     -0.000157682341426088   -0.000160299311250691   
-5.95554372879568       884.954280324624        -25.2442038054079       0.128767874752373       13.7812482459813        0.128767874752374       0.00303416322462523     0.00299156164209178     -0.000157745528945981   -0.00016073792505774    
-5.86705513224923       882.841796526002        -24.8661470537724       0.129297308825174       13.7930579404516        0.129297308825174       0.00299156164209178     0.00294894118932566     -0.000160299311250691   -0.000160401275297674   
-5.77877691617358       880.769605434714        -24.4891367456851       0.129817981294687       13.8045724407563        0.129817981294687       0.00294894118932566     0.00290650892396601     -0.00016073792505774    -0.000162545817063301   
-5.69069691721848       878.736578233641        -24.1131153445722       0.130329976787493       13.8157951781956        0.130329976787494       0.00290650892396601     0.00286360883441831     -0.000160401275297674   -0.000162909004896887   
-5.60282553491508       876.742378450185        -23.7381219672244       0.130833247533127       13.8267285008997        0.130833247533127       0.00286360883441831     0.00282071066755537     -0.000162545817063301   -0.000162434630384505   
-5.51515423994235       874.784651634897        -23.3641153589764       0.131327859852328       13.837364641366         0.131327859852328       0.00282071066755537     0.00277803292006656     -0.000162909004896887   -0.000164771367765852   
-5.42766771327777       872.862437551019        -22.9910258542493       0.131813922955961       13.8477087210907        0.131813922955961       0.00277803292006656     0.00273483492435553     -0.000162434630384505   -0.000162241698700789   
-5.34037876876518       870.97617603684         -22.6189042103123       0.132291398875707       13.857768983217         0.132291398875707       0.00273483492435553     0.00269239117991505     -0.000164771367765852   -0.000164741032690046   
-5.25326238711054       869.125028879049        -22.2476402206436       0.132760468279783       13.8675548089574        0.132760468279783       0.00269239117991505     0.00264938578595377     -0.000162241698700789   -0.000163358786532054   
-5.16634334265587       867.311631519916        -21.8773361848125       0.133221052880429       13.8770895559627        0.133221052880429       0.00264938578595377     0.00260683032581323     -0.000164741032690046   -0.000160686185659024   
-5.07960620629094       865.535338813065        -21.507923259641        0.133673299686021       13.8863821022612        0.133673299686021       0.00260683032581323     0.0025650585702119      -0.000163358786532054   -0.000165377140025308   
-4.9930288740139        863.796780226874        -21.1393045115925       0.134117389579229       13.8954530507268        0.134117389579229       0.0025650585702119      0.00252215513599959     -0.000160686185659024   -0.000159133394410392   
-4.90665965901267       862.097299914639        -20.7716830598495       0.134553143849542       13.9043100037193        0.134553143849542       0.00252215513599959     0.00248095399551804     -0.000165377140025308   -0.00016244330652257    
-4.820434210053         860.435363445023        -20.4047827245515       0.134980950083634       13.9129665446402        0.134980950083635       0.00248095399551804     0.00243897806522174     -0.000159133394410392   -0.000161667668387556   
-4.73438195946698       858.811050302654        -20.0387267713568       0.135400713422576       13.921424071443         0.135400713422576       0.00243897806522174     0.00239728242711485     -0.00016244330652257    -0.000161803889322016   
-4.64849943395032       857.22442445643         -19.6734985299769       0.135812496340847       13.9296918492941        0.135812496340847       0.00239728242711485     0.0023556299502972      -0.000161667668387556   -0.000160230035318357   
-4.56277530414432       855.674102066055        -19.3090478898766       0.136216388637065       13.9377685943447        0.136216388637065       0.0023556299502972      0.00231445815030441     -0.000161803889322016   -0.000164561001955385   
-4.47718949817822       854.159332594745        -18.9452874049746       0.136612510449452       13.9456594650807        0.136612510449452       0.00231445815030441     0.00227224950384376     -0.000160230035318357   -0.000160878147529722   
-4.39178325244326       852.680692333175        -18.582389792649        0.137000695721505       13.9533656679395        0.137000695721505       0.00227224950384376     0.0022310579135174      -0.000164561001955385   -0.000163068226141645   
-4.30650668416003       851.236524734686        -18.2201400846182       0.137381194050568       13.9608912196122        0.137381194050568       0.0022310579135174      0.00218937709306146     -0.000160878147529722   -0.00016374258871817    
-4.22137377409395       849.826573562525        -17.8585942734092       0.137753962126015       13.9682364448901        0.137753962126015       0.00218937709306146     0.00214759400259627     -0.000163068226141645   -0.000163722763843958   
-4.13639184020002       848.451253646154        -17.497779685822        0.138118990227562       13.9754087841773        0.138118990227561       0.00214759400259627     0.00210588443914734     -0.00016374258871817    -0.000162464634989251   
-4.05154717557961       847.109000545526        -17.1376342361568       0.138476358485193       13.9824038011814        0.138476358485194       0.00210588443914734     0.00206456158767135     -0.000163722763843958   -0.00016642896163038    
-3.96681875372725       845.799358459104        -16.778064908489        0.138826170627762       13.9892271679732        0.138826170627763       0.00206456158767135     0.0020222966352096      -0.000162464634989251   -0.000163652268012609   
-3.88224721059403       844.522930797081        -16.4192405962828       0.139168273177047       13.9958802234472        0.139168273177046       0.0020222966352096      0.00198080045015659     -0.00016642896163038    -0.000165593936952674   
-3.79778798787267       843.278257100747        -16.0609690243226       0.139502856460985       14.0023644227796        0.139502856460984       0.00198080045015659     0.00193887491164867     -0.000163652268012609   -0.000166959834570519   
-3.71345163567701       842.065183924366        -15.7032921289256       0.139829881506455       14.0086803380889        0.139829881506455       0.00193887491164867     0.00189666506087827     -0.000165593936952674   -0.000166409237617887   
-3.62924870585096       840.884135942539        -15.3462521187369       0.140149311415331       14.0148333699466        0.14014931141533        0.00189666506087827     0.0018546547358957      -0.000166959834570519   -0.000167253315282602   
-3.54515768819121       839.733866734814        -14.989755441671        0.14046123140244        14.0208210037729        0.140461231402441       0.0018546547358957      0.00181248993119143     -0.000166409237617887   -0.000168338580768084   
-3.46117817419792       838.61389631051         -14.633798118532        0.140765647214772       14.0266429743216        0.140765647214773       0.00181248993119143     0.00177010921333907     -0.000167253315282602   -0.000168039845798579   
-3.37731925053846       837.523922903369        -14.2784163597127       0.141062536174916       14.0322989724845        0.141062536174915       0.00177010921333907     0.00172786063457225     -0.000168338580768084   -0.000168278775323545   
-3.29356955818265       836.461692909906        -13.9235595908983       0.141351954188535       14.0377761116606        0.141351954188535       0.00172786063457225     0.00168560776197259     -0.000168039845798579   -0.000168851786717972   
-3.209926295445         835.427779883763        -13.5692133808803       0.141633929794353       14.0430836787075        0.141633929794353       0.00168560776197259     0.00164326544053279     -0.000168278775323545   -0.000168729895870455   
-3.12639404227108       834.422826245131        -13.2153944363409       0.141908469700494       14.0482303960088        0.141908469700494       0.00164326544053279     0.00160100559211019     -0.000168851786717972   -0.000167980911450306   
-3.04296236027508       833.446774141885        -12.8620557822595       0.142175630803609       14.0532215081843        0.14217563080361        0.00160100559211019     0.00155898344901411     -0.000168729895870455   -0.000170033561002973   
-2.95961635351095       832.500078032211        -12.5091316222431       0.142435479452796       14.0580669462417        0.142435479452796       0.00155898344901411     0.00151649713048419     -0.000167980911450306   -0.000168576390961834   
-2.87638352834774       831.583169273512        -12.1567358275384       0.142687947938701       14.0627697582422        0.142687947938702       0.00151649713048419     0.00147442203948175     -0.000170033561002973   -0.000169358048613203   
-2.79323249024942       830.695903814978        -11.8047330884457       0.142933146143426       14.067336813859         0.142933146143425       0.00147442203948175     0.00143219737358564     -0.000168576390961834   -0.000170440214015919   
-2.71016492344625       829.839261679239        -11.4531284414136       0.143171077009196       14.0717791364568        0.143171077009198       0.00143219737358564     0.00138974613995271     -0.000169358048613203   -0.000169846646954225   
-2.62719121231513       829.015586536789        -11.101964028072        0.143401717716455       14.0761180209063        0.143401717716454       0.00138974613995271     0.00134748414225291     -0.000170440214015919   -0.000170992289309972   
-2.54428844946          828.227832972872        -10.7511413577959       0.143625135716097       14.0803844002083        0.143625135716097       0.00134748414225291     0.00130497515746335     -0.000169846646954225   -0.000170688101523184   
-2.46146007380811       827.482108810832        -10.4006736634137       0.14384132250362        14.0846323392693        0.143841322503619       0.00130497515746335     0.00126257750551231     -0.000170992289309972   -0.000172279849312358   
-2.37869253352399       826.787374815483        -10.050502411902        0.144050313139844       14.0889424870617        0.144050313139844       0.00126257750551231     0.00121981855158307     -0.000170688101523184   -0.000171490635843439   
-2.29600203810491       826.157666923671        -9.70069503044692       0.144252067213714       14.0934353097579        0.144252067213715       0.00121981855158307     0.00117728567709401     -0.000172279849312358   -0.000172524252510504   
-2.21335698749527       825.613071972003        -9.35111667979209       0.144446660319915       14.0982889601789        0.144446660319914       0.00117728567709401     0.00113452250903195     -0.000171490635843439   -0.000173349674508263   
-2.13075833733591       825.183702077251        -9.00177022021806       0.144634083213515       14.1037635776577        0.144634083213515       0.00113452250903195     0.00109157468514029     -0.000172524252510504   -0.000173472482117944   
-2.0482010847151        824.912727247366        -8.65263328605891       0.144814335704896       14.1102320209391        0.144814335704896       0.00109157468514029     0.00104860868499681     -0.000173349674508263   -0.000174986730911617   
-1.96565284099384       824.859327412748        -8.30356773939949       0.144987465176662       14.11820709869          0.144987465176661       0.00104860868499681     0.00100526774067842     -0.000173472482117944   -0.000176072260166667   
-1.88309861264694       825.10346251114         -7.95450912300199       0.145153463601972       14.1283772017803        0.145153463601972       0.00100526774067842     0.000961640873120582    -0.000174986730911617   -0.000177526350588779   
-1.80049817141891       825.748931707314        -7.60528645500942       0.14531235260312        14.1416359217444        0.145312352603119       0.000961640873120582    0.000917614295712024    -0.000176072260166667   -0.000179723935011811   
-1.71779935583699       826.92570352214         -7.25567853556934       0.145464147025038       14.1590984950742        0.145464147025037       0.000917614295712024    0.000872974247638269    -0.000177526350588779   -0.000181933028924547   
-1.63495161942364       828.790263639162        -6.90547122933451       0.145608826425992       14.1821000820158        0.145608826425991       0.000872974247638269    0.000827680395375487    -0.000179723935011811   -0.000184269794440826   
-1.55188274876454       831.521667766283        -6.5543590080924        0.145746375034029       14.2121584590557        0.145746375034029       0.000827680395375487    0.000781651774017931    -0.000181933028924547   -0.000186514986140334   
-1.46849691794096       835.313970577478        -6.20193668250259       0.145876778771559       14.2509012165736        0.14587677877156        0.000781651774017931    0.000734848408207056    -0.000184269794440826   -0.000188671102468696   
-1.38467547476107       840.362558638146        -5.84770265525315       0.146000019368026       14.2999388015784        0.146000019368025       0.000734848408207056    0.000687216738509337    -0.000186514986140334   -0.000190071588627757   
-1.30028645111666       846.845001209541        -5.49109902968083       0.146116059424446       14.3606902410729        0.146116059424445       0.000687216738509337    0.000638861532556307    -0.000188671102468696   -0.000190831592549194   
-1.21517572611139       854.89679304224         -5.13147418362408       0.146224857540358       14.4341702090508        0.146224857540358       0.000638861532556307    0.00058985402940644     -0.000190071588627757   -0.00019041360419641    
-1.12918620941357       864.584386922834        -4.76816377377151       0.146326348028198       14.5207596162997        0.146326348028198       0.00058985402940644     0.000540405348255813    -0.000190831592549194   -0.000188699714844676   
-1.04215527767614       875.879140292534        -4.40047986897233       0.146420454639166       14.6199989700521        0.146420454639167       0.000540405348255813    0.00049077006652769     -0.00019041360419641    -0.000185685999451105   
-0.9539250900503        888.636569107642        -4.02775454683089       0.146507089411451       14.7304422475214        0.146507089411451       0.00049077006652769     0.000441227192391425    -0.000188699714844676   -0.00018147697184956    
-0.864359932544723      902.585459403849        -3.64941321591228       0.146586148235307       14.8496086338555        0.146586148235307       0.000441227192391425    0.000392061274271529    -0.000185685999451105   -0.0001762975002567     
-0.773361634004764      917.330350435156        -3.26503980715511       0.146657512523134       14.9740546366482        0.146657512523133       0.000392061274271529    0.000343533998405603    -0.00018147697184956    -0.000170361065645079   
-0.680876784092353      932.368165135254        -2.87440733646264       0.146721058119639       15.0995609067345        0.146721058119639       0.000343533998405603    0.000295887160167226    -0.0001762975002567     -0.000164347237804486   
-0.586892481951757      947.118453216335        -2.47746000669232       0.146776667130311       15.2214152835574        0.146776667130311       0.000295887160167226    0.000249207274949153    -0.000170361065645079   -0.00015844603345523    
-0.491466086274606      960.961932889946        -2.07443887639405       0.146824215252434       15.3347362592269        0.146824215252434       0.000249207274949153    0.000203554153552292    -0.000164347237804486   -0.00015320760233815    
-0.394708203192552      973.285781359445        -1.66580995282793       0.146863587728066       15.4348221961016        0.146863587728067       0.000203554153552292    0.000158849730205555    -0.00015844603345523    -0.000148848476728436   
-0.296800232570051      983.525657025683        -1.25233819396814       0.146894674256645       15.517446150051         0.146894674256644       0.000158849730205555    0.000114963755187788    -0.00015320760233815    -0.000145608187239655   
-0.197978635112881      991.203486155543        -0.835020937019084      0.146917380017656       15.5791002762429        0.146917380017656       0.000114963755187788    7.17005074886473e-05    -0.000148848476728436   -0.000143642732858483   
-0.0985225050907624     995.957620017161        -0.415035319029714      0.146931630937975       15.6171741710969        0.146931630937975       7.17005074886473e-05    2.88182038686003e-05    -0.000145608187239655   -0.000143019062722215   
0.00125603496617503     997.563742159793        0.00630232384708454     0.146937377160504       15.6300671689417        0.146937377160504       2.88182038686003e-05    -1.39461758490293e-05   -0.000143642732858483   -0.000143778226973167   
0.101033988574157       995.946116116184        0.427629975882871       0.146934596370978       15.6172415713518        0.146934596370979       -1.39461758490293e-05   -5.68684258298947e-05   -0.000143019062722215   -0.00014588565868773    
0.200488364086093       991.180581364121        0.847585793818669       0.146923293617901       15.579233805728         0.1469232936179         -5.68684258298947e-05   -0.000100213100121792   -0.000143778226973167   -0.000149276434478443   
0.299307055958207       983.491589351535        1.26485396236719        0.146903501745691       15.51764363626          0.146903501745691       -0.000100213100121792   -0.000144223708217102   -0.00014588565868773    -0.000153801258630599   
0.397211004550136       973.240958458919        1.67825820914101        0.146875278652328       15.4350810908955        0.146875278652329       -0.000144223708217102   -0.000189099263203291   -0.000149276434478443   -0.000159224900513334   
0.493963803959272       960.906918999805        2.08680237380551        0.146838704031006       15.3350538897194        0.146838704031005       -0.000189099263203291   -0.000234974145295655   -0.000153801258630599   -0.000165329350932106   
0.589384122556664       947.053903969811        2.48972290254487        0.14679387440195        15.2217887599334        0.14679387440195        -0.000234974145295655   -0.000281929750426257   -0.000159224900513334   -0.000171574904323063   
0.683361424286606       932.294763986483        2.88655529918798        0.146740892483449       15.0999870709118        0.146740892483448       -0.000281929750426257   -0.000329912265141439   -0.000165329350932106   -0.000177760180124805   
0.775838418687316       917.248777266054        3.27706006246724        0.14667987175491        14.9745302105905        0.14667987175491        -0.000329912265141439   -0.000378837768041314   -0.000171574904323063   -0.000183212652372352   
0.866828073728374       902.496368981036        3.66129452615286        0.146610920989082       14.8501304060274        0.146610920989082       -0.000378837768041314   -0.000428468982932292   -0.000177760180124805   -0.000187705885098031   
0.956383869644474       888.540571481206        4.03948719262592        0.146534156181236       14.7310071433689        0.146534156181237       -0.000428468982932292   -0.00047854533999681    -0.000183212652372352   -0.000191005948275497   
1.04460404580503        875.77678645641         4.41205557626958        0.146449688985994       14.6206040685565        0.146449688985993       -0.00047854533999681    -0.000528781354015043   -0.000187705885098031   -0.000192997922054063   
1.13162437556526        864.47616597957         4.77957559599141        0.146357617786363       14.5214021525619        0.146357617786364       -0.000528781354015043   -0.000578894871228594   -0.000191005948275497   -0.000193675263098229   
1.21760274662051        854.783138943423        5.14271637589616        0.146258025828671       14.4348475579931        0.14625802582867        -0.000578894871228594   -0.000628626041705545   -0.000192997922054063   -0.000193146137899228   
1.30270181929026        846.72630485424         5.50216695528882        0.14615098545635        14.3613998775805        0.14615098545635        -0.000628626041705545   -0.00067775654637087    -0.000193675263098229   -0.000191936887700641   
1.3870787169077         840.239181835621        5.85859273451871        0.14603655922758        14.3006782498518        0.146036559227582       -0.00067775654637087    -0.000726205589478777   -0.000193146137899228   -0.000189933838822295   
1.47088759312513        835.186259596599        6.21264635750709        0.14591478634775        14.251668009372         0.145914786347751       -0.000726205589478777   -0.000773859600127462   -0.000191936887700641   -0.000187798255625393   
1.55426045220553        831.389966906648        6.56488675582128        0.145785702648935       14.2129501101847        0.145785702648935       -0.000773859600127462   -0.000820762187894396   -0.000189933838822295   -0.000185532701770012   
1.63731598243969        828.654925584664        6.91581654986063        0.145649325632074       14.1829140807465        0.145649325632075       -0.000820762187894396   -0.000866944699023126   -0.000187798255625393   -0.000183359598764856   
1.72015004457127        826.787095995095        7.26584195013348        0.145505669212937       14.159932303239         0.145505669212936       -0.000866944699023126   -0.000912480179316407   -0.000185532701770012   -0.000181167924465495   
1.80283488545025        825.607439000542        7.61526950221794        0.145354749579018       14.1424869657885        0.145354749579019       -0.000912480179316407   -0.000957402206650161   -0.000183359598764856   -0.0001796907426675     
1.88542108601787        824.959483030308        7.96431435626727        0.145196588171088       14.1292428621981        0.145196588171087       -0.000957402206650161   -0.0010019179231394     -0.000181167924465495   -0.000178559410876452   
1.96796084295298        824.713269966101        8.31319868267991        0.145031171874447       14.1190847203109        0.145031171874448       -0.0010019179231394     -0.00104613595839618    -0.0001796907426675     -0.000176979845868927   
2.05049442492126        824.765010716107        8.66209442138822        0.144858481311196       14.1111189546251        0.144858481311196       -0.00104613595839618    -0.00108996285490673    -0.000178559410876452   -0.000176771348816188   
2.13303687300251        825.034755960144        9.0110669907131         0.144678527231087       14.1046572336216        0.144678527231086       -0.00108996285490673    -0.00113375053816401    -0.000176979845868927   -0.000175845489268712   
2.21562062020413        825.463330216176        9.36025538720788        0.144491265633349       14.0991868156083        0.144491265633348       -0.00113375053816401    -0.00117732906517597    -0.000176771348816188   -0.000174696886488819   
2.2982507153815         826.00755479545         9.7096828023838         0.144296700545674       14.0943348419843        0.144296700545675       -0.00117732906517597    -0.00122064931541572    -0.000175845489268712   -0.000175362835850583   
2.38092624502924        826.637296978609        10.0593471125689        0.144094845582112       14.0898411193164        0.144094845582113       -0.00122064931541572    -0.00126416558940236    -0.000174696886488819   -0.000173638440857826   
2.46367884186875        827.332451549777        10.4093837459386        0.143885629831397       14.0855274940388        0.143885629831397       -0.00126416558940236    -0.00130728832251798    -0.000175362835850583   -0.000173809109742761   
2.54649233713082        828.078978541241        10.7597258655377        0.143669098718781       14.0812736471166        0.143669098718782       -0.00130728832251798    -0.00135048984742053    -0.000173638440857826   -0.000172525814581032   
2.62938031926275        828.867923354689        11.1104324742306        0.143445222257335       14.07699917641          0.143445222257334       -0.00135048984742053    -0.001393410879764      -0.000173809109742761   -0.000172987030089474   
2.71233938914714        829.693176777935        11.4614907585015        0.143214014133221       14.0726502091416        0.143214014133221       -0.001393410879764      -0.00143648889685844    -0.000172525814581032   -0.000171768789027221   
2.79539248762629        830.551763654803        11.8129995109861        0.142975411858403       14.0681958377912        0.142975411858405       -0.00143648889685844    -0.0014793072171477     -0.000172987030089474   -0.000170852197028909   
2.87852926611478        831.441305670221        12.1649168389223        0.142729443406774       14.0636146837452        0.142729443406773       -0.0014793072171477     -0.00152194308621185    -0.000171768789027221   -0.000172183453808989   
2.96174807353594        832.360792746659        12.517237853068         0.14247611091976        14.0588956792863        0.142476110919762       -0.00152194308621185    -0.00156495943223345    -0.000170852197028909   -0.000169990848369427   
3.04508033000835        833.310357261107        12.870097890663         0.142215309214528       14.0540320507175        0.142215309214528       -0.00156495943223345    -0.00160747745190979    -0.000172183453808989   -0.000170611048985938   
3.12849856348688        834.289569143151        13.2233830674235        0.141947111357682       14.0490209846164        0.141947111357682       -0.00160747745190979    -0.00165020165840768    -0.000169990848369427   -0.000170602595652598   
3.21201770177869        835.297979068999        13.5771590701124        0.141671455880206       14.0438527945206        0.141671455880204       -0.00165020165840768    -0.00169297640864654    -0.000170611048985938   -0.000169898025775396   
3.29564821201865        836.335641035585        13.9314726795157        0.141388290773473       14.0385224055667        0.141388290773473       -0.00169297640864654    -0.00173562946039894    -0.000170602595652598   -0.000169533198865551   
3.37938554006465        837.401896833061        14.2863069114174        0.1410976143679         14.0330211709322        0.141097614367898       -0.00173562946039894    -0.001778247320935      -0.000169898025775396   -0.000169713626888657   
3.46323251900024        838.496151058404        14.6416758837086        0.140799402915432       14.0273398176508        0.140799402915434       -0.001778247320935      -0.00182096825314113    -0.000169533198865551   -0.000168508336630072   
3.54720053210402        839.620635567024        14.9976297780903        0.140493605006709       14.0214912383833        0.140493605006707       -0.00182096825314113    -0.00186344375397386    -0.000169713626888657   -0.000167551726017727   
3.63128050337467        840.775633172534        15.3541318732983        0.140180248013537       14.0154757786922        0.140180248013538       -0.00186344375397386    -0.00190573707346722    -0.000168508336630072   -0.000168004118223784   
3.71547286059175        841.961610026736        15.7111856302244        0.139859330490103       14.0092937650159        0.139859330490104       -0.00190573707346722    -0.00194820573919905    -0.000167551726017727   -0.000166537330264102   
3.79979914978277        843.179803709203        16.0688841244068        0.139530770820803       14.0029477820492        0.139530770820802       -0.00194820573919905    -0.00199036523786863    -0.000168004118223784   -0.000164499025186874   
3.88424884656359        844.429781288258        16.4271845709628        0.139194609834383       13.9964325180236        0.139194609834384       -0.00199036523786863    -0.00203207156248754    -0.000166537330264102   -0.000167211821980195   
3.96881140490641        845.711689420905        16.7860443182658        0.13885089021764        13.9897474925721        0.13885089021764        -0.00203207156248754    -0.00207453095637189    -0.000164499025186874   -0.000163160714505948   
4.05353138684841        847.026986420797        17.1456549428673        0.138499423884652       13.9828913100995        0.13849942388465        -0.00207453095637189    -0.00211602687020873    -0.000167211821980195   -0.000164366619279514   
4.13836818819058        848.375062589363        17.5058468711463        0.138140367708294       13.9758627104401        0.138140367708293       -0.00211602687020873    -0.00215789673492216    -0.000163160714505948   -0.000164334230311678   
4.22334286151216        849.756372799276        17.8667124520821        0.137773619765163       13.9686560674886        0.137773619765164       -0.00215789673492216    -0.00219982737163075    -0.000164366619279514   -0.000163606605480321   
4.30846912656686        851.172479512293        18.2283130316068        0.137399101631548       13.9612758501558        0.137399101631548       -0.00219982737163075    -0.00224164269614119    -0.000164334230311678   -0.000161352765339862   
4.39373967168222        852.622962979058        18.5906204922087        0.137016825101804       13.9537146426011        0.137016825101805       -0.00224164269614119    -0.00228295304758073    -0.000163606605480321   -0.000164989044984146   
4.47914052535015        854.108072545269        18.9535780672369        0.136626835869187       13.9459721450431        0.136626835869186       -0.00228295304758073    -0.00232526897716515    -0.000161352765339862   -0.000160553679579035   
4.56472158288058        855.629460824634        19.317400056271         0.136228885828845       13.9380443469469        0.136228885828848       -0.00232526897716515    -0.00236652181592609    -0.000164989044984146   -0.000162021335223815   
4.65044163108116        857.186536926962        19.6819130884547        0.135823145325896       13.9299301013102        0.135823145325894       -0.00236652181592609    -0.00240822845507896    -0.000160553679579035   -0.000161730234692459   
4.73632076247403        858.78003517002         20.04720409786          0.135409498528245       13.9216243010913        0.135409498528243       -0.00240822845507896    -0.00244993875563417    -0.000162021335223815   -0.000162303415311384   
4.82237032300534        860.411312884903        20.4133227920078        0.134987861957176       13.9131283044768        0.134987861957175       -0.00244993875563417    -0.0024918774016696     -0.000161730234692459   -0.000158711720527462   
4.90859379404076        862.080267040464        20.7802855749336        0.134558181991405       13.9044329540156        0.134558181991402       -0.0024918774016696     -0.00253296859337467    -0.000162303415311384   -0.000164645455505191   
4.99496174222154        863.786764169506        21.1479690743879        0.134120565905046       13.8955370312259        0.134120565905045       -0.00253296859337467    -0.00257568175321846    -0.000158711720527462   -0.00015952633423453    
5.08153850780475        865.532279914744        21.5166496522186        0.133674639754515       13.8864271690926        0.133674639754515       -0.00257568175321846    -0.00261715188503693    -0.000164645455505191   -0.000161734958841182   
5.1682757616823         867.315389058204        21.8861245410712        0.133220601722305       13.877096118746         0.133220601722302       -0.00261715188503693    -0.00265928454715737    -0.00015952633423453    -0.000162595343917918   
5.25519558681836        869.135374134318        22.2564913324584        0.132758292147241       13.8675236863463        0.132758292147241       -0.00265928454715737    -0.00270173034291347    -0.000161734958841182   -0.000159537022352695   
5.34231338540765        870.992783378072        22.6278197385685        0.132287588068104       13.8577015011996        0.132287588068104       -0.00270173034291347    -0.00274346733583357    -0.000162595343917918   -0.000161540687575675   
5.42960434329692        872.884880217573        23.0000084200658        0.131808594033114       13.8476068217726        0.131808594033112       -0.00274346733583357    -0.00278581944567085    -0.000159537022352695   -0.000158731377677857   
5.517093430075          874.812409525597        23.3731685984347        0.131321154367191       13.837230905161         0.13132115436719        -0.00278581944567085    -0.00282752553342651    -0.000161540687575675   -0.000158870292908881   
5.60476777158468        876.774845034885        23.7472503730834        0.130825329915301       13.8265661176306        0.130825329915299       -0.00282752553342651    -0.00286936174544915    -0.000158731377677857   -0.000158358899568613   
5.69264262738832        878.773081421798        24.1223240182949        0.130321028292002       13.8156078166579        0.130321028292003       -0.00286936174544915    -0.00291115851308476    -0.000158870292908881   -0.000156310299112997   
5.78072644817141        880.809438761881        24.4984308400786        0.129808191713971       13.8043640738643        0.129808191713972       -0.00291115851308476    -0.00295251035750913    -0.000158358899568613   -0.000157079057504204   
5.86900868731161        882.884264980612        24.8755308024212        0.129286865860336       13.792832651825         0.129286865860337       -0.00295251035750913    -0.00299416227562384    -0.000156310299112997   -0.000157021072206853   
5.95750113324809        884.998750228549        25.2536787569015        0.128756952172315       13.781009986919         0.128756952172317       -0.00299416227562384    -0.00303589393211271    -0.000157079057504204   -0.000155681047481241   
6.04619857678967        887.152216663633        25.6328561317604        0.12821843402689        13.7688820633155        0.128218434026888       -0.00303589393211271    -0.00307736133753141    -0.000157021072206853   -0.000156648444611403   
6.1350786746954         889.347034884312        26.0129700279987        0.127671382733389       13.7564630673197        0.127671382733389       -0.00307736133753141    -0.00311917986220093    -0.000155681047481241   -0.000160673711066171   
6.22415373592396        891.588594480791        26.3940746217063        0.127115641474794       13.7437777508609        0.127115641474796       -0.00311917986220093    -0.00316217269132684    -0.000156648444611403   -0.000156476131282095   
6.31346158078657        893.887261150353        26.7763325704319        0.126550874550501       13.7308785011575        0.1265508745505         -0.00316217269132684    -0.0032041464458951     -0.000160673711066171   -0.00016338136339643    
6.40297265239292        896.252794407638        27.1596178462531        0.125977164558106       13.7178342415238        0.125977164558106       -0.0032041464458951     -0.00324808669498903    -0.000156476131282095   -0.000159027401204152   
6.4927473902295         898.703556298016        27.5441901596533        0.125394024545254       13.7047470971035        0.125394024545252       -0.00324808669498903    -0.00329097051558517    -0.00016338136339643    -0.000159521914865386   
6.58275362140342        901.259131340148        27.9299137531587        0.124801583419299       13.6917594841053        0.124801583419301       -0.00329097051558517    -0.00333410764593164    -0.000159027401204152   -0.000160297433149577   
6.67300679420029        903.934855039669        28.3168585075103        0.124199695006578       13.6789639776887        0.124199695006577       -0.00333410764593164    -0.00337758107815344    -0.000159521914865386   -0.000155746116125301   
6.76354339558871        906.730900203818        28.7051866264808        0.123588099204472       13.6663301856637        0.123588099204472       -0.00337758107815344    -0.00341995505957579    -0.000160297433149577   -0.000160051673368689   
6.85436720261854        909.632765770769        29.0949221845665        0.122966775505131       13.6537301436058        0.12296677550513        -0.00341995505957579    -0.00346364617215574    -0.000155746116125301   -0.000150436466943917   
6.94553495438508        912.624488991203        29.4863184039869        0.122335349040288       13.6410065246577        0.122335349040288       -0.00346364617215574    -0.00350484995367883    -0.000160051673368689   -0.000150822894174239   
7.03697781936659        915.68993409724         29.8790904947114        0.121694315055364       13.6280506880145        0.121694315055362       -0.00350484995367883    -0.0035462998923357     -0.000150436466943917   -0.000153630924304092   
7.12872258486487        918.816752434766        30.2733640871056        0.121043498328239       13.614746541728         0.121043498328242       -0.0035462998923357     -0.00358867133446205    -0.000150822894174239   -0.000151548608327998   
7.22083005966993        921.995528800579        30.6694104215809        0.120382442097765       13.60098485161          0.120382442097765       -0.00358867133446205    -0.00363062142308748    -0.000153630924304092   -0.000144641581798957   
7.31328314632917        925.218410288537        31.0671644282449        0.119711200678776       13.5866973412569        0.119711200678779       -0.00363062142308748    -0.00367081021542006    -0.000151548608327998   -0.00016274073327499    
7.40603618041509        928.48314511999         31.4664360265135        0.119030006188093       13.5718676256667        0.119030006188091       -0.00367081021542006    -0.00371619509982999    -0.000144641581798957   -0.000139721207184397   
7.49921824548489        931.800324514121        31.8677860304042        0.118337770475963       13.5564973925039        0.118337770475964       -0.00371619509982999    -0.00375530746287856    -0.00016274073327499    -0.000164273340144037   
7.59265187234077        935.171728115962        32.2704542267686        0.117635663466783       13.5406515532734        0.117635663466785       -0.00375530746287856    -0.00380147134299097    -0.000139721207184397   -0.000149239861842013   
7.68653039628261        938.614874320399        32.675278353262         0.116922086043179       13.5243489736535        0.116922086043177       -0.00380147134299097    -0.00384357907650838    -0.000164273340144037   -0.000159558235030853   
7.78076142499667        942.135174135889        33.0818661616335        0.116197602297472       13.5076427918112        0.116197602297473       -0.00384357907650838    -0.00388878276212008    -0.000149239861842013   -0.000148213415393249   
7.87540475954591        945.739952994405        33.4904836051499        0.115461648319033       13.4905333384747        0.115461648319033       -0.00388878276212008    -0.00393094226096593    -0.000159558235030853   -0.000160099698183369   
7.97038800840962        949.431838648467        33.9008279626643        0.11471471378672        13.4730472691814        0.11471471378672        -0.00393094226096593    -0.00397666782313302    -0.000148213415393249   -0.000146182036690007   
8.06580641502601        953.216107541747        34.3133218741541        0.113955991389177       13.4551530737639        0.113955991389177       -0.00397666782313302    -0.00401858999187416    -0.000160099698183369   -0.000156840705003266   
8.16157336561869        957.096497660502        34.7276023434546        0.113186110928573       13.4368914034925        0.113186110928571       -0.00401858999187416    -0.00406375853647227    -0.000146182036690007   -0.000150471874073569   
8.25778055513478        961.073675621377        35.1440761505568        0.112404254931385       13.4181947644724        0.112404254931383       -0.00406375853647227    -0.00410727857239685    -0.000156840705003266   -0.000151455166442421   
8.35439374032674        965.154579148728        35.5626032935427        0.1116105781592         13.3990957774389        0.111610578159198       -0.00410727857239685    -0.00415128023185811    -0.000150471874073569   -0.000156725987983219   
8.45143349028196        969.339317402799        35.9832780647723        0.11080474913926        13.3795490641276        0.110804749139263       -0.00415128023185811    -0.00419703100108703    -0.000151455166442421   -0.000164153434023852   
8.54897237468478        973.63760933448         36.4064181718914        0.109985953777248       13.3595447212878        0.109985953777246       -0.00419703100108703    -0.00424518110581599    -0.000156725987983219   -0.000152967689637117   
8.64703322811329        978.048541693932        36.8321243293521        0.109153752006458       13.339019702258         0.109153752006457       -0.00424518110581599    -0.00429024674956205    -0.000164153434023852   -0.000146049691252121   
8.74544154983767        982.578727838927        37.2596396742412        0.108309392673455       13.3180645031532        0.108309392673455       -0.00429024674956205    -0.004333463200041      -0.000152967689637117   -0.000191036432040187   
8.84418212776614        987.216736255205        37.6888980158116        0.10745280659173        13.2965665383305        0.107452806591728       -0.004333463200041      -0.0043902511239755     -0.000146049691252121   -0.000136487189278833   
8.9436282246133         992.003015245242        38.1215250941855        0.106580517154551       13.2745492317512        0.106580517154549       -0.0043902511239755     -0.00443102516544017    -0.000191036432040187   -0.00018721448322975    
9.04337109850455        996.909634950604        38.5557456982382        0.105695882360801       13.2519962961616        0.105695882360801       -0.00443102516544017    -0.00448722201489888    -0.000136487189278833   -0.000149696464548115   
9.14373050622364        1001.9686785591         38.9929543956565        0.104795839244697       13.2288919015981        0.104795839244697       -0.00448722201489888    -0.00453236116692693    -0.00018721448322975    -0.000177439724578169   
9.24442708948038        1007.16241233349        39.4319345406859        0.103882628649079       13.2052185940351        0.10388262864908        -0.00453236116692693    -0.00458611846957637    -0.000149696464548115   -0.000169523758578808   
9.34564795976506        1012.50891549389        39.8734983553327        0.102954247263581       13.1809264496303        0.10295424726358        -0.00458611846957637    -0.00463773194815287    -0.000177439724578169   -0.000184353858463148   
9.44737548999803        1018.01457579956        40.3175610804805        0.102010455382862       13.1559954940516        0.102010455382862       -0.00463773194815287    -0.00469416418773242    -0.000169523758578808   -0.000180182883240763   
9.5497053505561         1023.69411806874        40.7645264025109        0.101049869489163       13.1303818824683        0.101049869489164       -0.00469416418773242    -0.00474963037496648    -0.000184353858463148   -0.000197887341997869   
9.65258622672939        1029.55380159085        41.2141485403391        0.100072376437641       13.1040639749408        0.10007237643764        -0.00474963037496648    -0.00481089951436821    -0.000180182883240763   -0.000197623770333702   
9.75610266512737        1035.61033685838        41.6667655898336        0.0990764678232929      13.0769908756576        0.0990764678232947      -0.00481089951436821    -0.00487245127821477    -0.000197887341997869   -0.000219091465768508   
9.86021070220846        1041.87334968966        42.1221411405174        0.0980617279225455      13.0491315769172        0.0980617279225451      -0.00487245127821477    -0.0049411083154254     -0.000197623770333702   -0.000225207090261076   
9.96499950214934        1048.36333010312        42.580603770463         0.0970262725496006      13.0204189767196        0.0970262725495998      -0.0049411083154254     -0.00501212750001841    -0.000219091465768508   -0.000251580089504084   
10.0704325352681        1055.09391021831        43.0419086920739        0.0959692040693825      12.9907994866947        0.0959692040693842      -0.00501212750001841    -0.00509198056789662    -0.000225207090261076   -0.000271131579432248   
10.1765819748308        1062.08862583356        43.5062542340111        0.0948882008607967      12.9601748226418        0.0948882008607953      -0.00509198056789662    -0.00517861909694659    -0.000251580089504084   -0.000311361772573611   
10.2834405315308        1069.37144687896        43.9734458426811        0.0937812555779141      12.9284567890294        0.0937812555779142      -0.00517861909694659    -0.00527880876343086    -0.000271131579432248   -0.000352255961706364   
10.3910799457607        1076.98180374169        44.4435698890119        0.0926448602375419      12.8955307946865        0.0926448602375439      -0.00527880876343086    -0.00539297733350761    -0.000311361772573611   -0.000420509893250692   
10.499492478697         1084.96077848788        44.916270580234         0.0914753506905171      12.8612575653676        0.0914753506905183      -0.00539297733350761    -0.00553029708132023    -0.000352255961706364   -0.00051365016227988    
10.608743727292         1093.36604083508        45.3913688194625        0.0902668184173149      12.825409276882         0.0902668184173136      -0.00553029708132023    -0.00569935837711412    -0.000420509893250692   -0.00064585510293404    
10.7188874140607        1102.27675787985        45.8684101411836        0.0890112203996914      12.7876893558545        0.0890112203996909      -0.00569935837711412    -0.00591371312810521    -0.00051365016227988    -0.000850761859970469   
10.8299590973496        1111.80489399946        46.3465086825568        0.0876972200991372      12.7476925033754        0.0876972200991358      -0.00591371312810521    -0.00619860175392856    -0.00064585510293404    -0.00115116015702543    
10.9420629950319        1122.12293233978        46.8245098542225        0.0863071510229344      12.704804431641         0.0863071510229356      -0.00619860175392856    -0.00658782593059501    -0.000850761859970469   -0.00159879934850721    
11.0552940454889        1133.48754459771        47.3003201925471        0.0848148311428586      12.6581037743671        0.084814831142859       -0.00658782593059501    -0.00713415838744776    -0.00115116015702543    -0.00222540017576342    
11.1697818755149        1146.29498521329        47.7706087340727        0.0831807754482437      12.6061959476597        0.0831807754482432      -0.00713415838744776    -0.00790366486521037    -0.00159879934850721    -0.00305691872162412    
11.2856686375285        1161.14691257604        48.2300989650875        0.0813477260589133      12.5470222867412        0.0813477260589144      -0.00790366486521037    -0.00897521736893036    -0.00222540017576342    -0.00395805726025372    
11.4032552377066        1178.9574491828         48.6715786290172        0.0792354424716349      12.4776610482647        0.0792354424716367      -0.00897521736893036    -0.0103853280470409     -0.00305691872162412    -0.00461457286401142    
11.5228877389176        1200.96196632627        49.0854981255193        0.0767478795988963      12.3943054393582        0.0767478795988949      -0.0103853280470409     -0.0120618942486649     -0.00395805726025372    -0.0044032829868742     
11.6450894433433        1228.63668249586        49.462355758127         0.0737962091129888      12.2928657863924        0.073796209112989       -0.0120618942486649     -0.0137001093269402     -0.00461457286401142    -0.00276813196288766    
11.770474253618         1263.25713842539        49.797559569494         0.0703557429715644      12.1708253991564        0.0703557429715636      -0.0137001093269402     -0.014759320346211      -0.0044032829868742     0.000161751815258607    
11.899756751488         1305.03099979678        50.0994454524591        0.0665352716352944      12.029865063247         0.0665352716352954      -0.014759320346211      -0.0146954260308416     -0.00276813196288766    0.00304039417282272     
12.0335098269951        1352.18765348484        50.3936483403816        0.0626015872968993      11.8777869313143        0.0626015872969008      -0.0146954260308416     -0.0134527807700919     0.000161751815258607    0.00421871761237673     
12.1720829063301        1401.32424670205        50.7152867225151        0.0588725557410606      11.7260066963187        0.0588725557410595      -0.0134527807700919     -0.0116677342244393     0.00304039417282272     0.00329588315403786     
12.3155718866895        1449.6361201708         51.087987008526         0.0555243557160987      11.5823221329798        0.0555243557160977      -0.0116677342244393     -0.0102245041261254     0.00421871761237673     0.00144669698578738     
12.4639454768263        1497.36261039523        51.5078170814891        0.0524891329057246      11.4451783927482        0.0524891329057238      -0.0102245041261254     -0.00956887568112685    0.00329588315403786     0.000225711729937102    
12.6174247224238        1547.77520093893        51.9506901836582        0.0495490135337716      11.3056574612418        0.0495490135337719      -0.00956887568112685    -0.00946288186121397    0.00144669698578738     0.000230406471283845    
12.7766098466507        1604.57140679875        52.3958243955952        0.0465334601985298      11.1554366188247        0.0465334601985295      -0.00946288186121397    -0.00935051290796004    0.000225711729937102    0.000819320856438714    
12.9421038975088        1669.22981509933        52.8413854269692        0.0434350126426941      10.9926504327817        0.043435012642694       -0.00935051290796004    -0.00893441765201149    0.000230406471283845    0.00117080473865095     
13.1146638470255        1741.10466839851        53.301194113564         0.0403480438667841      10.8205181281678        0.0403480438667833      -0.00893441765201149    -0.00831361379970309    0.000819320856438714    0.00110292013957324     
13.2950784333286        1819.56073104328        53.7882923037225        0.0373450844211454      10.6420274627075        0.0373450844211459      -0.00831361379970309    -0.00770148295849334    0.00117080473865095     0.000930735219376961    
13.4841090718505        1905.41855807391        54.3060022876728        0.0344299040938593      10.4565273245267        0.034429904093859       -0.00770148295849334    -0.0071594111076752     0.00110292013957324     0.000890671795951712    
13.6826771032959        2000.58711164089        54.8542041564767        0.0315826785040063      10.2618955011743        0.0315826785040054      -0.0071594111076752     -0.00661362736119055    0.000930735219376961    0.000953668864253896    
13.8918902304843        2106.4236113167         55.4387021061389        0.0288117122310111      10.057308364722         0.0288117122310103      -0.00661362736119055    -0.00599709007177654    0.000890671795951712    0.00100483659230237     
14.1128525217911        2222.88153395509        56.0734001643436        0.026157404234579       9.84418701986476        0.0261574042345799      -0.00599709007177654    -0.00531007641800196    0.000953668864253896    0.00102013732419371     
14.346913454885         2348.56955971516        56.7795499579818        0.0236690008259503      9.62533937485669        0.02366900082595        -0.00531007641800196    -0.00457147508256837    0.00100483659230237     0.000975077114700469    
14.5950675639412        2480.05403037976        57.5826559552848        0.021399218336304       9.40489391061264        0.0213992183363032      -0.00457147508256837    -0.00382375619942925    0.00102013732419371     0.000815718989015121    
14.8577181486629        2611.79471898584        58.5062806760746        0.0193889817904392      9.18695091300533        0.0193889817904385      -0.00382375619942925    -0.00316153823857206    0.000975077114700469    0.000511822805310425    
15.1357088520826        2739.22655494784        59.5611609464187        0.0176298423393838      8.97144844266001        0.0176298423393844      -0.00316153823857206    -0.00272105659492836    0.000815718989015121    -7.66664473230826e-05   
15.4299145479433        2864.94563329276        60.7206099140897        0.0160236219230991      8.74707624086633        0.0160236219230992      -0.00272105659492836    -0.00279171034408502    0.000511822805310425    -0.00104386165510245    
15.7440982732362        3021.18144795489        61.8883342699245        0.0142495595739978      8.47058685752156        0.0142495595739978      -0.00279171034408502    -0.00385786348247285    -7.66664473230826e-05   -0.000908317081611873   
16.0924752831053        3350.32152356522        62.8284863507958        0.0114828537563093      8.00741865311107        0.0114828537563088      -0.00385786348247285    -0.00498997919324885    -0.00104386165510245    -0.000613138908290079   
16.5158577675269        4353.7862566661         63.3163505664037        0.00691648461189495     7.08436019784789        0.00691648461189496     -0.00498997919324885    -0.00594045583443517    -0.000908317081611873   -0.000613138908290079   
17.1509314941593        4353.7862566661         63.3163505664037        1e-09                   7.08436019784789        1.00000007041162e-09    -0.00594045583443517    -0.00594045583443517    -0.000613138908290079   -0.000613138908290079   
