x                       V                     vel                       p                      cs                  dd1[i]             dd2_left[i]            dd2_right[i]             dd3_left[i]            dd3_right[i]
-73.0358619335237       14213.3477625905        -70.0423519731226       0.000953659053572487    4.75301444267541        0.000953659053572487    0.000139249535873368    0.000139249535873368    7.71050674145238e-06    7.71050674145238e-06    
-71.6248990789674       11821.4316685616        -69.2689146268473       0.00138097020672733     5.2161679636726         0.00138097020672733     0.000139249535873368    0.000171637990571961    7.71050674145238e-06    -3.97162002035202e-06   
-70.4259250497025       10365.1267303361        -68.5206719261198       0.00179922753722296     5.5751265217372         0.00179922753722296     0.000171637990571961    0.000157904261177352    7.71050674145238e-06    -6.8252223672177e-06    
-69.3611208942092       9515.94885595375        -67.6864265506272       0.00213919512134193     5.82472765709487        0.00213919512134193     0.000157904261177352    0.000136740966596397    -3.97162002035202e-06   -4.74159891149957e-06   
-68.3837069100533       8978.73166228693        -66.7950860778397       0.00240841879098611     6.00340820627109        0.00240841879098611     0.000136740966596397    0.000123157471643125    -6.8252223672177e-06    -2.36686664858345e-06   
-67.465621225576        8588.41241545805        -65.8912827755804       0.00263547693283852     6.1420087390912         0.00263547693283852     0.000123157471643125    0.000116766940593269    -4.74159891149957e-06   -8.67862131757785e-07   
-66.5919249412338       8272.44637085813        -65.0005334853164       0.00284008138470193     6.25758485677172        0.00284008138470193     0.000116766940593269    0.000114531207253541    -2.36686664858345e-06   -2.36933191952129e-07   
-65.7529103846351       7999.82826982047        -64.1319202366276       0.00303252219934108     6.35867607016153        0.00303252219934108     0.000114531207253541    0.000113944618051838    -8.67862131757785e-07   -3.06765360960511e-08   
-64.9441400840348       7757.92658475883        -63.2894697377957       0.00321704438670388     6.44949535131227        0.00321704438670387     0.000113944618051838    0.000113871295487188    -2.36933191952129e-07   -4.67173925796971e-08   
-64.1618904519694       7540.31786026179        -62.4734174837494       0.00339540003295792     6.53227825382615        0.00339540003295792     0.000113871295487188    0.000113763135050909    -3.06765360960511e-08   -2.27682640539709e-07   
-63.4025769457701       7343.11112321355        -61.6821725057111       0.00356828553659942     6.60836808077522        0.00356828553659942     0.000113763135050909    0.000113251111007996    -4.67173925796971e-08   -4.33027686164027e-07   
-62.6640594391475       7163.95727032304        -60.9147361416953       0.00373567839707258     6.67860269970408        0.00373567839707258     0.000113251111007996    0.000112303048898943    -2.27682640539709e-07   -6.48773458484079e-07   
-61.9442716525854       7000.91474945728        -60.1696987348565       0.00389744693947887     6.74360113537576        0.00389744693947887     0.000112303048898943    0.000110917565403315    -4.33027686164027e-07   -8.53182621018354e-07   
-61.2414359598309       6852.24221044853        -59.4456465016295       0.00405344031258958     6.80381691986932        0.00405344031258959     0.000110917565403315    0.000109137260755969    -6.48773458484079e-07   -1.01788671724288e-06   
-60.5541148018705       6716.64873955228        -58.7412981194208       0.00420354238681475     6.85975189955316        0.00420354238681476     0.000109137260755969    0.000107058384372808    -8.53182621018354e-07   -1.09432598684268e-06   
-59.8808901965082       6592.61318439778        -58.0552106320263       0.00434777862595186     6.91173189732418        0.00434777862595187     0.000107058384372808    0.000104867538320716    -1.01788671724288e-06   -1.17032377377855e-06   
-59.2201263634657       6478.84067048268        -57.3855655761478       0.00448638541519036     6.96019351878902        0.00448638541519036     0.000104867538320716    0.000102567857654032    -1.09432598684268e-06   -1.11523707107032e-06   
-58.5714144808372       6374.29622796089        -56.7316439115093       0.00461951860105007     7.00549546114437        0.00461951860105007     0.000102567857654032    0.000100414386926766    -1.17032377377855e-06   -9.87008434751934e-07   
-57.9336000000297       6277.63246734018        -56.0918417915238       0.00474766899447648     7.04794544813236        0.00474766899447647     0.000100414386926766    9.85393273120978e-05    -1.11523707107032e-06   -8.20807636973369e-07   
-57.3055099158275       6187.69611950526        -55.4644477168029       0.00487148139598194     7.08792947319121        0.00487148139598194     9.85393273120978e-05    9.70034403984485e-05    -9.87008434751934e-07   -5.96909067554985e-07   
-56.6865505012608       6103.50923297322        -54.8482786228616       0.00499159469941457     7.12580338571694        0.00499159469941457     9.70034403984485e-05    9.59023265313586e-05    -8.20807636973369e-07   -3.67224718134086e-07   
-56.0760842929046       6024.14658565941        -54.2421050806355       0.00510870755782627     7.16189025230207        0.00510870755782628     9.59023265313586e-05    9.5234072632828e-05     -5.96909067554985e-07   -1.69730481773461e-07   
-55.4736399964276       5948.81343235922        -53.6449151419067       0.00522346730575246     7.19646122201153        0.00522346730575246     9.5234072632828e-05     9.49292215104849e-05    -3.67224718134086e-07   -6.65937809664765e-09   
-54.8789382968751       5876.92117906173        -53.0559868254975       0.0053363983510394      7.22975247261084        0.0053363983510394      9.49292215104849e-05    9.49174109216561e-05    -1.69730481773461e-07   6.77674202528692e-08    
-54.2915176599033       5807.99774506355        -52.4745491853809       0.00544792197095584     7.26194630965576        0.00544792197095583     9.49174109216561e-05    9.50361384414784e-05    -6.65937809664765e-09   8.41698413654627e-08    
-53.7111520374205       5741.7354785604         -51.9002065175511       0.00555825171145795     7.29314873133765        0.00555825171145796     9.50361384414784e-05    9.51818686538279e-05    6.77674202528692e-08    1.59645770523829e-08    
-53.1374557821871       5677.9755020789         -51.332535644024        0.00566747191883837     7.3234516809453         0.00566747191883836     9.51818686538279e-05    9.52091947310021e-05    8.41698413654627e-08    -7.83718174232362e-08   
-52.5702346522767       5616.64877528888        -50.7714036667489       0.00577549992796333     7.35288544235937        0.00577549992796334     9.52091947310021e-05    9.5076528364953e-05     1.59645770523829e-08    -2.19827686773089e-07   
-52.0090963515739       5557.66797442944        -50.2165432158758       0.00588220648831534     7.38143511555524        0.00588220648831534     9.5076528364953e-05     9.47084046466407e-05    -7.83718174232362e-08   -3.44276489503645e-07   
-51.4539483814312       5501.04143000279        -49.6680044868446       0.00598737274003153     7.40909188090133        0.00598737274003154     9.47084046466407e-05    9.41379110075724e-05    -2.19827686773089e-07   -4.55830998477203e-07   
-50.9045395597879       5446.74504705957        -49.125666940167        0.00609082434817064     7.43585540370758        0.00609082434817065     9.41379110075724e-05    9.3390217578629e-05     -3.44276489503645e-07   -5.18746147759675e-07   
-50.3606317122097       5394.72771340092        -48.5893855753669       0.00619243366089225     7.46173499527334        0.00619243366089225     9.3390217578629e-05     9.25476118918452e-05    -4.55830998477203e-07   -5.60608399153606e-07   
-49.8218400389614       5344.88431956093        -48.0588227537627       0.00629216795084501     7.48675606393442        0.00629216795084501     9.25476118918452e-05    9.16455556647798e-05    -5.18746147759675e-07   -5.64253704793087e-07   
-49.2880235397527       5297.10700695717        -47.5338334206565       0.00639001945002849     7.51094942992545        0.00639001945002849     9.16455556647798e-05    9.07458571231376e-05    -5.60608399153606e-07   -5.23505305227155e-07   
-48.7590146167682       5251.27011181602        -47.0142073233933       0.00648604570343326     7.53436327173834        0.00648604570343327     9.07458571231376e-05    8.99184638877987e-05    -5.64253704793087e-07   -5.00729235901665e-07   
-48.2344712792825       5207.22756427109        -46.4995382580949       0.00658037683584936     7.55706288215708        0.00658037683584937     8.99184638877987e-05    8.91338192751714e-05    -5.23505305227155e-07   -4.52260499670729e-07   
-47.7144186585631       5164.85375186823        -45.9897704783508       0.00667309630047251     7.57909036583254        0.00667309630047251     8.91338192751714e-05    8.84309792380571e-05    -5.00729235901665e-07   -4.02972306065741e-07   
-47.198611909148        5123.99900529784        -45.4845863688577       0.00676433604294047     7.60048804962849        0.00676433604294047     8.84309792380571e-05    8.78097687367312e-05    -4.52260499670729e-07   -4.1005640856006e-07    
-46.6867536110309       5084.54365545872        -44.9836293922212       0.00685422176761368     7.62130673415296        0.00685422176761367     8.78097687367312e-05    8.71825530325684e-05    -4.02972306065741e-07   -3.6511579319721e-07    
-46.178993927324        5046.42709048861        -44.4869976272376       0.00694277757084441     7.6415771514291         0.0069427775708444      8.71825530325684e-05    8.66283283581426e-05    -4.1005640856006e-07    -4.09967655055713e-07   
-45.6748687255862       5009.54752678369        -43.9942049596892       0.00703011046646982     7.66133936292256        0.00703011046646982     8.66283283581426e-05    8.60106349686846e-05    -3.6511579319721e-07    -3.87060459444001e-07   
-45.1746123724338       4973.87045350714        -43.5054623344059       0.00711618523635613     7.68060148347722        0.00711618523635612     8.60106349686846e-05    8.54316598321086e-05    -4.09967655055713e-07   -4.36917623939716e-07   
-44.6777589551854       4939.31325352259        -43.0203060933667       0.00720107315102267     7.69938915915108        0.00720107315102269     8.54316598321086e-05    8.47826983906963e-05    -3.87060459444001e-07   -4.38354030468403e-07   
-44.1844515025733       4905.84629187551        -42.5388727628831       0.00728473355759089     7.71770508968484        0.0072847335575909      8.47826983906963e-05    8.41360253009778e-05    -4.36917623939716e-07   -4.66284355867441e-07   
-43.6943943733626       4873.41139131008        -42.0608721720294       0.00736719946027501     7.73556653514118        0.00736719946027501     8.41360253009778e-05    8.34526774795976e-05    -4.38354030468403e-07   -4.95331235646972e-07   
-43.2075166195924       4841.96761624661        -41.5862326811299       0.00744846860477952     7.75298262767003        0.00744846860477955     8.34526774795976e-05    8.2731205927296e-05     -4.66284355867441e-07   -4.32380903383553e-07   
-42.723659104612        4811.46928762128        -41.1147946212201       0.0075285587146631      7.76996664896908        0.00752855871466311     8.2731205927296e-05     8.2105175902184e-05     -4.95331235646972e-07   -5.87650156108097e-07   
-42.2420995263445       4781.83332694249        -40.6458478996434       0.00760758489128311     7.78654854762169        0.00760758489128308     8.2105175902184e-05     8.12591621898053e-05    -4.32380903383553e-07   -3.9231709975357e-07    
-41.7640775421329       4753.1390746629         -40.1805910157026       0.00768534558971839     7.80272563753405        0.00768534558971842     8.12591621898053e-05    8.06975935520507e-05    -5.87650156108097e-07   -6.19437503825681e-07   
-41.287787409888        4725.1961598532         -39.7172565572651       0.00776213938574164     7.81852833741232        0.00776213938574166     8.06975935520507e-05    7.98158786164111e-05    -3.9231709975357e-07    -4.11050909427198e-07   
-40.8151409334906       4698.15416788134        -39.2576939424553       0.00783766565567487     7.83396042525419        0.00783766565567488     7.98158786164111e-05    7.92339636255334e-05    -6.19437503825681e-07   -5.46072639048057e-07   
-40.3442116201842       4671.79752271374        -38.8000190401921       0.00791224128811761     7.84903276938643        0.00791224128811759     7.92339636255334e-05    7.84653221726133e-05    -4.11050909427198e-07   -5.5295107871117e-07    
-39.8763009249601       4646.21093284175        -38.345486578135        0.0079856685929526      7.8637460032976         0.00798566859295262     7.84653221726133e-05    7.76913100443403e-05    -5.46072639048057e-07   -4.12488805717455e-07   
-39.4114654858962       4621.32740164737        -37.8941407156122       0.0080579497983987      7.878073390159          0.00805794979839871     7.76913100443403e-05    7.71172521337791e-05    -5.5295107871117e-07    -6.25818931168869e-07   
-38.948318867           4597.11600150762        -37.444626003103        0.00812930795272089     7.89212388720936        0.0081293079527209      7.71172521337791e-05    7.62511909122546e-05    -4.12488805717455e-07   -4.51673286378208e-07   
-38.4888070620507       4573.59475161345        -36.9988218698951       0.00819945093793291     7.90579595147783        0.00819945093793291     7.62511909122546e-05    7.5629542054529e-05     -6.25818931168869e-07   -5.42168416026347e-07   
-38.0311900200416       4550.69913790062        -36.5550316259265       0.00826865158704861     7.91919036779041        0.00826865158704861     7.5629542054529e-05     7.48872452335526e-05    -4.51673286378208e-07   -5.27001231384893e-07   
-37.5759460072904       4528.40788116245        -36.1137117403449       0.00833684102770085     7.93227758526715        0.00833684102770083     7.48872452335526e-05    7.416919755813e-05      -5.42168416026347e-07   -5.2575216347183e-07    
-37.1229281201638       4506.71798299515        -35.6747129520745       0.00840404466936234     7.94508855009494        0.00840404466936231     7.416919755813e-05      7.34563704412542e-05    -5.27001231384893e-07   -5.51004960868225e-07   
-36.6720367128173       4485.57673347536        -35.2379323529846       0.00847027972833492     7.95760534284102        0.00847027972833489     7.34563704412542e-05    7.27129460611526e-05    -5.2575216347183e-07    -5.41591818464481e-07   
-36.223452396436        4464.99630081043        -34.8035389957917       0.00853552220124098     7.96984682559063        0.00853552220124101     7.27129460611526e-05    7.19857592676226e-05    -5.51004960868225e-07   -5.42332977298907e-07   
-35.7769909258572       4444.92684223093        -34.3713487147089       0.00859980162350741     7.98180107851493        0.0085998016235074      7.19857592676226e-05    7.12611100399169e-05    -5.41591818464481e-07   -5.84853907387824e-07   
-35.332605447934        4425.34265439838        -33.9413107087303       0.00866312762553981     7.99346693679681        0.00866312762553978     7.12611100399169e-05    7.04833068181359e-05    -5.42332977298907e-07   -5.18808682547292e-07   
-34.8905430217556       4406.20655711147        -33.5136585519585       0.00872546918021069     8.00481308502562        0.00872546918021071     7.04833068181359e-05    6.97964913747605e-05    -5.84853907387824e-07   -5.94323844245651e-07   
-34.4500797472135       4387.43778015492        -33.0876866995205       0.00878693251979526     8.01583014093795        0.00878693251979528     6.97964913747605e-05    6.90132190208533e-05    -5.18808682547292e-07   -5.5420072726076e-07    
-34.0118529830041       4369.01909979222        -32.6640063970685       0.00884743357627845     8.02647767069544        0.00884743357627842     6.90132190208533e-05    6.8286015452836e-05     -5.94323844245651e-07   -5.59388218560804e-07   
-33.5754518755263       4350.90449450811        -32.2422152830462       0.00890703506992874     8.0367550373782         0.00890703506992876     6.8286015452836e-05     6.75552219874767e-05    -5.5420072726076e-07    -5.88779600385803e-07   
-33.1408381120275       4333.09237306483        -31.8222715350439       0.00896574742217873     8.04667755182932        0.0089657474221787      6.75552219874767e-05    6.67893177600167e-05    -5.59388218560804e-07   -5.66362950370472e-07   
-32.7082635248237       4315.62780052006        -31.4044138151648       0.00902354195957227     8.05628621428523        0.00902354195957229     6.67893177600167e-05    6.60556398836857e-05    -5.88779600385803e-07   -5.67190006612385e-07   
-32.2773743365549       4298.54177308474        -30.9882959519533       0.00908047041392389     8.06564539611389        0.00908047041392392     6.60556398836857e-05    6.53238590193395e-05    -5.66362950370472e-07   -6.00024513659129e-07   
-31.8480757104587       4281.89064197733        -30.5738223275943       0.00913654797909687     8.07482706643221        0.00913654797909684     6.53238590193395e-05    6.45527803938797e-05    -5.67190006612385e-07   -5.81778988464187e-07   
-31.4206530149694       4265.74985058166        -30.1612645559729       0.00919173961428357     8.08389983096192        0.00919173961428357     6.45527803938797e-05    6.3808089034814e-05     -6.00024513659129e-07   -6.00404279562992e-07   
-30.9948277681342       4250.18938299068        -29.7503501590437       0.00924608265639044     8.09296014451706        0.00924608265639046     6.3808089034814e-05     6.30424391610833e-05    -5.81778988464187e-07   -5.99662544113674e-07   
-30.5705732780325       4235.2712365984         -29.3410499752715       0.00929958046438713     8.10208261840243        0.00929958046438712     6.30424391610833e-05    6.22803828451132e-05    -6.00404279562992e-07   -6.03028865981378e-07   
-30.1477076914671       4220.98792578626        -28.9331853224103       0.00935225526455814     8.1112839664436         0.00935225526455815     6.22803828451132e-05    6.15165911754851e-05    -5.99662544113674e-07   -6.27143497149396e-07   
-29.726155898932        4207.26443960009        -28.5266806728035       0.00940411573057869     8.12050918961239        0.00940411573057865     6.15165911754851e-05    6.07247950561296e-05    -6.03028865981378e-07   -6.07166683747508e-07   
-29.306060708758        4194.00813481477        -28.1216707468665       0.0094551449065177      8.12967349219181        0.00945514490651767     6.07247950561296e-05    5.9960606229588e-05     -6.27143497149396e-07   -6.3193034226699e-07    
-28.8871327075597       4181.13061970014        -27.7178737281221       0.00950537936669285     8.13871741758137        0.00950537936669285     5.9960606229588e-05     5.91676166668102e-05    -6.07166683747508e-07   -6.22212575383593e-07   
-28.4695017693283       4168.58602942886        -27.3154122027248       0.0095548054514717      8.14759969959616        0.00955480545147173     5.91676166668102e-05    5.83890057052046e-05    -6.3193034226699e-07    -6.23614346108193e-07   
-28.0529775786092       4156.32418193431        -26.9141002937623       0.009603448104589       8.15629037277921        0.00960344810458894     5.83890057052046e-05    5.76107497888522e-05    -6.22212575383593e-07   -6.33976507850793e-07   
-27.6374989450914       4144.31849475731        -26.5138767675261       0.00965131680300852     8.16477502501551        0.00965131680300849     5.76107497888522e-05    5.6821683688793e-05     -6.23614346108193e-07   -6.34872612835524e-07   
-27.2231829572309       4132.55776005157        -26.1148522119421       0.00969840086727311     8.17304530801712        0.00969840086727309     5.6821683688793e-05     5.6033666339983e-05     -6.33976507850793e-07   -6.32043312649468e-07   
-26.8100366459437       4121.0430504596         -25.7170312474708       0.00974470282459258     8.18111034172434        0.00974470282459253     5.6033666339983e-05     5.52513307929326e-05    -6.34872612835524e-07   -6.39102577915599e-07   
-26.39799747001         4109.76641012987        -25.3203515511108       0.00979023305516187     8.1889733745494         0.00979023305516192     5.52513307929326e-05    5.44624271373298e-05    -6.32043312649468e-07   -6.39142820857746e-07   
-25.9871086880776       4098.72411408809        -24.9248526972521       0.00983499028383384     8.19663669218173        0.00983499028383388     5.44624271373298e-05    5.36755980876214e-05    -6.39102577915599e-07   -6.36395644159423e-07   
-25.5773252056861       4087.90277332535        -24.530489201421        0.00987898308498833     8.20409677648491        0.00987898308498836     5.36755980876214e-05    5.28942200458981e-05    -6.39142820857746e-07   -6.4606348129038e-07    
-25.1685704835153       4077.29564013763        -24.1371853586776       0.0099222231520113      8.21135770322306        0.00992222315201134     5.28942200458981e-05    5.21030044869702e-05    -6.36395644159423e-07   -6.37052743314818e-07   
-24.7608996283662       4066.90332239565        -23.7449921518109       0.00996470806891141     8.21842486451008        0.00996470806891139     5.21030044869702e-05    5.13247973656171e-05    -6.4606348129038e-07    -6.4975494727489e-07    
-24.3541911842882       4056.72008406423        -23.3537907188024       0.010006453672578       8.22530461277935        0.010006453672578       5.13247973656171e-05    5.05330725391214e-05    -6.37052743314818e-07   -6.47605390777074e-07   
-23.9485563369803       4046.7575956652         -22.9636860411976       0.0100474515547374      8.23201078070758        0.0100474515547374      5.05330725391214e-05    4.97459076922953e-05    -6.4975494727489e-07    -6.40809460708602e-07   
-23.5439186282964       4037.01174707243        -22.5746026609127       0.010087712366316       8.23854895434723        0.010087712366316       4.97459076922953e-05    4.89689123019886e-05    -6.47605390777074e-07   -6.64326601762182e-07   
-23.1401706576983       4027.48446131172        -22.1864355090676       0.0101272491532818      8.24493163511931        0.0101272491532818      4.89689123019886e-05    4.81653299388436e-05    -6.40809460708602e-07   -6.42778545958554e-07   
-22.7375334210232       4018.18220456884        -21.7993953147438       0.0101660427905876      8.2511627697782         0.0101660427905875      4.81653299388436e-05    4.73896328020562e-05    -6.64326601762182e-07   -6.5973142015724e-07    
-22.3357026909142       4009.09618811476        -21.4131879958097       0.0102041248592886      8.25725116452414        0.0102041248592887      4.73896328020562e-05    4.65952987202255e-05    -6.42778545958554e-07   -6.59118420537132e-07   
-21.9348115258297       4000.22656595415        -21.0279399032996       0.0102414846189277      8.26319740853437        0.0102414846189278      4.65952987202255e-05    4.58034779504461e-05    -6.5973142015724e-07    -6.61442078390728e-07   
-21.5348396466307       3991.57277065162        -20.6436300439228       0.01027812612538        8.2690072333775         0.01027812612538        4.58034779504461e-05    4.50106080574563e-05    -6.59118420537132e-07   -6.56122169374048e-07   
-21.1357302823948       3983.12727470099        -20.2602024016661       0.0103140566255321      8.274680281635          0.0103140566255321      4.50106080574563e-05    4.42257974535903e-05    -6.61442078390728e-07   -6.74662571718511e-07   
-20.7373861306931       3974.88532494684        -19.8775620734041       0.0103492866412812      8.28022016556091        0.0103492866412811      4.42257974535903e-05    4.34205024554447e-05    -6.56122169374048e-07   -6.6015547240127e-07    
-20.3399953075662       3966.84916421798        -19.4958883149856       0.0103838015793716      8.28562757797456        0.0103838015793716      4.34205024554447e-05    4.2634136231703e-05     -6.74662571718511e-07   -6.69778111865756e-07   
-19.9433219950259       3959.0094165385         -19.1149531859394       0.0104176239170043      8.29090577936417        0.0104176239170043      4.2634136231703e-05     4.1837900352478e-05     -6.6015547240127e-07    -6.73202133111255e-07   
-19.5474276677532       3951.36414457663        -18.7348142929863       0.0104507500534655      8.29605519159517        0.0104507500534655      4.1837900352478e-05     4.10391547366245e-05    -6.69778111865756e-07   -6.73720202832101e-07   
-19.1523428419942       3943.91447198824        -18.3554994814433       0.0104831793262746      8.30108051775412        0.0104831793262746      4.10391547366245e-05    4.0241318384581e-05     -6.73202133111255e-07   -6.68963425407691e-07   
-18.758000352028        3936.65208830695        -17.9769427957097       0.0105149190822508      8.30597958938028        0.0105149190822508      4.0241318384581e-05     3.94505880805343e-05    -6.73720202832101e-07   -6.85373538580157e-07   
-18.3642991776256       3929.57377817237        -17.5990458095478       0.0105459789075897      8.31075630136664        0.0105459789075896      3.94505880805343e-05    3.86419326344616e-05    -6.68963425407691e-07   -6.73714714825381e-07   
-17.971424886489        3922.68194943195        -17.2219851640566       0.0105763458120567      8.31541147587871        0.0105763458120567      3.86419326344616e-05    3.78484449806417e-05    -6.85373538580157e-07   -6.81192654125193e-07   
-17.5791673088358       3915.968416857          -16.8455576583702       0.0106060376209312      8.31994674978588        0.0106060376209311      3.78484449806417e-05    3.70475444801074e-05    -6.73714714825381e-07   -6.86194430174112e-07   
-17.1875724078617       3909.43169777792        -16.4698059251729       0.010635052027716       8.32436278889364        0.010635052027716       3.70475444801074e-05    3.62421237323294e-05    -6.81192654125193e-07   -6.83426552630719e-07   
-16.7966861914266       3903.07299647065        -16.0947726131058       0.0106633869830553      8.3286631364703         0.0106633869830553      3.62421237323294e-05    3.54412821149937e-05    -6.86194430174112e-07   -6.86735055172065e-07   
-16.4064059008339       3896.88548211561        -15.7203576323263       0.0106910511339981      8.33284684772983        0.010691051133998       3.54412821149937e-05    3.46378558960674e-05    -6.83426552630719e-07   -6.9151658374117e-07    
-16.016726842289        3890.86620179368        -15.3465550031425       0.0107180457455775      8.33691409143154        0.0107180457455775      3.46378558960674e-05    3.38301062941951e-05    -6.86735055172065e-07   -6.91112144150248e-07   
-15.6276884276822       3885.01322826161        -14.9734010673087       0.0107443691046923      8.34086487332648        0.0107443691046923      3.38301062941951e-05    3.30240809185803e-05    -6.9151658374117e-07    -6.93355877793125e-07   
-15.2392352461658       3879.31549647097        -14.6008412389307       0.0107700259814192      8.34469179449969        0.0107700259814191      3.30240809185803e-05    3.2216665470074e-05     -6.91112144150248e-07   -6.97229466720135e-07   
-14.8513516650332       3873.77523897026        -14.2288591516424       0.010795018312531       8.34840050980955        0.010795018312531       3.2216665470074e-05     3.14059377971608e-05    -6.93355877793125e-07   -6.9826903772329e-07    
-14.4640563105133       3868.39513109148        -13.8574713521384       0.0108193458606964      8.35199625330301        0.0108193458606963      3.14059377971608e-05    3.05951486598876e-05    -6.97229466720135e-07   -6.96540207945473e-07   
-14.0772982025044       3863.17449250635        -13.4866277071012       0.0108430127992145      8.35548227890383        0.0108430127992146      3.05951486598876e-05    2.97874760792245e-05    -6.9826903772329e-07    -7.06012171175438e-07   
-13.691005767676        3858.11497861235        -13.1162584244129       0.0108660242911971      8.35886466332132        0.010866024291197       2.97874760792245e-05    2.8969911991276e-05     -6.96540207945473e-07   -7.00591145476998e-07   
-13.3053039808047       3853.2184355998         -12.7464822163851       0.0108883739279965      8.36214517464071        0.0108883739279965      2.8969911991276e-05     2.81596695023816e-05    -7.06012171175438e-07   -7.03992586175534e-07   
-12.9200448843575       3848.48352548095        -12.3771561716086       0.0109100713895858      8.36532824666212        0.0109100713895858      2.81596695023816e-05    2.73465020412705e-05    -7.00591145476998e-07   -7.08315684912428e-07   
-12.5352338809647       3843.91433813348        -12.008284448178        0.010931117234007       8.36842062634058        0.0109311172340069      2.73465020412705e-05    2.65293015140621e-05    -7.03992586175534e-07   -7.05570247064471e-07   
-12.1509167065263       3839.52130255249        -11.6399098697399       0.01095151000452        8.37143515747362        0.01095151000452        2.65293015140621e-05    2.57161877033431e-05    -7.08315684912428e-07   -7.10004462086387e-07   
-11.7669849437423       3835.31743543019        -11.2719274947742       0.0109712563511805      8.37439060193406        0.0109712563511806      2.57161877033431e-05    2.48988147435603e-05    -7.05570247064471e-07   -7.08634682550956e-07   
-11.3834522722033       3831.33055994105        -10.9043494078048       0.0109903561776213      8.37731932939147        0.0109903561776214      2.48988147435603e-05    2.40838190750228e-05    -7.10004462086387e-07   -7.1535737248673e-07    
-11.0002537436554       3827.6016357198         -10.5371123261371       0.0110088130680027      8.3802695766525         0.0110088130680027      2.40838190750228e-05    2.32618571436952e-05    -7.08634682550956e-07   -7.12591669549319e-07   
-10.6174622436601       3824.19534982304        -10.1702850633415       0.0110266236764154      8.38331308688044        0.0110266236764154      2.32618571436952e-05    2.24437594528987e-05    -7.1535737248673e-07    -7.17614430332463e-07   
-10.2349293717479       3821.20415812734        -9.80372439767583       0.0110437946014298      8.3865560921918         0.0110437946014298      2.24437594528987e-05    2.16204988717062e-05    -7.12591669549319e-07   -7.21943417437612e-07   
-9.85265748988613       3818.76714623306        -9.43743163844423       0.0110603246912843      8.39015341116664        0.0110603246912844      2.16204988717062e-05    2.07927543106558e-05    -7.17614430332463e-07   -7.2339828605781e-07    
-9.47062141145527       3817.08378981204        -9.07138176629792       0.0110762134347399      8.39432692896856        0.0110762134347399      2.07927543106558e-05    1.99636719432693e-05    -7.21943417437612e-07   -7.3045196623575e-07    
-9.08866927372116       3816.42747109827        -8.70542847893762       0.0110914644808074      8.39938189583654        0.0110914644808074      1.99636719432693e-05    1.91265980233794e-05    -7.2339828605781e-07    -7.35511229583459e-07   
-8.70672977556791       3817.16773910011        -8.33950276595424       0.011106076685084       8.40572797068311        0.011106076685084       1.91265980233794e-05    1.82834836642927e-05    -7.3045196623575e-07    -7.41825424212584e-07   
-8.32461493000796       3819.78420973545        -7.9734239146829        0.0111200516885075      8.41389702131768        0.0111200516885075      1.82834836642927e-05    1.74324529870854e-05    -7.35511229583459e-07   -7.50962271341381e-07   
-7.94208163783839       3824.87739418108        -7.60695849466291       0.011133390728794       8.42455285847556        0.011133390728794       1.74324529870854e-05    1.65696976145688e-05    -7.41825424212584e-07   -7.59982370736423e-07   
-7.55889435872045       3833.17035104563        -7.23988036886685       0.0111460921045616      8.438490167602          0.0111460921045617      1.65696976145688e-05    1.56946261060548e-05    -7.50962271341381e-07   -7.69432783177412e-07   
-7.17471741021792       3845.4903332167         -6.87186748190342       0.0111581546222737      8.4566123769599         0.0111581546222738      1.56946261060548e-05    1.48057926443174e-05    -7.59982370736423e-07   -7.7844820039455e-07    
-6.78910598001502       3862.73379497625        -6.50249322559541       0.0111695772619124      8.47988832131526        0.0111695772619124      1.48057926443174e-05    1.39024871479165e-05    -7.69432783177412e-07   -7.87021121774711e-07   
-6.40150975851856       3885.80323430687        -6.13122989589727       0.0111803586179777      8.50927667102678        0.0111803586179778      1.39024871479165e-05    1.29837606557147e-05    -7.7844820039455e-07    -7.92372811790998e-07   
-6.01131689988051       3915.5187289538         -5.75749078506014       0.0111904955963068      8.54562218269431        0.0111904955963067      1.29837606557147e-05    1.20517193940367e-05    -7.87021121774711e-07   -7.94919224182083e-07   
-5.61781313388928       3952.50581482925        -5.38059100852873       0.0111999847771718      8.58952898958675        0.0111999847771718      1.20517193940367e-05    1.1107903442145e-05     -7.92372811790998e-07   -7.92445328084686e-07   
-5.22027044349827       3997.0709432146         -4.99983245032809       0.0112088206944893      8.64122401685141        0.0112088206944893      1.1107903442145e-05     1.01565256544835e-05    -7.94919224182083e-07   -7.84511506594415e-07   
-4.81793518881398       4049.0811158659         -4.61449240540776       0.0112169970663032      8.70043399280476        0.0112169970663033      1.01565256544835e-05    9.20258129081425e-06    -7.92445328084686e-07   -7.71197433732457e-07   
-4.4100757924632        4107.86810545056        -4.22386928446329       0.0112245066805392      8.76629843894631        0.0112245066805391      9.20258129081425e-06    8.25142418591878e-06    -7.84511506594415e-07   -7.53052500923672e-07   
-3.99606292331141       4172.17825081959        -3.82735944893893       0.011231340952714       8.83734089441434        0.011231340952714       8.25142418591878e-06    7.30837283492709e-06    -7.71197433732457e-07   -7.31106172427251e-07   
-3.57544076396965       4240.18402393752        -3.42452550187423       0.0112374899894939      8.91151179866149        0.0112374899894938      7.30837283492709e-06    6.3781797751692e-06     -7.53052500923672e-07   -7.06308874199602e-07   
-3.1479603797863        4309.56092652734        -3.01512826938926       0.0112429432797391      8.98629967019489        0.0112429432797391      6.3781797751692e-06     5.46511990925294e-06    -7.31106172427251e-07   -6.81423101717979e-07   
-2.71356007166789       4377.62723670222        -2.59910798901866       0.011247690660497       9.05889958230699        0.0112476906604971      5.46511990925294e-06    4.57054756023587e-06    -7.06308874199602e-07   -6.57194673266459e-07   
-2.27250288488199       4441.52209108949        -2.17671598353482       0.0112517212426644      9.12640568735165        0.0112517212426645      4.57054756023587e-06    3.69534798790056e-06    -6.81423101717979e-07   -6.35769854062543e-07   
-1.82529796219572       4498.41463751507        -1.74843929774364       0.0112550248530266      9.18601913638791        0.0112550248530268      3.69534798790056e-06    2.83793711298524e-06    -6.57194673266459e-07   -6.17951338564571e-07   
-1.37278163090427       4545.69807977286        -1.31507830095972       0.011257591731016       9.2352236134763         0.0112575917310159      2.83793711298524e-06    1.99586061748779e-06    -6.35769854062543e-07   -6.04639351864426e-07   
-0.916044678023846      4581.16410242148        -0.877676989936525      0.0112594136124585      9.27193088985162        0.0112594136124585      1.99586061748779e-06    1.16554209295244e-06    -6.17951338564571e-07   -5.96407411698975e-07   
-0.456374919929953      4603.14206512976        -0.437467961823099      0.0112604843018972      9.2945870415524         0.0112604843018972      1.16554209295244e-06    3.42629787637667e-07    -6.04639351864426e-07   -5.93498139328035e-07   
0.00478717184479144     4610.59549458444        0.00417007816597866     0.0112608000622465      9.3022393390346         0.0112608000622465      3.42629787637667e-07    -4.77583362433061e-07   -5.96407411698975e-07   -5.96051368678414e-07   
0.465950834400697       4603.17400103836        0.445810313014434       0.0112603599300538      9.29456795412944        0.0112603599300539      -4.77583362433061e-07   -1.30000993310111e-06   -5.93498139328035e-07   -6.03908658573209e-07   
0.925625259356959       4581.22713300462        0.886025879607824       0.0112591657038097      9.27189259871719        0.0112591657038097      -1.30000993310111e-06   -2.12933610124024e-06   -5.96051368678414e-07   -6.16817829342911e-07   
1.3823698536511         4545.79075568526        1.32343794893159        0.0112572219495675      9.23516607620397        0.0112572219495676      -2.12933610124024e-06   -2.96988462161334e-06   -6.03908658573209e-07   -6.34187411801896e-07   
1.83489664284154        4498.53523425195        1.75681376140492        0.0112545356648598      9.18594263295074        0.0112545356648597      -2.96988462161334e-06   -3.82518370274469e-06   -6.16817829342911e-07   -6.55105327825522e-07   
2.28211467793775        4441.66878283274        2.18510915205344        0.0112511158824581      9.12631088183572        0.0112511158824581      -3.82518370274469e-06   -4.69762894318171e-06   -6.34187411801896e-07   -6.787700294827e-07     
2.72318746203011        4377.79807083793        2.60752357601983        0.0112469730862469      9.05878736179569        0.0112469730862469      -4.69762894318171e-06   -5.58875228910322e-06   -6.55105327825522e-07   -7.03015944159972e-07   
3.15760565645753        4309.75382240979        3.02356979082098        0.0112421181105505      8.98617099575115        0.0112421181105506      -5.58875228910322e-06   -6.49759507355528e-06   -6.787700294827e-07     -7.27122515390783e-07   
3.58510599643764        4240.3968846601         3.43299625676865        0.0112365624625621      8.91136768969248        0.0112365624625621      -6.49759507355528e-06   -7.42276511919167e-06   -7.03015944159972e-07   -7.4831995849442e-07    
4.00574997627584        4172.40908587886        3.83586254039308        0.0112303168563724      8.83718244019994        0.0112303168563725      -7.42276511919167e-06   -8.35994066128987e-06   -7.27122515390783e-07   -7.65690230297638e-07   
4.41978636238062        4108.11507854078        4.23240766001672        0.0112233923123909      8.76612677592103        0.0112233923123908      -8.35994066128987e-06   -9.30436116677938e-06   -7.4831995849442e-07    -7.78228985763106e-07   
4.8276708380842         4049.34255161167        4.62306889712987        0.0112157991762588      8.70025026984435        0.0112157991762588      -9.30436116677938e-06   -1.02507262860283e-05   -7.65690230297638e-07   -7.85413895189982e-07   
5.23003260928596        3997.34531755612        5.00844979160837        0.0112075464265967      8.64102937826751        0.0112075464265969      -1.02507262860283e-05   -1.11937263162903e-05   -7.78228985763106e-07   -7.87191358134315e-07   
5.62760311544244        3952.79172910513        5.38925182950731        0.0111986416185506      8.5893245724969         0.0111986416185506      -1.11937263162903e-05   -1.21284338173664e-05   -7.85413895189982e-07   -7.84024274226854e-07   
6.02113584496347        3915.81486845541        5.7661976048364         0.0111890913332742      8.54540911906705        0.0111890913332741      -1.21284338173664e-05   -1.30507241658477e-05   -7.87191358134315e-07   -7.78150170220443e-07   
6.4113586653865         3886.10832107155        6.13998512726718        0.0111789012924717      8.50905609072984        0.0111789012924719      -1.30507241658477e-05   -1.39591660413067e-05   -7.84024274226854e-07   -7.69153847802971e-07   
6.7989857159475         3863.04654761335        6.51129919551715        0.0111680751221566      8.47966135763822        0.0111680751221566      -1.39591660413067e-05   -1.48517583473759e-05   -7.78150170220443e-07   -7.59822596603507e-07   
7.18462872280385        3845.80943880632        6.8807264388988         0.0111566160830228      8.45638017881837        0.0111566160830227      -1.48517583473759e-05   -1.57295629068622e-05   -7.69153847802971e-07   -7.50155882526527e-07   
7.5688378755589         3833.49445236536        7.24879447921354        0.0111445257017005      8.43825391216613        0.0111445257017004      -1.57295629068622e-05   -1.65933927450427e-05   -7.59822596603507e-07   -7.41012941830584e-07   
7.95205784607529        3825.20508332147        7.61592981404378        0.0111318050790679      8.42431375790674        0.0111318050790677      -1.65933927450427e-05   -1.74447905685827e-05   -7.50155882526527e-07   -7.31838978655188e-07   
8.33462415050464        3820.11402298289        7.98245435111391        0.011118455448055       8.41365631686816        0.0111184554480551      -1.74447905685827e-05   -1.82844371835325e-05   -7.41012941830584e-07   -7.25565690352207e-07   
8.71677214780819        3817.49815343642        8.34859405017122        0.0111044785050485      8.40548691707753        0.0111044785050483      -1.82844371835325e-05   -1.91162230088587e-05   -7.31838978655188e-07   -7.20615760852836e-07   
9.09874476629853        3816.75691228726        8.71458216476805        0.01108987296222        8.39914175029616        0.0110898729622201      -1.91162230088587e-05   -1.99420962503313e-05   -7.25565690352207e-07   -7.13741150212563e-07   
9.48072983717124        3817.41065992981        9.08059922886695        0.0110746370866494      8.39408895884773        0.0110746370866495      -1.99420962503313e-05   -2.07601806905733e-05   -7.20615760852836e-07   -7.12520734835535e-07   
9.8627985135829         3819.08985954442        9.44671405746132        0.0110587718821851      8.38991890646826        0.0110587718821851      -2.07601806905733e-05   -2.15771907453808e-05   -7.13741150212563e-07   -7.08492244453112e-07   
10.2451025232507        3821.52114870479        9.81307276080721        0.0110422735190354      8.38632634935947        0.0110422735190353      -2.15771907453808e-05   -2.23900536954433e-05   -7.12520734835535e-07   -7.03835523517886e-07   
10.6276668992003        3824.50504328395        10.1797001199387        0.0110251422735324      8.38308934980096        0.0110251422735325      -2.23900536954433e-05   -2.31981643758211e-05   -7.08492244453112e-07   -7.07004949271841e-07   
11.0104891102939        3827.90242641091        10.5465945514078        0.0110073790089559      8.38005298479738        0.0110073790089561      -2.31981643758211e-05   -2.40105931890232e-05   -7.03835523517886e-07   -7.00772485182321e-07   
11.3937173938701        3831.62084345411        10.9138990061374        0.0109889768091933      8.37711093698568        0.0109889768091933      -2.40105931890232e-05   -2.48166078608359e-05   -7.07004949271841e-07   -7.02663151045199e-07   
11.7772786931576        3835.5957021735         11.2815443534562        0.0109699386243375      8.37419144759818        0.0109699386243374      -2.48166078608359e-05   -2.56255882538981e-05   -7.00772485182321e-07   -6.98821795998862e-07   
12.1612378152311        3839.78619862834        11.6495935866079        0.0109502604445621      8.37124631565449        0.010950260444562       -2.56255882538981e-05   -2.6430980812768e-05    -7.02663151045199e-07   -7.02181024980622e-07   
12.5455809487586        3844.16464763674        12.0180343194006        0.0109299418813371      8.36824316299031        0.0109299418813372      -2.6430980812768e-05    -2.7241156639092e-05    -6.98821795998862e-07   -6.98541138052509e-07   
12.9304163946156        3848.71808670858        12.3869712083527        0.0109089757806929      8.36516311801696        0.010908975780693       -2.7241156639092e-05    -2.80480766606813e-05   -7.02181024980622e-07   -6.95857949860234e-07   
13.315698290031         3853.43609406916        12.7563611088365        0.0108873630257454      8.36199314882935        0.0108873630257454      -2.80480766606813e-05   -2.88528908398925e-05   -6.98541138052509e-07   -7.01991422581382e-07   
13.7014211209296        3858.31461592895        13.1261995529258        0.0108651024551549      8.35872633901139        0.010865102455155       -2.88528908398925e-05   -2.96658411918465e-05   -6.95857949860234e-07   -6.933164917781e-07     
14.0877327492122        3863.35510694363        13.4966291670923        0.010842183791492       8.35535817318064        0.0108421837914919      -2.96658411918465e-05   -3.04698135629713e-05   -7.01991422581382e-07   -6.95813498670396e-07   
14.4745081039412        3868.55592673267        13.8675309175873        0.0108186127558764      8.35188686223771        0.0108186127558764      -3.04698135629713e-05   -3.12777853619548e-05   -6.933164917781e-07     -6.95561351392245e-07   
14.8618187127537        3873.91563297384        14.2389743389689        0.0107943835231474      8.34830632310489        0.0107943835231474      -3.12777853619548e-05   -3.20866030450689e-05   -6.95813498670396e-07   -6.92485638816285e-07   
15.249715509386         3879.43508311616        14.6110092984062        0.0107694912417608      8.34461324753869        0.0107694912417607      -3.20866030450689e-05   -3.28930303595788e-05   -6.95561351392245e-07   -6.91026338929568e-07   
15.6381798140602        3885.11173198351        14.9836189641316        0.0107439354483344      8.34080228535178        0.0107439354483345      -3.28930303595788e-05   -3.36989765495249e-05   -6.92485638816285e-07   -6.92187566568792e-07   
16.0272272587635        3890.94344587106        15.3568194682462        0.0107177135133932      8.33686763215669        0.0107177135133932      -3.36989765495249e-05   -3.45075264601914e-05   -6.91026338929568e-07   -6.88152970281861e-07   
16.4169132463567        3896.94138430142        15.7306651571437        0.0106908199954858      8.3328165378946         0.0106908199954857      -3.45075264601914e-05   -3.53126235735802e-05   -6.92187566568792e-07   -6.85551407260523e-07   
16.8071982985814        3903.10758609497        16.1051193849143        0.0106632559343278      8.32864886298563        0.0106632559343277      -3.53126235735802e-05   -3.61159627049939e-05   -6.88152970281861e-07   -6.8896727360859e-07    
17.1980871098951        3909.44512860161        16.4801878988362        0.0106350194253074      8.32436432856901        0.0106350194253073      -3.61159627049939e-05   -3.69246413733101e-05   -6.85551407260523e-07   -6.84590224353419e-07   
17.5896825466079        3915.96097116686        16.8559706722079        0.0106061012313582      8.31996378980937        0.0106061012313583      -3.69246413733101e-05   -3.7729535577826e-05    -6.8896727360859e-07    -6.77684106507072e-07   
17.9819386676374        3922.65404645434        17.2324248969093        0.010576502816323       8.31544362113702        0.010576502816323       -3.7729535577826e-05    -3.85276932887189e-05   -6.84590224353419e-07   -6.89802885331138e-07   
18.3748094871151        3929.52596887909        17.6095077080634        0.0105462259545062      8.31080308613423        0.0105462259545063      -3.85276932887189e-05   -3.93415656043761e-05   -6.77684106507072e-07   -6.73873793216272e-07   
18.7685051887533        3936.58503326856        17.987422139627         0.0105152523918302      8.30604049138537        0.0105152523918301      -3.93415656043761e-05   -4.01380871990422e-05   -6.89802885331138e-07   -6.78987549305487e-07   
19.1628403263452        3943.82895191995        18.3659914801763        0.0104835946455124      8.30115494807447        0.0104835946455123      -4.01380871990422e-05   -4.09421445898891e-05   -6.73873793216272e-07   -6.78774014507458e-07   
19.55791605275          3951.26103596855        18.7453141336967        0.0104512427739719      8.29614251226065        0.0104512427739718      -4.09421445898891e-05   -4.17474809827704e-05   -6.78987549305487e-07   -6.75591748497762e-07   
19.9537996097618        3958.88967548936        19.1254559981961        0.0104181891274078      8.29100530432328        0.0104181891274077      -4.17474809827704e-05   -4.25506047128774e-05   -6.78774014507458e-07   -6.66150139726526e-07   
20.3504605298474        3966.7138102897         19.5063891656244        0.0103844341097422      8.28573857049548        0.0103844341097422      -4.25506047128774e-05   -4.33440854272762e-05   -6.75591748497762e-07   -6.80727751768595e-07   
20.7478374100878        3974.73542620916        19.8880560166669        0.0103499811220081      8.28034184341059        0.0103499811220083      -4.33440854272762e-05   -4.41565901146754e-05   -6.66150139726526e-07   -6.62240843832314e-07   
21.146166169453         3982.96392419081        20.2706845392001        0.0103148075925085      8.27481183330181        0.0103148075925085      -4.41565901146754e-05   -4.49486877037323e-05   -6.80727751768595e-07   -6.67506467764641e-07   
21.5452588397776        3991.39708645536        20.6540955938715        0.010278928018727       8.26914781439936        0.0102789280187271      -4.49486877037323e-05   -4.57487924864001e-05   -6.62240843832314e-07   -6.65072618399597e-07   
21.9452128732916        4000.03966198766        21.0383842351575        0.0102423318888138      8.26334615299155        0.0102423318888137      -4.57487924864001e-05   -4.65477296952498e-05   -6.67506467764641e-07   -6.65507919681479e-07   
22.3460851784577        4008.89914996122        21.4236066467899        0.0102050120228967      8.25740718223489        0.0102050120228966      -4.65477296952498e-05   -4.73489803429465e-05   -6.65072618399597e-07   -6.48328372218427e-07   
22.747896143412         4017.97606410086        21.8097839917961        0.0101669644919405      8.25132514339166        0.0101669644919407      -4.73489803429465e-05   -4.81313357463e-05      -6.65507919681479e-07   -6.69569166799531e-07   
23.1505127977527        4027.27018174257        22.196790103458         0.010128200214695       8.24509942525052        0.0101282002146951      -4.81313357463e-05      -4.89412175356998e-05   -6.48328372218427e-07   -6.45722955353808e-07   
23.5542394135807        4036.79020479045        22.5849192180116        0.0100886878766966      8.23872121952563        0.0100886878766965      -4.89412175356998e-05   -4.97241286347661e-05   -6.69569166799531e-07   -6.52130620485219e-07   
23.9588550621129        4046.52958369964        22.9739608273821        0.0100484468839129      8.23218658538828        0.0100484468839128      -4.97241286347661e-05   -5.05167501523341e-05   -6.45722955353808e-07   -6.53861174106328e-07   
24.3644672031794        4056.48630212605        23.3640202242078        0.0100074645366569      8.22548304680452        0.010007464536657       -5.05167501523341e-05   -5.13134333379898e-05   -6.52130620485219e-07   -6.40711295545234e-07   
24.7711523610112        4066.6643858472         23.7551731175306        0.00996573056434018     8.21860506867915        0.00996573056434006     -5.13134333379898e-05   -5.20960644214713e-05   -6.53861174106328e-07   -6.49248528043075e-07   
25.178799408571         4077.05210450894        24.1473148005546        0.00992325378604926     8.2115389069273         0.00992325378604926     -5.20960644214713e-05   -5.28911337943891e-05   -6.40711295545234e-07   -6.39090834354361e-07   
25.5875298363796        4087.6551474874         24.5405643875465        0.00988001881092956     8.20427833001057        0.00988001881092951     -5.28911337943891e-05   -5.36757740588531e-05   -6.49248528043075e-07   -6.41342228208847e-07   
25.9972885740963        4098.47286019038        24.93487117557          0.00983602852036567     8.19681807601556        0.00983602852036577     -5.36757740588531e-05   -5.44652627592665e-05   -6.39090834354361e-07   -6.40808595385439e-07   
26.4081522192228        4109.51193381684        25.3303111708157        0.00979127169988273     8.18915419909276        0.00979127169988284     -5.44652627592665e-05   -5.52562234901633e-05   -6.41342228208847e-07   -6.3327548194658e-07    
26.820165853809         4120.78569432898        25.726930100729         0.00974574026905889     8.18129035069079        0.00974574026905888     -5.52562234901633e-05   -5.60400344299796e-05   -6.40808595385439e-07   -6.35868704965038e-07   
27.2332858945861        4132.29781317217        26.1246883458354        0.00969943603402396     8.1732244057859         0.00969943603402396     -5.60400344299796e-05   -5.68292319489884e-05   -6.3327548194658e-07    -6.33407165983908e-07   
27.6475734556205        4144.05616803877        26.523647114114         0.00965234926562378     8.16495330771225        0.00965234926562386     -5.68292319489884e-05   -5.76175250105274e-05   -6.35868704965038e-07   -6.23874377049439e-07   
28.0630102576183        4156.05926029459        26.923791212488         0.00960447922172252     8.15646827266013        0.00960447922172255     -5.76175250105274e-05   -5.83960386880229e-05   -6.33407165983908e-07   -6.2189710142463e-07    
28.479497832015         4168.31912719592        27.3250282547198        0.00955583490624241     8.14777775593           0.00955583490624233     -5.83960386880229e-05   -5.91741928102194e-05   -6.23874377049439e-07   -6.30871132364728e-07   
28.8971001031849        4180.86237702313        27.7274223553813        0.00950640691286897     8.13889621946023        0.00950640691286898     -5.91741928102194e-05   -5.99657975844009e-05   -6.2189710142463e-07    -6.05801638894924e-07   
29.316000892781         4193.73935615745        28.1311533558222        0.00945617143278618     8.12985427260202        0.00945617143278608     -5.99657975844009e-05   -6.07282178597702e-05   -6.30871132364728e-07   -6.25651942101565e-07   
29.736068131157         4206.99594665486        28.5360967876405        0.00940514274476279     8.12069346432592        0.00940514274476267     -6.07282178597702e-05   -6.15180785419134e-05   -6.05801638894924e-07   -6.01059585487329e-07   
30.1575922430288        4220.72072423485        28.9425356188981        0.00935328446893422     8.11147351982514        0.00935328446893413     -6.15180785419134e-05   -6.22793261145679e-05   -6.25651942101565e-07   -5.97892124928787e-07   
30.5804291727158        4235.00620863079        29.350334123832         0.00930061399244852     8.10227930915101        0.00930061399244858     -6.22793261145679e-05   -6.303908471356e-05     -6.01059585487329e-07   -5.98245107799968e-07   
31.0046585103866        4249.92678105642        29.7595723076584        0.00924712230071579     8.09316509093899        0.00924712230071578     -6.303908471356e-05     -6.38019349903938e-05   -5.97892124928787e-07   -5.79687006096955e-07   
31.4304589839533        4265.48692250357        30.1704259603418        0.009192787707125       8.08411155148308        0.0091927877071251      -6.38019349903938e-05   -6.45439031274758e-05   -5.98245107799968e-07   -5.98697175462465e-07   
31.8578558379141        4281.62200911985        30.5829229590387        0.00913760710933006     8.07504176562962        0.00913760710933012     -6.45439031274758e-05   -6.53132154231539e-05   -5.79687006096955e-07   -5.63030646885592e-07   
32.2871240948964        4298.26262173358        30.9973325143298        0.00908154363884139     8.06586010814246        0.00908154363884136     -6.53132154231539e-05   -6.60395519103372e-05   -5.98697175462465e-07   -5.67276722560013e-07   
32.7179480516725        4315.33540012131        31.4133538127463        0.00902463634554596     8.05650179411593        0.00902463634554592     -6.60395519103372e-05   -6.67743017979259e-05   -5.63030646885592e-07   -5.79781443214471e-07   
33.1504625117002        4332.78754972827        31.8311210993572        0.00896686475914303     8.04689588066024        0.00896686475914314     -6.67743017979259e-05   -6.75283863542959e-05   -5.67276722560013e-07   -5.70435396747523e-07   
33.5849635239325        4350.58101552778        32.2509247609724        0.00890818484099323     8.03697495454991        0.00890818484099334     -6.75283863542959e-05   -6.82735111887195e-05   -5.79781443214471e-07   -5.39210163155568e-07   
34.0213804128791        4368.68238096641        32.6727012306649        0.00884860042857936     8.02669761779883        0.00884860042857934     -6.82735111887195e-05   -6.89809677653659e-05   -5.70435396747523e-07   -6.05101949471583e-07   
34.4595077024553        4387.08309108922        33.0962567076726        0.00878813413575741     8.01605416951978        0.00878813413575735     -6.89809677653659e-05   -6.97783557487628e-05   -5.39210163155568e-07   -5.06084843034319e-07   
34.8999659679855        4405.84047094485        33.522196234935         0.00872669411786724     8.0050423819465         0.00872669411786722     -6.97783557487628e-05   -7.04482491572553e-05   -6.05101949471583e-07   -5.95600920734742e-07   
35.341927181957         4424.95990896259        33.9497241530136        0.00866439072240491     7.99370393729018        0.00866439072240488     -7.04482491572553e-05   -7.12402654639329e-05   -5.06084843034319e-07   -5.29101938052751e-07   
35.7863170742017        4444.53380803476        34.3797411248031        0.00860108896673106     7.98204555012383        0.008601088966731       -7.12402654639329e-05   -7.19472036548555e-05   -5.95600920734742e-07   -5.64555728843825e-07   
36.2327102641567        4464.58816444095        34.8118409279198        0.00853684485736207     7.97010001106712        0.00853684485736196     -7.19472036548555e-05   -7.27051817610495e-05   -5.29101938052751e-07   -5.16258099687872e-07   
36.6814021315681        4485.16410381029        35.2463148439583        0.00847161243407219     7.95786529067244        0.0084716124340723      -7.27051817610495e-05   -7.34016627273651e-05   -5.64555728843825e-07   -5.60624416324783e-07   
37.1320619088139        4506.27648825865        35.682848051608         0.00840543701985264     7.94535747214485        0.00840543701985252     -7.34016627273651e-05   -7.41616799786426e-05   -5.16258099687872e-07   -5.03689815849111e-07   
37.5851544428954        4527.9597612264         36.1218965527861        0.00833824755840871     7.93255417290241        0.0083382475584086      -7.41616799786426e-05   -7.48478849662998e-05   -5.60624416324783e-07   -5.42152412677506e-07   
38.040282073387         4550.2345531635         36.5630811914637        0.00827010004622405     7.91947967445334        0.00827010004622412     -7.48478849662998e-05   -7.55902331824448e-05   -5.03689815849111e-07   -5.1211454729633e-07    
38.4978945423341        4573.11403572151        37.0068445284096        0.00820092356639491     7.90609033882107        0.00820092356639489     -7.55902331824448e-05   -7.62950695607122e-05   -5.42152412677506e-07   -5.08801986157412e-07   
38.957844035916         4596.63607305321        37.4530507051285        0.00813073549120684     7.89240479399186        0.00813073549120683     -7.62950695607122e-05   -7.6999130189182e-05    -5.1211454729633e-07    -5.20581576646127e-07   
39.4202437455512        4620.80804188018        37.9018175667557        0.00805951279144847     7.87839466731234        0.00805951279144845     -7.6999130189182e-05    -7.77236039185561e-05   -5.08801986157412e-07   -5.3987664625238e-07    
39.8854559837767        4645.68547737247        38.3535058493021        0.00798719193784802     7.86405128741404        0.00798719193784802     -7.77236039185561e-05   -7.84792694248746e-05   -5.20581576646127e-07   -4.87346258817702e-07   
40.3536070987384        4671.27148002774        38.8082482382953        0.00791374363450174     7.84933595281569        0.00791374363450181     -7.84792694248746e-05   -7.91650638797363e-05   -5.3987664625238e-07    -4.5225295732198e-07    
40.823881292346         4697.5962264016         39.2652626987882        0.00783928731148515     7.83430559485125        0.00783928731148517     -7.91650638797363e-05   -7.98049096470862e-05   -4.87346258817702e-07   -6.17298941246254e-07   
41.2962217178257        4724.61125909657        39.7245040116479        0.00776382510172177     7.81889330289687        0.00776382510172174     -7.98049096470862e-05   -8.06831794170631e-05   -4.5225295732198e-07    -3.99214301666273e-07   
41.7724337730562        4752.53679989578        40.1877394593833        0.00768705867383278     7.80310079715626        0.00768705867383268     -8.06831794170631e-05   -8.12545925161087e-05   -6.17298941246254e-07   -5.82133113343664e-07   
42.2505795696952        4781.22712308251        40.6530954080645        0.00760929250191764     7.78692875889215        0.00760929250191765     -8.12545925161087e-05   -8.20927381581296e-05   -3.99214301666273e-07   -4.23187421342496e-07   
42.7322119597032        4810.86033300755        41.122094081366         0.00753026965799121     7.77035773463061        0.00753026965799115     -8.20927381581296e-05   -8.27054905390792e-05   -5.82133113343664e-07   -5.0618774633914e-07    
43.2160104989699        4841.34242469893        41.5934591633394        0.00745020606656289     7.75338621751815        0.0074502060665628      -8.27054905390792e-05   -8.34427281192937e-05   -4.23187421342496e-07   -4.45898592303793e-07   
43.7028941205388        4872.77320794218        42.06809316366          0.00736895492842118     7.73598153067256        0.007368954928421       -8.34427281192937e-05   -8.40961443921633e-05   -5.0618774633914e-07    -4.63596963864346e-07   
44.1927991357246        4905.18150949425        42.5459391272364        0.00728653641668579     7.71813704847049        0.00728653641668593     -8.40961443921633e-05   -8.47799951850833e-05   -4.45898592303793e-07   -4.03455655661997e-07   
44.6862075153525        4938.63852658164        43.0274699385446        0.00720288371280345     7.69983105946039        0.00720288371280327     -8.47799951850833e-05   -8.53792237993611e-05   -4.63596963864346e-07   -4.20998350428046e-07   
45.1828924083692        4973.16191426899        43.5124654625802        0.00711805231281191     7.68106184780143        0.00711805231281204     -8.53792237993611e-05   -8.60089227004996e-05   -4.03455655661997e-07   -3.70873305466566e-07   
45.6832815233704        5008.82474460529        44.0013453833343        0.00703198481117959     7.66180782908804        0.00703198481117954     -8.60089227004996e-05   -8.65676653308098e-05   -4.20998350428046e-07   -4.02169724571648e-07   
46.1871805597683        5045.65652749236        44.4939263515997        0.00694472267375173     7.64206399807883        0.0069447226737518      -8.65676653308098e-05   -8.71780697552619e-05   -3.70873305466566e-07   -3.79058778523493e-07   
46.6950379792566        5083.74778335045        44.9906623287454        0.00685618165472996     7.62179968789977        0.00685618165472997     -8.71780697552619e-05   -8.77577904673673e-05   -4.02169724571648e-07   -4.28031800352776e-07   
47.2066922719063        5123.14889313693        45.4914245814508        0.00676636237363794     7.60099575769151        0.00676636237363807     -8.77577904673673e-05   -8.84175479745009e-05   -3.79058778523493e-07   -4.42874769205754e-07   
47.7225076374006        5163.96467572953        45.9966156690162        0.00667514914037523     7.57960359189098        0.00667514914037516     -8.84175479745009e-05   -8.91056958343789e-05   -4.28031800352776e-07   -5.07071554305258e-07   
48.2424608589399        5206.2912283541         46.5062762948644        0.00658247159007173     7.55758604541165        0.00658247159007157     -8.91056958343789e-05   -8.99001581941642e-05   -4.42874769205754e-07   -5.27235740962405e-07   
48.7669102321476        5250.28802611753        47.0208346823034        0.00648817697842316     7.53489636083852        0.00648817697842322     -8.99001581941642e-05   -9.07332851072737e-05   -5.07071554305258e-07   -5.64769387484437e-07   
49.2958212390854        5296.08108687704        47.5403387907981        0.00639218317433041     7.51149346151449        0.00639218317433057     -9.07332851072737e-05   -9.1633620996754e-05    -5.27235740962405e-07   -5.66277539486087e-07   
49.8295055121364        5343.81435112143        48.0651683559134        0.00629436562734467     7.48731386753731        0.00629436562734454     -9.1633620996754e-05    -9.25446110409218e-05   -5.64769387484437e-07   -5.21118181446105e-07   
50.3681966373697        5393.6203380003         48.5956036280056        0.00619465468002562     7.46230700130942        0.00619465468002581     -9.25446110409218e-05   -9.33909032045908e-05   -5.66277539486087e-07   -4.59552801968042e-07   
50.9120032328205        5445.60301977934        49.1317638144709        0.00609306358110844     7.43644241074449        0.00609306358110826     -9.33909032045908e-05   -9.41445604872794e-05   -5.21118181446105e-07   -3.49113687203694e-07   
51.4613090763816        5499.86787385371        49.673991209486         0.00598962404575879     7.40969419811308        0.00598962404575861     -9.41445604872794e-05   -9.47229605342849e-05   -4.59552801968042e-07   -2.26550534071878e-07   
52.0163525444241        5556.46638088301        50.2224350572567        0.00588446159088355     7.38205176981551        0.00588446159088337     -9.47229605342849e-05   -9.5102265480076e-05    -3.49113687203694e-07   -8.27136602558339e-08   
52.5773813876258        5615.42311722486        50.7772138038764        0.00577774854426645     7.35351420988474        0.00577774854426637     -9.5102265480076e-05    -9.52422512971667e-05   -2.26550534071878e-07   6.42581053489167e-09    
53.1444548819815        5676.72815035025        51.3382423441715        0.00566970777490233     7.32409149429103        0.00566970777490246     -9.52422512971667e-05   -9.52312548387729e-05   -8.27136602558339e-08   7.92907139700501e-08    
53.7180362012787        5740.47758503329        51.9058530509198        0.00556045429110383     7.29379453378963        0.00556045429110383     -9.52312548387729e-05   -9.50940006580188e-05   6.42581053489167e-09    6.50685463684477e-08    
54.2982880278457        5806.73497754441        52.4801403765549        0.00545007894627084     7.26259412419663        0.00545007894627086     -9.50940006580188e-05   -9.49800234754254e-05   7.92907139700501e-08    -4.80211578086009e-09   
54.8855975507392        5875.6580618022         53.0615213075925        0.00533850293726179     7.23040084426825        0.00533850293726173     -9.49800234754254e-05   -9.49885385627958e-05   6.50685463684477e-08    -1.63067454748259e-07   
55.4801893322453        5947.54702568283        53.6503834798273        0.00522552221512083     7.19711042805623        0.00522552221512101     -9.49885385627958e-05   -9.52813683988916e-05   -4.80211578086009e-09   -3.56237198152073e-07   
56.0825247629195        6022.86526527031        54.247493456157         0.00511072643489942     7.16254339429024        0.00511072643489955     -9.52813683988916e-05   -9.59295083974588e-05   -1.63067454748259e-07   -5.837424329338e-07     
56.6928786516176        6102.19599345295        54.853567175066         0.00499360205743774     7.12646925994855        0.00499360205743769     -9.59295083974588e-05   -9.70061310117461e-05   -3.56237198152073e-07   -8.0906583294106e-07    
57.3117196858095        6186.3274710024         55.4696145183622        0.00487350840484913     7.08861986156676        0.00487350840484904     -9.70061310117461e-05   -9.85197365402829e-05   -5.837424329338e-07     -9.81115121367196e-07   
57.9396850151638        6276.17907193075        56.096866196895         0.00474974703237051     7.04867161498403        0.0047497470323704      -9.85197365402829e-05   -0.000100383054249307   -8.0906583294106e-07    -1.10218619973933e-06   
58.5773311752697        6372.72461689984        56.736469794851         0.00462168030144712     7.00627050439737        0.00462168030144695     -0.000100383054249307   -0.000102510388584366   -9.81115121367196e-07   -1.17153229245686e-06   
59.2256342822709        6477.09838662392        57.3899395188251        0.00448869372136292     6.96104767745592        0.00448869372136281     -0.000102510388584366   -0.000104811248626059   -1.10218619973933e-06   -1.1116907173987e-06    
59.8859790396464        6590.66204222899        58.0591124054658        0.00435023803178527     6.91266333993251        0.0043502380317853      -0.000104811248626059   -0.00010703569694552    -1.17153229245686e-06   -1.01394511240941e-06   
60.5589869930707        6714.53224742849        58.744930686971         0.00420609993431948     6.86075720370269        0.00420609993431934     -0.00010703569694552    -0.000109105473178525   -1.1116907173987e-06    -8.64996231748911e-07   
61.2458978556219        6849.93316577096        59.4488183557331        0.00405611988700859     6.80491858123755        0.00405611988700868     -0.000109105473178525   -0.00011090948475509    -1.01394511240941e-06   -6.59304083438884e-07   
61.9483353392523        6998.42720959532        60.1724392376184        0.00390022416283178     6.74480477907293        0.00390022416283191     -0.00011090948475509    -0.00011231670895242    -8.64996231748911e-07   -4.40448788112787e-07   
62.6677738969852        7161.33231666909        60.9171251573622        0.00373851794869861     6.67991634209876        0.00373851794869876     -0.00011231670895242    -0.000113280533554139   -6.59304083438884e-07   -2.36542340427446e-07   
63.4059278229444        7340.39660027217        61.684234000909         0.00357116403395927     6.60981093197691        0.0035711640339592      -0.000113280533554139   -0.000113812214826044   -4.40448788112787e-07   -5.39778705477409e-08   
64.1648623189861        7537.59117661245        62.4751787119909        0.00339829180173054     6.53387765168058        0.00339829180173066     -0.000113812214826044   -0.000113937119742319   -2.36542340427446e-07   -3.74831764489952e-08   
64.9466896438679        7755.31044958697        63.2909280044031        0.00321992801667136     6.45129720735931        0.00321992801667141     -0.000113937119742319   -0.000114026664253609   -5.39778705477409e-08   -2.44957700924003e-07   
65.7550166641485        7997.51897274355        64.1330913417371        0.00303537079063281     6.36074360005671        0.00303537079063279     -0.000114026664253609   -0.000114632806714977   -3.74831764489952e-08   -8.71455069549508e-07   
66.5936242242949        8270.77582568387        65.0014848239235        0.00284285635106033     6.26000899683081        0.00284285635106022     -0.000114632806714977   -0.000116876704700519   -2.44957700924003e-07   -2.37112911261652e-06   
67.4668838977822        8587.88930451221        65.8920017427747        0.00263815623298575     6.14494286614212        0.00263815623298583     -0.000116876704700519   -0.000123276238320033   -8.71455069549508e-07   -4.73788223745843e-06   
68.3845956204619        8980.21191650256        66.7956326598077        0.0024109574214121      6.00706647290578        0.00241095742141205     -0.000123276238320033   -0.000136848360629512   -2.37112911261652e-06   -6.779185957615e-06     
69.3619239287963        9520.99214226989        67.6870169257635        0.00214148779483385     5.82939225925824        0.00214148779483389     -0.000136848360629512   -0.000157893904367336   -4.73788223745843e-06   -4.07411452250708e-06   
70.4277777988858        10377.2268140499        68.522029276953         0.00180092402975578     5.5810090383443         0.00180092402975587     -0.000157893904367336   -0.000172007826379582   -6.779185957615e-06     7.84621801879632e-06    
71.6325721853424        11852.0737157911        69.2737171624826        0.00138076036974613     5.2225271159459         0.00138076036974612     -0.000172007826379582   -0.000139013305847122   -4.07411452250708e-06   -2.06435547352781e-05   
73.0425311993846        14194.954869128         70.0461311854527        0.000954013783093269    4.75082143696138        0.000954013783093244    -0.000139013305847122   -0.000246045265040768   7.84621801879632e-06    -2.06435547352781e-05   
75.157469720448         14194.954869128         70.0461311854527        1e-09                   4.75082143696138        9.99999964789679e-10    -0.000246045265040768   -0.000246045265040768   -2.06435547352781e-05   -2.06435547352781e-05   
