x                       V                     vel                       p                      cs                  dd1[i]             dd2_left[i]            dd2_right[i]             dd3_left[i]            dd3_right[i]
-104.196203362949       17444.1068156544        -71.4588820646787       0.000677060625137148    4.43672511836643        0.000677060625137148    5.52714321531798e-05    5.52714321531798e-05    -8.45489647320809e-07   -8.45489647320809e-07   
-102.410352156475       15329.4572511192        -70.4844225959913       0.000893838639610469    4.77878318112245        0.000893838639610469    5.52714321531798e-05    5.06556590595059e-05    -8.45489647320809e-07   -1.47779138182914e-06   
-100.816706266813       14235.4562456061        -69.4652357155648       0.00105730323027412     5.00852504451246        0.00105730323027412     5.06556590595059e-05    4.37608720859718e-05    -8.45489647320809e-07   -7.89464390563133e-07   
-99.3358974652448       13518.1439826267        -68.4471290014607       0.0011875291887254      5.17255426212262        0.0011875291887254      4.37608720859718e-05    4.03356216437746e-05    -1.47779138182914e-06   -2.57602726303637e-07   
-97.939453314035        12965.7177922788        -67.4595912457457       0.00130052839571121     5.30130238080492        0.00130052839571121     4.03356216437746e-05    3.92788126151495e-05    -7.89464390563133e-07   2.00353291759924e-08    
-96.6102018390339       12495.8342472913        -66.5087073508347       0.00140516124601406     5.40966142207763        0.00140516124601406     3.92788126151495e-05    3.93572112069335e-05    -2.57602726303637e-07   1.50468531475993e-07    
-95.3374496878255       12077.3660355201        -65.5931927107901       0.00150552880926263     5.50497086072905        0.00150552880926263     3.93572112069335e-05    3.99221203788913e-05    2.00353291759924e-08    1.76267356119231e-07    
-94.1118662811047       11696.9087737898        -64.7090015561556       0.00160347104497414     5.59101280843877        0.00160347104497414     3.99221203788913e-05    4.05596543395778e-05    1.50468531475993e-07    1.7418609299887e-07     
-92.9291202298707       11349.2798593781        -63.8544503583793       0.00169950373353936     5.66982414395076        0.00169950373353936     4.05596543395778e-05    4.11684519473689e-05    1.76267356119231e-07    1.62861058676201e-07    
-91.7848157103634       11030.5982585071        -63.0272327853827       0.00179381794350705     5.74265981982328        0.00179381794350705     4.11684519473689e-05    4.17198861860368e-05    1.7418609299887e-07     1.30663996267969e-07    
-90.6743026221215       10737.4498013332        -62.2245402511943       0.00188653592707109     5.81041949365352        0.00188653592707109     4.17198861860368e-05    4.21494680461879e-05    1.62861058676201e-07    9.50348927139267e-08    
-89.594847292063        10467.465729487         -61.4448021584493       0.00197759035491959     5.87372103342291        0.00197759035491959     4.21494680461879e-05    4.24534299540687e-05    1.30663996267969e-07    4.99130104226e-08       
-88.543721715874        10218.5027758162        -60.6864012814316       0.00206688860044121     5.93302998769199        0.00206688860044121     4.24534299540687e-05    4.26089893168418e-05    9.50348927139267e-08    -3.46740688411605e-09   
-87.5185480655046       9988.6293068785         -59.9479541828452       0.00215429323206516     5.98866102360899        0.00215429323206517     4.26089893168418e-05    4.25984433112448e-05    4.99130104226e-08       -5.92189591936712e-08   
-86.5173828359986       9776.55797037399        -59.2283655856661       0.00223963145856492     6.04095560692915        0.00223963145856492     4.25984433112448e-05    4.24224086855972e-05    -3.46740688411605e-09   -1.04791398298459e-07   
-85.5382510279013       9580.64724384141        -58.5264712277255       0.00232275547154659     6.09008768499962        0.00232275547154659     4.24224086855972e-05    4.21175343042854e-05    -5.92189591936712e-08   -1.64960545375036e-07   
-84.5788070157347       9399.55766919058        -57.8407857550514       0.00240358731552892     6.13632050244676        0.00240358731552892     4.21175343042854e-05    4.16472461184904e-05    -1.04791398298459e-07   -2.03231117511888e-07   
-83.6384329194823       9232.33550874945        -57.1709925605187       0.00248195182442946     6.17983440442724        0.00248195182442946     4.16472461184904e-05    4.10788212064821e-05    -1.64960545375036e-07   -2.32832380101184e-07   
-82.7153746716468       9077.53118537134        -56.5158912741598       0.00255782561175133     6.22076385414393        0.00255782561175132     4.10788212064821e-05    4.0439145323226e-05     -2.03231117511888e-07   -2.58249832385785e-07   
-81.8078066176083       8933.93489820799        -55.8741652519277       0.0026312489595759      6.25931398075814        0.0026312489595759      4.0439145323226e-05     3.97413316688172e-05    -2.32832380101184e-07   -2.65493819253544e-07   
-80.9147002999921       8800.52728726996        -55.2449936373649       0.00270225775320625     6.29567220323194        0.00270225775320625     3.97413316688172e-05    3.90350320896989e-05    -2.58249832385785e-07   -2.59405835228581e-07   
-80.0349322102688       8676.24315831187        -54.6274177930189       0.00277095889496116     6.33002279542633        0.00277095889496116     3.90350320896989e-05    3.8355022469461e-05     -2.65493819253544e-07   -2.4135479501728e-07    
-79.1676010796918       8560.04725195637        -54.020569829311        0.00283750389978424     6.36254239799411        0.00283750389978424     3.8355022469461e-05     3.77311145144861e-05    -2.59405835228581e-07   -2.05734301616911e-07   
-78.3120814454756       8451.01825300894        -53.4237190479086       0.00290207973868708     6.39342485726963        0.00290207973868708     3.77311145144861e-05    3.72063209308182e-05    -2.4135479501728e-07    -1.65878551757689e-07   
-77.4675029210948       8348.21988299064        -52.8359256868591       0.00296493633328559     6.42286805735778        0.00296493633328559     3.72063209308182e-05    3.67885287544624e-05    -2.05734301616911e-07   -1.17006506387098e-07   
-76.6333669170894       8250.80847778926        -52.2564952518065       0.00302632218571831     6.45104703987995        0.00302632218571831     3.67885287544624e-05    3.64973823910342e-05    -1.65878551757689e-07   -7.43505619310903e-08   
-75.8089895411606       8158.06643849857        -51.684618039085        0.00308650399031504     6.47815619546193        0.00308650399031504     3.64973823910342e-05    3.63145161780396e-05    -1.17006506387098e-07   -3.30027688194094e-08   
-74.9940106606786       8069.39003604241        -51.1197496417487       0.00314570597868816     6.50434835075035        0.00314570597868816     3.63145161780396e-05    3.62342501609585e-05    -7.43505619310903e-08   -9.63298644581683e-09   
-74.1878321185306       7984.20149264329        -50.5612431032025       0.0032041308575301      6.52973026182504        0.00320413085753009     3.62342501609585e-05    3.62110755370477e-05    -3.30027688194094e-08   3.56732573970845e-09    
-73.3903253677895       7902.16601537474        -50.0088530634076       0.00326189397654781     6.55439136854467        0.00326189397654781     3.62110755370477e-05    3.6219566913173e-05     -9.63298644581683e-09   -2.37114647040529e-10   
-72.6011609715166       7823.03619028781        -49.4622736188722       0.00331906573577715     6.57839536778396        0.00331906573577715     3.6219566913173e-05     3.62190083123516e-05    3.56732573970845e-09    -1.2965135460779e-08    
-71.8200421886301       7746.6626490954         -48.9212922726049       0.00337565758508376     6.60177760537569        0.00337565758508377     3.62190083123516e-05    3.6188768683541e-05     -2.37114647040529e-10   -3.9612201064972e-08    
-71.0464635427822       7672.93513967259        -48.3856063868041       0.0034316502552236      6.62455405170436        0.00343165025522361     3.6188768683541e-05     3.60972700526412e-05    -1.2965135460779e-08    -7.00422851909284e-08   
-70.2802618455742       7601.82335471969        -47.8551837827765       0.0034869697218044      6.64671947510112        0.00348696972180439     3.60972700526412e-05    3.5936998502321e-05     -3.9612201064972e-08    -9.53016474703279e-08   
-69.5212217110247       7533.31442609453        -47.3299676861817       0.00354153362688302     6.6682689360254         0.00354153362688303     3.5936998502321e-05     3.57209185195012e-05    -7.00422851909284e-08   -1.25376253044509e-07   
-68.7688613670333       7467.37011381097        -46.809709698625        0.00359528310444975     6.68920892244337        0.00359528310444974     3.57209185195012e-05    3.54391746143153e-05    -9.53016474703279e-08   -1.42199926076635e-07   
-68.0232103494214       7403.95820301934        -46.2944938310138       0.00364814016963534     6.70953020396311        0.00364814016963533     3.54391746143153e-05    3.51223738317378e-05    -1.25376253044509e-07   -1.48846541803413e-07   
-67.2838989003331       7342.96663722113        -45.7840992786576       0.00370008085993347     6.72923600288472        0.00370008085993347     3.51223738317378e-05    3.47935365944545e-05    -1.42199926076635e-07   -1.59773227640392e-07   
-66.550474652155        7284.27566466087        -45.2782187750934       0.00375111446864321     6.74835187771738        0.00375111446864321     3.47935365944545e-05    3.4443406978746e-05     -1.48846541803413e-07   -1.45991831647846e-07   
-65.8231237386966       7227.80489018115        -44.7769594295462       0.00380123128608061     6.76689959511777        0.00380123128608062     3.4443406978746e-05     3.41259955698195e-05    -1.59773227640392e-07   -1.4917973375702e-07    
-65.1011534073392       7173.37616307191        -44.2798036583221       0.00385050187994045     6.78492181254734        0.00385050187994045     3.41259955698195e-05    3.38041314174316e-05    -1.45991831647846e-07   -1.29381433571319e-07   
-64.3848753734752       7120.88792681646        -43.7869157421471       0.00389893978204536     6.80243990802212        0.00389893978204536     3.38041314174316e-05    3.35270518982764e-05    -1.4917973375702e-07    -1.285885825996e-07     
-63.6736040091588       7070.15971695871        -43.2977716523114       0.00394663022852142     6.81949485658868        0.00394663022852141     3.35270518982764e-05    3.3253655113926e-05     -1.29381433571319e-07   -1.16279963692962e-07   
-62.967531243841        7021.09247552029        -42.812456205706        0.00399359639628147     6.83610630015323        0.00399359639628148     3.3253655113926e-05     3.30081491116622e-05    -1.285885825996e-07     -1.14717204428605e-07   
-62.2662260082985       6973.55673990937        -42.3306351422183       0.00403989571640754     6.85230399229398        0.00403989571640755     3.30081491116622e-05    3.27675767388087e-05    -1.16279963692962e-07   -1.1759087674725e-07    
-61.569582598276        6927.46330115684        -41.8522090214241       0.00408555411076015     6.86810577563438        0.00408555411076015     3.27675767388087e-05    3.25225275026999e-05    -1.14717204428605e-07   -9.90039110561502e-08   
-60.8773714235516       6882.73076830868        -41.3770039196129       0.00413059583893221     6.88352853703033        0.00413059583893221     3.25225275026999e-05    3.23174738672087e-05    -1.1759087674725e-07    -1.43445156783368e-07   
-60.1885584785881       6839.23508213838        -40.9043025994798       0.00417508858912152     6.89860038338159        0.00417508858912152     3.23174738672087e-05    3.20221075514197e-05    -9.90039110561502e-08   -9.31550121902534e-08   
-59.5049160867616       6797.09723358887        -40.4353193415429       0.00421891330069657     6.91331612721853        0.00421891330069657     3.20221075514197e-05    3.18314217159158e-05    -1.43445156783368e-07   -1.60088832151901e-07   
-58.8238603344786       6756.04976117564        -39.9682824074558       0.00426222777311444     6.9277007884562         0.00426222777311445     3.18314217159158e-05    3.15056084162709e-05    -9.31550121902534e-08   -1.06737647381123e-07   
-58.1481226930791       6716.32083880893        -39.5050662888881       0.0043048502647591      6.9417523653558         0.00430485026475911     3.15056084162709e-05    3.12895903390875e-05    -1.60088832151901e-07   -1.47540494921136e-07   
-57.4749455201809       6677.60656846179        -39.043780417055        0.00434694809424637     6.95547855373758        0.00434694809424638     3.12895903390875e-05    3.09927477872271e-05    -1.06737647381123e-07   -1.52030359130176e-07   
-56.8061854360612       6640.03717058019        -38.5856953190958       0.00438840033989877     6.96887620977665        0.00438840033989879     3.09927477872271e-05    3.06886117707328e-05    -1.47540494921136e-07   -1.14848312388901e-07   
-56.1419185606032       6603.52033657918        -38.1308583051405       0.00442920166727397     6.98191989888336        0.00442920166727397     3.06886117707328e-05    3.04602192916114e-05    -1.52030359130176e-07   -1.74615225017149e-07   
-55.4801590842676       6568.00998798392        -37.6779039618811       0.00446947407188907     6.99470637282254        0.00446947407188907     3.04602192916114e-05    3.01149680776866e-05    -1.14848312388901e-07   -1.26606431397021e-07   
-54.8236826219939       6533.53461310114        -37.2287246291655       0.00450905110952596     7.00714415154633        0.00450905110952594     3.01149680776866e-05    2.98660412764919e-05    -1.74615225017149e-07   -1.51292393456962e-07   
-54.1699985700049       6499.99623303112        -36.7816081464955       0.00454808687974961     7.01932422980432        0.0045480868797496      2.98660412764919e-05    2.95701719947251e-05    -1.26606431397021e-07   -1.46474619814507e-07   
-53.5197859291245       6467.36214496322        -36.3370112671694       0.00458654383911327     7.03122085194497        0.00458654383911326     2.95701719947251e-05    2.92851424580893e-05    -1.51292393456962e-07   -1.45376223796257e-07   
-52.8728309626383       6435.62422732889        -35.8947802867243       0.0046244383121041      7.04286249086798        0.00462443831210409     2.92851424580893e-05    2.90036733220018e-05    -1.46474619814507e-07   -1.51613470157824e-07   
-52.2289877756921       6404.7034792744         -35.4548083257335       0.00466178225403122     7.05423431021083        0.00466178225403122     2.90036733220018e-05    2.87115921533564e-05    -1.45376223796257e-07   -1.48377478983963e-07   
-51.5885110258525       6374.61427456209        -35.0172628208408       0.00469856428810774     7.06535384593007        0.00469856428810774     2.87115921533564e-05    2.84271603123907e-05    -1.51613470157824e-07   -1.48138025566637e-07   
-50.9511346445369       6345.28231219577        -34.581955884016        0.00473480287831714     7.07621143403721        0.00473480287831716     2.84271603123907e-05    2.81445955139441e-05    -1.48377478983963e-07   -1.59681999012292e-07   
-50.3167890456573       6316.66855048801        -34.148834551965        0.0047705047523909      7.08680667853785        0.00477050475239091     2.81445955139441e-05    2.78414698588183e-05    -1.48138025566637e-07   -1.41400765076914e-07   
-49.6858243155585       6288.71855724994        -33.7181328322038       0.00480565313955571     7.09711209793937        0.00480565313955569     2.78414698588183e-05    2.75743015447064e-05    -1.59681999012292e-07   -1.62479319791578e-07   
-49.0572048670527       6261.31482402404        -33.2891394570251       0.00484030811383358     7.10712001516672        0.00484030811383358     2.75743015447064e-05    2.72687072014115e-05    -1.41400765076914e-07   -1.5165898903482e-07    
-48.4318380799352       6234.43288139268        -32.8624697356943       0.00487442202579256     7.11679433398983        0.00487442202579255     2.72687072014115e-05    2.69847368419245e-05    -1.62479319791578e-07   -1.53422477752082e-07   
-47.8091354161339       6208.00594278232        -32.4377184541085       0.00490802972666461     7.12613472958122        0.0049080297266646      2.69847368419245e-05    2.66987501759318e-05    -1.5165898903482e-07    -1.61862576346571e-07   
-47.1890401142905       6182.03125682782        -32.0148436260808       0.00494113649704622     7.13515478330036        0.00494113649704624     2.66987501759318e-05    2.63983471891877e-05    -1.53422477752082e-07   -1.55872757461191e-07   
-46.5719093983722       6156.57296649134        -31.5940856803608       0.00497372564740872     7.14389073073177        0.0049737256474087      2.63983471891877e-05    2.61102900722862e-05    -1.61862576346571e-07   -1.56219749985664e-07   
-45.9572365273646       6131.67425609337        -31.17509602662         0.00500582601213821     7.15239988734671        0.0050058260121382      2.61102900722862e-05    2.58227826829095e-05    -1.55872757461191e-07   -1.65333710723044e-07   
-45.3448843288088       6107.41467887502        -30.7577782312985       0.00503744605603648     7.16074623516737        0.00503744605603645     2.58227826829095e-05    2.55197318301066e-05    -1.56219749985664e-07   -1.60204849898214e-07   
-44.7352579952221       6083.90131297534        -30.3424054415349       0.00506856614785997     7.16899065906627        0.00506856614785996     2.55197318301066e-05    2.52272605771677e-05    -1.65333710723044e-07   -1.65237309483756e-07   
-44.1279585628432       6061.23267476728        -29.9287028745671       0.00509920765074159     7.177219056164          0.00509920765074161     2.52272605771677e-05    2.49267570654885e-05    -1.60204849898214e-07   -1.6487165559313e-07    
-43.522946326713        6039.49613117194        -29.5166406808206       0.0051293728882834      7.18549786191208        0.00512937288828341     2.49267570654885e-05    2.46279796254577e-05    -1.65237309483756e-07   -1.65642573359107e-07   
-42.9199604042417       6018.67979614852        -29.1060384786092       0.00515907487514342     7.19384224155668        0.00515907487514344     2.46279796254577e-05    2.43288234546891e-05    -1.6487165559313e-07    -1.72187323362805e-07   
-42.3188922332228       5998.67568024665        -28.6968197771923       0.00518831897806999     7.20220369922875        0.00518831897806998     2.43288234546891e-05    2.40188638182913e-05    -1.65642573359107e-07   -1.66532555653324e-07   
-41.7199440353019       5979.35097568848        -28.2891197873069       0.00521709605950796     7.21050719594669        0.00521709605950797     2.40188638182913e-05    2.37200377149252e-05    -1.72187323362805e-07   -1.73330826330814e-07   
-41.1227018826699       5960.57861553314        -27.8826544673066       0.00524542709059716     7.21870031533282        0.00524542709059717     2.37200377149252e-05    2.34099600099031e-05    -1.66532555653324e-07   -1.70605873141495e-07   
-40.5273497279471       5942.29270109868        -27.4775468908019       0.00527330461991418     7.22674656554686        0.00527330461991417     2.34099600099031e-05    2.31056314591249e-05    -1.73330826330814e-07   -1.71015966493093e-07   
-39.9336151187882       5924.42097520591        -27.0736096233953       0.00530074286604078     7.23461957301432        0.00530074286604076     2.31056314591249e-05    2.28014160876695e-05    -1.70605873141495e-07   -1.73966329186265e-07   
-39.3414097651077       5906.92505900287        -26.6707806752407       0.00532774721659399     7.24230667003865        0.00532774721659398     2.28014160876695e-05    2.24928022581324e-05    -1.71015966493093e-07   -1.743400567263e-07     
-38.7508995166059       5889.78874672193        -26.2691709550476       0.00535431157598725     7.24980046469013        0.00535431157598725     2.24928022581324e-05    2.21843920512457e-05    -1.73966329186265e-07   -1.73725094451266e-07   
-38.1620933635923       5873.0133146404         -25.8687846822707       0.00538043718899011     7.25710907197502        0.0053804371889901      2.21843920512457e-05    2.18779388503858e-05    -1.743400567263e-07     -1.75894695322286e-07   
-37.5749011596642       5856.58718396662        -25.469558696425        0.0054061296358383      7.26423539680453        0.00540612963583828     2.18779388503858e-05    2.15685282920909e-05    -1.73725094451266e-07   -1.76136787672077e-07   
-36.9893835516446       5840.50495540495        -25.0715324173274       0.00543138784580353     7.27118142946772        0.00543138784580352     2.15685282920909e-05    2.12595444769468e-05    -1.75894695322286e-07   -1.75608883725812e-07   
-36.4054752799066       5824.74741854821        -24.6746597083222       0.00545621626324647     7.27794403138524        0.00545621626324647     2.12595444769468e-05    2.09523181193698e-05    -1.76136787672077e-07   -1.78518685245019e-07   
-35.8230663048379       5809.30481768885        -24.2788640868996       0.0054806210870833      7.2845268074552         0.00548062108708328     2.09523181193698e-05    2.06408191005652e-05    -1.75608883725812e-07   -1.76204719174517e-07   
-35.2422341744805       5794.17797296682        -23.8841966148125       0.00550460058474419     7.29093449178557        0.00550460058474421     2.06408191005652e-05    2.03341523364154e-05    -1.78518685245019e-07   -1.79885781382633e-07   
-34.6628048841197       5779.35849505251        -23.4905374634578       0.00552816339073139     7.29717274637487        0.00552816339073138     2.03341523364154e-05    2.00218843600855e-05    -1.76204719174517e-07   -1.79388004998629e-07   
-34.0849358958971       5764.86292786458        -23.0979920524633       0.00555130454265959     7.3032538135711         0.00555130454265961     2.00218843600855e-05    1.97112626959658e-05    -1.79885781382633e-07   -1.77550318027393e-07   
-33.5085173486954       5750.68513816953        -22.7064841829383       0.00557402993415227     7.30918270648202        0.00557402993415226     1.97112626959658e-05    1.94045923177779e-05    -1.79388004998629e-07   -1.84106046915397e-07   
-32.9333953529105       5736.82752522988        -22.3159078028143       0.00559634690418105     7.31497060379612        0.00559634690418107     1.94045923177779e-05    1.90873756796048e-05    -1.77550318027393e-07   -1.78099203804359e-07   
-32.3598838232621       5723.29915589587        -21.9264745365748       0.0056182447079891      7.32062101132257        0.00561824470798912     1.90873756796048e-05    1.87812422205746e-05    -1.84106046915397e-07   -1.82796208132653e-07   
-31.78754857098         5710.08698586249        -21.5378880000104       0.00563974126988643     7.32614191654449        0.00563974126988639     1.87812422205746e-05    1.84677688865382e-05    -1.78099203804359e-07   -1.82615914368391e-07   
-31.2165783068723       5697.191017441          -21.1502747908579       0.00566083063764986     7.33153388453758        0.00566083063764987     1.84677688865382e-05    1.81553197285969e-05    -1.82796208132653e-07   -1.83279846286321e-07   
-30.6469433569456       5684.61014361982        -20.7636132271618       0.00568151518783489     7.33680208127677        0.00568151518783488     1.81553197285969e-05    1.78424363313424e-05    -1.82615914368391e-07   -1.8185634705555e-07    
-30.0785621036889       5672.33336650425        -20.3778463950083       0.00570179904322682     7.34194626353683        0.00570179904322681     1.78424363313424e-05    1.75326607314947e-05    -1.83279846286321e-07   -1.87123084708639e-07   
-29.5112952448696       5660.35367483663        -19.992878289703        0.00572168809596574     7.34696969735013        0.00572168809596577     1.75326607314947e-05    1.72145958495888e-05    -1.8185634705555e-07    -1.83238670693737e-07   
-28.9454099414021       5648.67425482561        -19.6088887754819       0.00574117396613122     7.35187295580299        0.0057411739661312      1.72145958495888e-05    1.69037839955185e-05    -1.87123084708639e-07   -1.86116034488808e-07   
-28.3805696680933       5637.28155422582        -19.2256480949111       0.00576026910817434     7.35665897797001        0.00576026910817439     1.69037839955185e-05    1.65887345444532e-05    -1.83238670693737e-07   -1.87299463841141e-07   
-27.8168612576634       5626.17284526487        -18.843213819449        0.00577897117205571     7.36132808237168        0.00577897117205566     1.65887345444532e-05    1.62723126772264e-05    -1.86116034488808e-07   -1.87688904605605e-07   
-27.2543274476601       5615.34977480106        -18.4616136179615       0.00579727940810239     7.36588437989024        0.00579727940810237     1.62723126772264e-05    1.59558495689397e-05    -1.87299463841141e-07   -1.86605517769206e-07   
-26.6928718841168       5604.80052178995        -18.0807808276478       0.00581519756227687     7.37032590090843        0.00581519756227684     1.59558495689397e-05    1.56418098983469e-05    -1.87688904605605e-07   -1.91392790412072e-07   
-26.132350024259        5594.52050409688        -17.7006161592069       0.00583273065443796     7.37465606442402        0.00583273065443797     1.56418098983469e-05    1.53203105761091e-05    -1.86605517769206e-07   -1.8832187978979e-07    
-25.573025340205        5584.513268113          -17.3212970784341       0.00584987100777683     7.37887550824189        0.00584987100777686     1.53203105761091e-05    1.50045426533484e-05    -1.91392790412072e-07   -1.90526019605924e-07   
-25.0145978910763       5574.76703812859        -16.9426189755731       0.00586662841917652     7.38298570319778        0.00586662841917655     1.50045426533484e-05    1.46856450297677e-05    -1.8832187978979e-07    -1.91978752237498e-07   
-24.4571323984477       5565.27965829745        -16.5646246002649       0.00588300142415537     7.38698722479681        0.00588300142415533     1.46856450297677e-05    1.43648682199449e-05    -1.90526019605924e-07   -1.91207139752346e-07   
-23.9006936471334       5556.05273590025        -16.1873567717792       0.00589898881847437     7.39088323137922        0.0058989888184744      1.43648682199449e-05    1.40459206053605e-05    -1.91978752237498e-07   -1.92074121199741e-07   
-23.3451346606551       5547.07631771066        -15.8107147727973       0.00591459554493478     7.39467295604801        0.00591459554493483     1.40459206053605e-05    1.37260510644089e-05    -1.91207139752346e-07   -1.93311042966331e-07   
-22.7904480875425       5538.34597108022        -15.4346926020222       0.00592982247682976     7.39835662199958        0.00592982247682973     1.37260510644089e-05    1.34046366695836e-05    -1.92074121199741e-07   -1.9308202740784e-07    
-22.2366893785095       5529.85870946792        -15.0593268557822       0.00594466887825742     7.40193431603464        0.00594466887825741     1.34046366695836e-05    1.30841099321838e-05    -1.93311042966331e-07   -1.93586930814236e-07   
-21.6837790337107       5521.59848862223        -14.6845626642783       0.00595913770718202     7.40539957930113        0.005959137707182       1.30841099321838e-05    1.27632412961015e-05    -1.9308202740784e-07    -1.94558878522529e-07   
-21.1316942076318       5513.56821585015        -14.310383584727        0.00597323032534945     7.40875752829031        0.00597323032534944     1.27632412961015e-05    1.24412461816423e-05    -1.93586930814236e-07   -1.9476791577116e-07    
-20.58046083959         5505.77146321486        -13.9368062393522       0.00598694684020794     7.41201289176353        0.00598694684020791     1.24412461816423e-05    1.21193687638811e-05    -1.94558878522529e-07   -1.94238416972143e-07   
-20.0300058199023       5498.20703508715        -13.563780124154        0.00600028979541743     7.41516863886967        0.00600028979541738     1.21193687638811e-05    1.17988144537882e-05    -1.9476791577116e-07    -1.96856515995698e-07   
-19.4802267560382       5490.87709373184        -13.1912349123271       0.00601326223147988     7.418230229805          0.0060132622314799      1.17988144537882e-05    1.14743803298179e-05    -1.94238416972143e-07   -1.95352238530921e-07   
-18.9313009993239       5483.78417340584        -12.8192898526321       0.00602586060826678     7.42119925559689        0.00602586060826676     1.14743803298179e-05    1.11528469824459e-05    -1.96856515995698e-07   -1.96313564647019e-07   
-18.3830174749864       5476.92621395035        -12.4478010246464       0.00603809041261005     7.42407970312665        0.00603809041261009     1.11528469824459e-05    1.08301387904402e-05    -1.95352238530921e-07   -1.97527534736171e-07   
-17.835383384154        5470.30894553668        -12.0767724630044       0.00604995196918277     7.42687758270457        0.00604995196918276     1.08301387904402e-05    1.05058230146537e-05    -1.96313564647019e-07   -1.96759017819303e-07   
-17.2884633331097       5463.94713042758        -11.7062471431264       0.00606144447263937     7.42960431119136        0.00606144447263932     1.05058230146537e-05    1.01831403686922e-05    -1.97527534736171e-07   -1.97965803732193e-07   
-16.742102562405        5457.85915795035        -11.3361194813094       0.00607257171268686     7.4322765841966         0.00607257171268685     1.01831403686922e-05    9.85882253345021e-06    -1.96759017819303e-07   -1.97534334079756e-07   
-16.1963200823919       5452.08450581091        -10.9664016769109       0.00608333371569449     7.43492316649551        0.00608333371569451     9.85882253345021e-06    9.535535057814e-06      -1.97965803732193e-07   -1.99337082434526e-07   
-15.6510230253824       5446.68130545223        -10.5970301817301       0.00609373262165714     7.43758692395192        0.00609373262165714     9.535535057814e-06      9.20960651785318e-06    -1.97534334079756e-07   -1.98493425919145e-07   
-15.1063146777546       5441.74147315746        -10.2280743396574       0.00610376669507089     7.44033157494168        0.00610376669507086     9.20960651785318e-06    8.88533501920567e-06    -1.99337082434526e-07   -1.99823318600868e-07   
-14.5619834525243       5437.39638051581        -9.85939021578035       0.00611343981249059     7.44325147465112        0.00611343981249057     8.88533501920567e-06    8.55913540678162e-06    -1.98493425919145e-07   -2.00978207642133e-07   
-14.0180323153551       5433.84379413346        -9.49097919103874       0.00612275147037548     7.44648407866887        0.00612275147037552     8.55913540678162e-06    8.23124670659182e-06    -1.99823318600868e-07   -2.0135843468555e-07    
-13.4744250454069       5431.36741763868        -9.12281607495018       0.0061317014923224      7.45022636122402        0.00613170149232235     8.23124670659182e-06    7.90287342093784e-06    -2.00978207642133e-07   -2.03321130088071e-07   
-12.9309451879962       5430.35610748825        -8.75475358654817       0.00614029199963908     7.45474928731134        0.00614029199963906     7.90287342093784e-06    7.57134083790094e-06    -2.0135843468555e-07    -2.04746340870077e-07   
-12.3874909379201       5431.33558612363        -8.38672207921373       0.0061485223682365      7.46041646968408        0.00614852236823648     7.57134083790094e-06    7.23739278046407e-06    -2.03321130088071e-07   -2.06525033090613e-07   
-11.8437944738832       5434.98816765715        -8.01853948147628       0.00615639351083046     7.46769999026974        0.00615639351083045     7.23739278046407e-06    6.90027930930121e-06    -2.04746340870077e-07   -2.09078033185216e-07   
-11.2995095754041       5442.16816267167        -7.64997066550932       0.00616390610382011     7.47718903910502        0.00616390610382014     6.90027930930121e-06    6.55851048729972e-06    -2.06525033090613e-07   -2.11574557390506e-07   
-10.7543007943217       5453.90422181699        -7.28078785503173       0.00617105918605118     7.48958896823752        0.00617105918605121     6.55851048729972e-06    6.21189115074209e-06    -2.09078033185216e-07   -2.14160370762908e-07   
-10.2076902129495       5471.3731891772         -6.91066687282576       0.00617785212351153     7.50570166332262        0.00617785212351155     6.21189115074209e-06    5.8598987903123e-06     -2.11574557390506e-07   -2.1659780243347e-07    
-9.65904466060392       5495.85030860255        -6.53917850029616       0.00618428443322033     7.52638708265791        0.00618428443322029     5.8598987903123e-06     5.50229776482519e-06    -2.14160370762908e-07   -2.18897689314494e-07   
-9.1075808842555        5528.61937101372        -6.16579197928663       0.00619035546469853     7.55249618068898        0.00619035546469857     5.50229776482519e-06    5.13873748900391e-06    -2.1659780243347e-07    -2.20307283137475e-07   
-8.55242809485593       5570.84687488413        -5.78991734809323       0.00619606364537374     7.58477881411333        0.0061960636453737      5.13873748900391e-06    4.77004379433232e-06    -2.18897689314494e-07   -2.20964554322001e-07   
-7.99256978860131       5623.42252813053        -5.41086602519277       0.00620140721366897     7.62377127055646        0.00620140721366901     4.77004379433232e-06    4.39678128535775e-06    -2.20307283137475e-07   -2.2027089566205e-07    
-7.4269699094273        5686.78210381238        -5.02793620323018       0.00620638320939779     7.66967502186425        0.00620638320939778     4.39678128535775e-06    4.02054150543544e-06    -2.20964554322001e-07   -2.18110757842722e-07   
-6.85455594491447       5760.73622975065        -4.6404013773138        0.00621098813055679     7.72224755131235        0.00621098813055677     4.02054150543544e-06    3.643211395255e-06      -2.2027089566205e-07    -2.14498698352533e-07   
-6.27428676478296       5844.33415960009        -4.24755625828285       0.00621521784869887     7.78072511429226        0.00621521784869886     3.643211395255e-06      3.26682921579865e-06    -2.18110757842722e-07   -2.09566149639036e-07   
-5.68526669586317       5935.79237337739        -3.84879399720178       0.00621906736444116     7.84379719176986        0.00621906736444111     3.26682921579865e-06    2.89345328645976e-06    -2.14498698352533e-07   -2.03569223141123e-07   
-5.08684691171747       6032.51103797759        -3.44367482750257       0.00622253087669909     7.90964455562992        0.00622253087669909     2.89345328645976e-06    2.52497019060529e-06    -2.09566149639036e-07   -1.96741273196557e-07   
-4.47867290464051       6131.1833838216         -3.03195820848311       0.00622560223045218     7.97603796271799        0.00622560223045217     2.52497019060529e-06    2.16313491327743e-06    -2.03569223141123e-07   -1.89828013480644e-07   
-3.8606565342337        6227.99447314633        -2.61358390959069       0.00622827553166936     8.04048771203892        0.00622827553166941     2.16313491327743e-06    1.8085925744773e-06     -1.96741273196557e-07   -1.83029354643615e-07   
-3.23317166379421       6318.87450602976        -2.18880445329532       0.0062305446059315      8.10041454382653        0.00623054460593153     1.8085925744773e-06     1.46182247415208e-06    -1.89828013480644e-07   -1.76953262028429e-07   
-2.59694227332269       6399.79631954934        -1.75810936272757       0.00623240384538312     8.15333420464986        0.00623240384538308     1.46182247415208e-06    1.12231104791686e-06    -1.83029354643615e-07   -1.71850476956413e-07   
-1.95315782580502       6467.05142339101        -1.32230324645678       0.00623384802755438     8.1970132527849         0.00623384802755435     1.12231104791686e-06    7.89150189874815e-07    -1.76953262028429e-07   -1.68008745865388e-07   
-1.3033698066004        6517.49814696659        -0.882435744482023      0.00623487286544718     8.22959824324414        0.00623487286544718     7.89150189874815e-07    4.60914643405448e-07    -1.71850476956413e-07   -1.65625149492719e-07   
-0.64941002074216       6548.75969866203        -0.43974621075244       0.00623547523252473     8.24970998528263        0.00623547523252472     4.60914643405448e-07    1.3579599469951e-07     -1.68008745865388e-07   -1.64795000703827e-07   
0.00667253870530531     6559.36149044778        0.00437902265927722     0.00623565327531143     8.25650288781136        0.00623565327531146     1.3579599469951e-07     -1.8821247328361e-07    -1.65625149492719e-07   -1.65567794192391e-07   
0.662757326307039       6548.80504000257        0.448505220359434       0.0062354065081927      8.24969308189878        0.00623540650819267     -1.8821247328361e-07    -5.13220714441226e-07   -1.64795000703827e-07   -1.67890091593749e-07   
1.31672373532524        6517.58769800711        0.891197619413597       0.006234735775812       8.22956430527129        0.00623473577581197     -5.13220714441226e-07   -8.4122881882882e-07    -1.65567794192391e-07   -1.71664939447196e-07   
1.96652260990268        6467.18325050078        1.33106981881728        0.00623364328730373     8.19696218701856        0.00623364328730373     -8.4122881882882e-07    -1.17403657225944e-06   -1.67890091593749e-07   -1.7669098006994e-07    
2.61032193662986        6399.96815691455        1.76688238985421        0.00623213251026661     8.15326617736498        0.00623213251026659     -1.17403657225944e-06   -1.51305363226774e-06   -1.71664939447196e-07   -1.82677336660271e-07   
3.24657002209469        6319.08399756326        2.19758563948362        0.00623020805533542     8.10033003689353        0.00623020805533545     -1.51305363226774e-06   -1.85916798459052e-06   -1.7669098006994e-07    -1.89373133675851e-07   
3.87407718959634        6228.23912977216        2.6223749191198         0.00622787544609306     8.04038738170246        0.00622787544609308     -1.85916798459052e-06   -2.21287431404557e-06   -1.82677336660271e-07   -1.96163749167168e-07   
4.49211921251367        6131.46057496503        3.04076065449572        0.00622514056142025     7.97592250944093        0.00622514056142029     -2.21287431404557e-06   -2.57366339259579e-06   -1.89373133675851e-07   -2.02854420109045e-07   
5.100321950994          6032.81814387177        3.45249025897829        0.00622200983007692     7.90951471269851        0.00622200983007688     -2.57366339259579e-06   -2.94087091401894e-06   -1.96163749167168e-07   -2.08694616714298e-07   
5.69877329283326        5936.12695382099        3.85762391686587        0.00621848937279856     7.84365373809924        0.00621848937279855     -2.94087091401894e-06   -3.31271461100456e-06   -2.02854420109045e-07   -2.13457052521619e-07   
6.28782754735362        5844.69401663982        4.25640215927981        0.00621458556108411     7.7805688571771         0.00621458556108411     -3.31271461100456e-06   -3.68729166350939e-06   -2.08694616714298e-07   -2.16889629008171e-07   
6.86813339294514        5761.11941279029        4.6492647742086         0.00621030439621391     7.72207929860484        0.00621030439621391     -3.68729166350939e-06   -4.06253381845846e-06   -2.13457052521619e-07   -2.18865822443422e-07   
7.44058636860002        5687.18689188092        5.03681863691808        0.00620565106256158     7.6694955699606         0.00620565106256155     -4.06253381845846e-06   -4.43639992417313e-06   -2.16889629008171e-07   -2.19376374468684e-07   
8.00622745332355        5623.84738856151        5.41976904704804        0.00620062986376119     7.62358140538836        0.00620062986376119     -4.43639992417313e-06   -4.80700736138623e-06   -2.18865822443422e-07   -2.1854228312518e-07    
8.56612898939609        5571.29039872138        5.79884250402399        0.00619524447238809     7.58457931669554        0.00619524447238804     -4.80700736138623e-06   -5.17277617032106e-06   -2.19376374468684e-07   -2.16969014217705e-07   
9.12132686541054        5529.08019886693        6.17474080922143        0.0061894980149951      7.55228783389903        0.00618949801499514     -5.17277617032106e-06   -5.53316304671305e-06   -2.1854228312518e-07    -2.14519213664193e-07   
9.67283744360681        5496.32706589265        6.54815255331817        0.00618339241033559     7.52617068014036        0.00618339241033563     -5.53316304671305e-06   -5.88736294399631e-06   -2.16969014217705e-07   -2.11950470709636e-07   
10.2215313859173        5471.86443697364        6.91966771612036        0.00617692938430247     7.50547802471215        0.00617692938430253     -5.88736294399631e-06   -6.23575433110848e-06   -2.14519213664193e-07   -2.09251521343555e-07   
10.7681918157921        5454.40842998481        7.28981707056827        0.0061701097303724      7.48935895424017        0.00617010973037249     -6.23575433110848e-06   -6.57859953494168e-06   -2.11950470709636e-07   -2.06660754652506e-07   
11.3134517419924        5442.68369200224        7.65902982686959        0.00616293406563164     7.47695356121043        0.00616293406563166     -6.57859953494168e-06   -6.91644896275005e-06   -2.09251521343555e-07   -2.04032024323274e-07   
11.8577888792575        5435.51325464923        8.02763012420593        0.00615540314631389     7.46746000876455        0.0061554031463138      -6.91644896275005e-06   -7.24952525744244e-06   -2.06660754652506e-07   -2.02197066454047e-07   
12.401538446142         5431.86833138576        8.39584567993252        0.0061475180397024      7.46017298240934        0.00614751803970248     -7.24952525744244e-06   -7.57934772870052e-06   -2.04032024323274e-07   -2.00732997989276e-07   
12.9450464442311        5430.89448394277        8.76391156588943        0.00613927815329426     7.45450332104875        0.00613927815329429     -7.57934772870052e-06   -7.90669259965914e-06   -2.02197066454047e-07   -1.98748715961832e-07   
13.4885804919364        5431.90930647429        9.13200980436505        0.006130682638345       7.44997897964222        0.00613068263834496     -7.90669259965914e-06   -8.23084232770165e-06   -2.00732997989276e-07   -1.98363764941492e-07   
14.0322421953379        5434.38703219415        9.50020999039516        0.00612173216078174     7.44623639488636        0.00612173216078164     -8.23084232770165e-06   -8.55449802911942e-06   -1.98748715961832e-07   -1.97220386000152e-07   
14.5762478245733        5437.93877158286        9.86865935726743        0.00611242461662882     7.44300463647392        0.00611242461662874     -8.55449802911942e-06   -8.87648065686467e-06   -1.98363764941492e-07   -1.95918955578989e-07   
15.1206333809738        5442.28074413163        10.2373830171148        0.00610276017517266     7.4400867140327         0.00610276017517274     -8.87648065686467e-06   -9.19657810183987e-06   -1.97220386000152e-07   -1.96802890367197e-07   
15.6653956500808        5447.21507197201        10.6063794821301        0.00609273930584018     7.43734511058538        0.00609273930584017     -9.19657810183987e-06   -9.51839467306452e-06   -1.95918955578989e-07   -1.9505952442422e-07    
16.2107459763759        5452.61031948189        10.9757925772891        0.00608235807938851     7.43468542603494        0.0060823580793885      -9.51839467306452e-06   -9.83766269532475e-06   -1.96802890367197e-07   -1.95560093271762e-07   
16.7565808067154        5458.37463313402        11.3455528191495        0.00607161814580901     7.43204396169723        0.00607161814580903     -9.83766269532475e-06   -1.01580697036925e-05   -1.9505952442422e-07    -1.94439504432767e-07   
17.3029927815982        5464.45003105313        11.7157236329855        0.00606051726164268     7.42937791682244        0.0060605172616426      -1.01580697036925e-05   -1.04769778001993e-05   -1.95560093271762e-07   -1.95301441293471e-07   
17.8499626672214        5470.79715629022        12.086292683921         0.00604905526931291     7.4266585538854         0.00604905526931282     -1.04769778001993e-05   -1.07976673002007e-05   -1.94439504432767e-07   -1.9419884751684e-07    
18.397645018016         5477.39762119314        12.4573654207837        0.00603722823574799     7.42386911444948        0.00603722823574801     -1.07976673002007e-05   -1.1116926780387e-05    -1.95301441293471e-07   -1.93360750763159e-07   
18.9459749949168        5484.23659471072        12.8288986937059        0.00602503678857414     7.42099805061923        0.00602503678857406     -1.1116926780387e-05    -1.14352086254706e-05   -1.9419884751684e-07    -1.94990674375973e-07   
19.4949451794265        5491.30831962142        13.200888286815         0.00601248040567862     7.41803923702931        0.00601248040567855     -1.14352086254706e-05   -1.17565930032988e-05   -1.93360750763159e-07   -1.92523631583839e-07   
20.04476644963          5498.61494610027        13.573477940869         0.00599955339967185     7.41498864837997        0.00599955339967195     -1.17565930032988e-05   -1.20743410185314e-05   -1.94990674375973e-07   -1.93203057047364e-07   
20.595261238764         5506.15415582788        13.9465481849479        0.00598625905875107     7.41184470900064        0.00598625905875102     -1.20743410185314e-05   -1.23936545933308e-05   -1.92523631583839e-07   -1.9315530432337e-07    
21.146531795899         5513.92401789235        14.320169161469         0.00597259409290045     7.40860198440139        0.00597259409290047     -1.23936545933308e-05   -1.27133475181084e-05   -1.93203057047364e-07   -1.92355355344972e-07   
21.6986510785853        5521.92591203605        14.6943911657158        0.005958555690255       7.4052574864449         0.00595855569025506     -1.27133475181084e-05   -1.30321938482453e-05   -1.9315530432337e-07    -1.92028058952674e-07   
22.2515929758303        5530.15638874015        15.0691973332217        0.00594414345006601     7.40180640969605        0.00594414345006607     -1.30321938482453e-05   -1.33509882308344e-05   -1.92355355344972e-07   -1.92437239482183e-07   
22.8053802321639        5538.61262603128        15.4446038986827        0.00592935570584863     7.39824352764941        0.00592935570584862     -1.33509882308344e-05   -1.36709653193518e-05   -1.92028058952674e-07   -1.9138982666805e-07    
23.3600922325796        5547.31075613379        15.8206655029618        0.00591418918924851     7.3945751853784         0.0059141891892486      -1.36709653193518e-05   -1.39897088886869e-05   -1.92437239482183e-07   -1.90714228503635e-07   
23.9156733204655        5556.25388805364        16.1973452415872        0.00589864430324025     7.39080119068338        0.00589864430324034     -1.39897088886869e-05   -1.43078459460896e-05   -1.9138982666805e-07    -1.91673492577372e-07   
24.4721307355849        5565.44660685383        16.5746488633025        0.00588271983753697     7.3869212304464         0.00588271983753694     -1.43078459460896e-05   -1.46281224561641e-05   -1.90714228503635e-07   -1.9041725396137e-07    
25.0296114967464        5574.89903555706        16.9526769339208        0.00586641051785557     7.38293599436958        0.0058664105178555      -1.46281224561641e-05   -1.49468457604853e-05   -1.91673492577372e-07   -1.88410143888439e-07   
25.5880507971346        5584.60976374425        17.3313864223029        0.00584971719047494     7.37884224625482        0.00584971719047497     -1.49468457604853e-05   -1.52627673487762e-05   -1.9041725396137e-07    -1.91656265240577e-07   
26.1473837670821        5594.58115177465        17.7107342749572        0.00583264096418083     7.37463933618393        0.0058326409641809      -1.52627673487762e-05   -1.55847129649229e-05   -1.88410143888439e-07   -1.87070057939003e-07   
26.7079102620997        5604.82515760064        18.0909248503414        0.00581517172772434     7.37032572723411        0.00581517172772442     -1.55847129649229e-05   -1.58995360204045e-05   -1.91656265240577e-07   -1.8832690137484e-07    
27.2693668687143        5615.33845439898        18.471780502993         0.00579731677885478     7.36590069629819        0.00579731677885487     -1.58995360204045e-05   -1.62170744672154e-05   -1.87070057939003e-07   -1.88108354354431e-07   
27.8318982185703        5626.12581690457        18.8534003789296        0.00577907077187705     7.36136075140279        0.0057790707718771      -1.62170744672154e-05   -1.65348604923026e-05   -1.8832690137484e-07    -1.87088756155449e-07   
28.3956006787719        5637.19924901294        19.2358509454331        0.00576042964230008     7.35670778423404        0.00576042964230003     -1.65348604923026e-05   -1.6851552201154e-05    -1.88108354354431e-07   -1.84368584614485e-07   
28.9604314911557        5648.55727832193        19.6191043141419        0.00574139382191557     7.35193759727027        0.00574139382191552     -1.6851552201154e-05    -1.71642744412885e-05   -1.87088756155449e-07   -1.88378166923522e-07   
29.5263038441463        5660.20279838493        20.0031027283771        0.00572196535641512     7.34704978462359        0.00572196535641518     -1.71642744412885e-05   -1.74844644037358e-05   -1.84368584614485e-07   -1.83247965054057e-07   
30.0935543403089        5672.14949372019        20.3880758203018        0.00570213154848525     7.34204133465466        0.00570213154848517     -1.74844644037358e-05   -1.77966006336244e-05   -1.88378166923522e-07   -1.84773829413178e-07   
30.6619159670262        5684.39433375968        20.7738436418976        0.0056819004976728      7.33691158844073        0.00568190049767288     -1.77966006336244e-05   -1.81120227539871e-05   -1.83247965054057e-07   -1.84201333425828e-07   
31.2315281936255        5696.94444178948        21.1605021523945        0.00566126609786909     7.33165720576944        0.00566126609786914     -1.81120227539871e-05   -1.84271711648276e-05   -1.84773829413178e-07   -1.84453726701386e-07   
31.8024727984394        5709.81090089419        21.5481082290556        0.0056402240353262      7.32627835038489        0.00564022403532615     -1.84271711648276e-05   -1.87434719907917e-05   -1.84201333425828e-07   -1.79819226485814e-07   
32.3747795880948        5722.99487317136        21.9366835140367        0.00561877177021261     7.32076977219003        0.00561877177021261     -1.87434719907917e-05   -1.90525459222055e-05   -1.84453726701386e-07   -1.85850924179995e-07   
32.9482599688715        5736.49639888819        22.3261013767216        0.0055969151107956      7.31513082338722        0.00559691511079556     -1.90525459222055e-05   -1.9372750921598e-05    -1.79819226485814e-07   -1.7932260421598e-07    
33.5233481962863        5750.32852356805        22.7166581612048        0.00557463606840148     7.30935345894107        0.00557463606840143     -1.9372750921598e-05    -1.9682463627777e-05    -1.85850924179995e-07   -1.81155306290884e-07   
34.0997304706956        5764.48220538949        23.1081422518705        0.00555194530650151     7.30343411515246        0.00555194530650149     -1.9682463627777e-05    -1.999612514632e-05     -1.7932260421598e-07    -1.81633048948253e-07   
34.6775607968471        5778.95504074039        23.5006597372197        0.00552883547170183     7.29736158012099        0.00552883547170176     -1.999612514632e-05     -2.03114045905817e-05   -1.81155306290884e-07   -1.77918041706129e-07   
35.2569491730125        5793.75316790429        23.8942868907367        0.005505300685944       7.29113083243993        0.00550530068594406     -2.03114045905817e-05   -2.06210308438568e-05   -1.81633048948253e-07   -1.80175311210635e-07   
35.8377382797857        5808.8600831449         24.2889183990136        0.00548134595050617     7.28472965567966        0.00548134595050608     -2.06210308438568e-05   -2.09353967538266e-05   -1.77918041706129e-07   -1.77197097102471e-07   
36.4201022373548        5824.28421871937        24.6846742011225        0.00545696271984979     7.27815245001105        0.00545696271984975     -2.09353967538266e-05   -2.12453772795233e-05   -1.80175311210635e-07   -1.77640405099937e-07   
37.0039636306744        5840.02479373287        25.081503385755         0.00543215283796395     7.27139455412507        0.0054321528379639      -2.12453772795233e-05   -2.15569733693146e-05   -1.77197097102471e-07   -1.77302569301486e-07   
37.5894326696779        5856.09157443325        25.4794826319454        0.00540691025274854     7.26445244264121        0.0054069102527486      -2.15569733693146e-05   -2.18688341849059e-05   -1.77640405099937e-07   -1.75030427052953e-07   
38.1765746929058        5872.50376137428        25.878658233137         0.00538123069667652     7.25732934201184        0.00538123069667643     -2.18688341849059e-05   -2.21775629430126e-05   -1.77302569301486e-07   -1.75594266317381e-07   
38.7653286979517        5889.26674621207        26.2789906550502        0.00535511546039467     7.25002337962074        0.00535511546039475     -2.21775629430126e-05   -2.24881618035132e-05   -1.75030427052953e-07   -1.74787569263999e-07   
39.3557829065887        5906.39204695762        26.6805418907862        0.00532855928089222     7.24253180391176        0.0053285592808922      -2.24881618035132e-05   -2.27981988617799e-05   -1.75594266317381e-07   -1.72056407135136e-07   
39.9479124114687        5923.8778079145         27.0832970542247        0.00530156189509197     7.23484679146934        0.00530156189509191     -2.27981988617799e-05   -2.31042303004439e-05   -1.74787569263999e-07   -1.71462397599106e-07   
40.5415780254501        5941.74145635322        27.4871635541937        0.00527412845460976     7.22697581805914        0.00527412845460983     -2.31042303004439e-05   -2.3410053594934e-05    -1.72056407135136e-07   -1.73945933414072e-07   
41.1368720561585        5960.02141447322        27.8922063045599        0.00524625364223554     7.21893159840637        0.0052462536422355      -2.3410053594934e-05    -2.37212007501101e-05   -1.71462397599106e-07   -1.67018280151353e-07   
41.7340578132917        5978.79015528728        28.2986067124705        0.00521792393321199     7.21074109031401        0.00521792393321193     -2.37212007501101e-05   -2.40208697386792e-05   -1.73945933414072e-07   -1.72585903967216e-07   
42.3329483386446        5998.11357611311        28.7062398797894        0.00518914720059896     7.20244105290722        0.005189147200599       -2.40208697386792e-05   -2.43315170714128e-05   -1.67018280151353e-07   -1.65849363412423e-07   
42.9339591058049        6018.11896837685        29.1153911018667        0.00515990267349415     7.19408416157952        0.00515990267349409     -2.43315170714128e-05   -2.46310182055477e-05   -1.72585903967216e-07   -1.65069462050355e-07   
43.5368862329019        6038.93891394353        29.5259242732769        0.00513019983843762     7.18574554710548        0.00513019983843763     -2.46310182055477e-05   -2.49301264299141e-05   -1.65849363412423e-07   -1.65259162838366e-07   
44.1418447755255        6060.68045160266        29.9379205301511        0.00510003325501032     7.17747307566813        0.00510003325501034     -2.49301264299141e-05   -2.52306427238473e-05   -1.65069462050355e-07   -1.60171425494178e-07   
44.74909125242          6083.35111657367        30.3515574948366        0.00506939034119426     7.1692493089644         0.00506939034119429     -2.52306427238473e-05   -2.55230266674135e-05   -1.65259162838366e-07   -1.65436847532505e-07   
45.3586633961454        6106.8597236634         30.7668638890763        0.0050382690596582      7.16100579497579        0.00503826905965826     -2.55230266674135e-05   -2.58262341852278e-05   -1.60171425494178e-07   -1.55452993152226e-07   
45.9709553116849        6131.10847867721        31.1841113749431        0.00500664846080313     7.15265741150172        0.00500664846080319     -2.58262341852278e-05   -2.61122919078176e-05   -1.65436847532505e-07   -1.56425038816965e-07   
46.5855186219518        6155.9931383606         31.6029975818562        0.00497455061162825     7.14414672203885        0.00497455061162816     -2.61122919078176e-05   -2.64013180948109e-05   -1.55452993152226e-07   -1.59578499476345e-07   
47.2025475701777        6181.43916160987        32.0236580031163        0.00494196425401365     7.1354106837            0.00494196425401364     -2.64013180948109e-05   -2.66974295302756e-05   -1.56425038816965e-07   -1.56595102324019e-07   
47.82246657024          6207.39309652602        32.4463852068898        0.00490886508377385     7.12638936544954        0.00490886508377378     -2.66974295302756e-05   -2.69892835211397e-05   -1.59578499476345e-07   -1.47521766704352e-07   
48.4451769311825        6233.80751714589        32.8711152343055        0.00487525599864366     7.11704614433491        0.00487525599864374     -2.69892835211397e-05   -2.72654708070579e-05   -1.56595102324019e-07   -1.65390305117506e-07   
49.0703875866626        6260.67021882233        33.2976529296974        0.00484115056961368     7.10737260362026        0.00484115056961373     -2.72654708070579e-05   -2.75764985699994e-05   -1.47521766704352e-07   -1.37708665761923e-07   
49.6989863467306        6288.06425277669        33.7266077284937        0.00480649772697225     7.0973664761453         0.00480649772697219     -2.75764985699994e-05   -2.78366552043565e-05   -1.65390305117506e-07   -1.62416026789635e-07   
50.32979373063          6315.99675650116        34.1571787182183        0.00477136016907547     7.08706513680375        0.00477136016907549     -2.78366552043565e-05   -2.81449338173859e-05   -1.37708665761923e-07   -1.4416613462965e-07    
50.9641333603708        6344.60199152919        34.5902737709959        0.00473566178422498     7.07647383793681        0.00473566178422491     -2.81449338173859e-05   -2.84199047888162e-05   -1.62416026789635e-07   -1.54370188818357e-07   
51.6014005841127        6373.91801451686        35.0254851043855        0.00469943360640911     7.06562152514046        0.00469943360640916     -2.84199047888162e-05   -2.8715802664263e-05    -1.4416613462965e-07    -1.41607916595319e-07   
52.2420197641632        6404.00615238292        35.4631080139087        0.00466264855743823     7.05450565811593        0.00466264855743823     -2.8715802664263e-05    -2.89885791956989e-05   -1.54370188818357e-07   -1.54609251464696e-07   
52.8855215461608        6434.88983241182        35.9028278827389        0.0046253304857841      7.04313993832729        0.00462533048578406     -2.89885791956989e-05   -2.92878843027716e-05   -1.41607916595319e-07   -1.3962178299189e-07    
53.5325728764977        6466.62222164078        36.3451070246867        0.00458743722111251     7.03150333314626        0.00458743722111253     -2.92878843027716e-05   -2.95595425934296e-05   -1.54609251464696e-07   -1.50906403787108e-07   
54.1826094037097        6499.23564623099        36.789566840313         0.00454899810608732     7.01961663788462        0.00454899810608727     -2.95595425934296e-05   -2.98546817572795e-05   -1.3962178299189e-07    -1.42988056429179e-07   
54.8362772946588        6532.7532946665         37.2366566266937        0.00450997110049151     7.0074399231087         0.00450997110049148     -2.98546817572795e-05   -3.01358134413475e-05   -1.50906403787108e-07   -1.42013150783893e-07   
55.4933696723999        6567.23229980618        37.6862428118861        0.00447036457014945     6.99498899177055        0.00447036457014948     -3.01358134413475e-05   -3.04165744939408e-05   -1.42988056429179e-07   -1.44578231331982e-07   
56.1540526995835        6602.68597059124        38.1384467566766        0.00443016519541433     6.9822381300893         0.0044301651954144      -3.04165744939408e-05   -3.07040788160059e-05   -1.42013150783893e-07   -1.48406169990956e-07   
56.8188488353483        6639.19568808325        38.5936334088284        0.00438933844282666     6.96917939492075        0.0043893384428267      -3.07040788160059e-05   -3.10009428319512e-05   -1.44578231331982e-07   -1.31450556184586e-07   
57.4879435071431        6676.76560797268        39.0519360127153        0.0043478713143169      6.95577909119724        0.00434787131431695     -3.10009428319512e-05   -3.1265338552639e-05    -1.48406169990956e-07   -1.1840608964621e-07    
58.1601752774409        6715.43404644754        39.5125632572136        0.00430583742047222     6.94208988848784        0.00430583742047222     -3.1265338552639e-05    -3.15048193739662e-05   -1.31450556184586e-07   -1.59931962330576e-07   
58.835466493241         6755.12570894385        39.9754631676897        0.00426324684825866     6.92805508882134        0.00426324684825866     -3.15048193739662e-05   -3.18301606760507e-05   -1.1840608964621e-07    -9.55782738225372e-08   
59.5164019436106        6796.15135443368        40.4424079716422        0.00421994233865626     6.91367809014502        0.00421994233865627     -3.18301606760507e-05   -3.20257947827183e-05   -1.59931962330576e-07   -1.42489283767072e-07   
60.2002131858377        6838.28863929485        40.9114978498909        0.00417610755391157     6.89896475837582        0.00417610755391153     -3.20257947827183e-05   -3.23192156150124e-05   -9.55782738225372e-08   -9.69838125524261e-08   
60.8891226607775        6881.78712445942        41.384256266236         0.00413160803156818     6.8838999308724         0.00413160803156825     -3.23192156150124e-05   -3.25200941110915e-05   -1.42489283767072e-07   -1.2094314027237e-07    
61.5812426136846        6926.50462101593        41.8593891981354        0.0040865710304518      6.86848517099831        0.00408657103045173     -3.25200941110915e-05   -3.27721108162885e-05   -9.69838125524261e-08   -1.09268230936273e-07   
62.2778884839944        6972.58929012105        42.3378065946535        0.00404091137997119     6.85268991106356        0.00404091137997124     -3.27721108162885e-05   -3.30012348428883e-05   -1.2094314027237e-07    -1.23056434997114e-07   
62.9789711201395        7020.09730339907        42.8194630389035        0.0039946267432856      6.83650354453028        0.00399462674328566     -3.30012348428883e-05   -3.32610232966415e-05   -1.09268230936273e-07   -1.18957437292311e-07   
63.685184511072         7069.16128014385        43.3048620162305        0.00394765325231038     6.81989705673364        0.00394765325231036     -3.32610232966415e-05   -3.35139286077591e-05   -1.23056434997114e-07   -1.37956221548285e-07   
64.3962118222155        7119.85036926372        43.7938238091255        0.00389998414242569     6.8028552261253         0.00389998414242564     -3.35139286077591e-05   -3.38093512046814e-05   -1.18957437292311e-07   -1.37495806854371e-07   
65.112678035331         7172.3262212728         44.286825988942         0.00385154202154119     6.78534153321628        0.00385154202154111     -3.38093512046814e-05   -3.41059805300593e-05   -1.37956221548285e-07   -1.55198657058611e-07   
65.8343231769891        7226.69041718344        44.7837428170813        0.00380230583635465     6.76733418104756        0.0038023058363547      -3.41059805300593e-05   -3.44433721094161e-05   -1.37495806854371e-07   -1.50337942021996e-07   
66.561813106035         7283.12639321503        45.2850846277512        0.00375219493378192     6.748791244205          0.00375219493378196     -3.44433721094161e-05   -3.47727782665143e-05   -1.55198657058611e-07   -1.55221116692692e-07   
67.2949440043751        7341.73648745285        45.7907528931535        0.00370119936543308     6.72968924846428        0.00370119936543307     -3.47727782665143e-05   -3.51156542003659e-05   -1.50337942021996e-07   -1.39559392021837e-07   
68.0342664183127        7402.66749356764        46.3011503787023        0.00364927591289821     6.70998958959338        0.00364927591289819     -3.51156542003659e-05   -3.54265236060295e-05   -1.55221116692692e-07   -1.27736745876939e-07   
68.7797730618695        7466.00589872691        46.8162688064014        0.00359644506428825     6.68967862511886        0.00359644506428822     -3.54265236060295e-05   -3.57135276171888e-05   -1.39559392021837e-07   -9.76107012061491e-08   
69.5319963721113        7531.88116597475        47.3364423577517        0.00354271672896997     6.66874818429373        0.00354271672896994     -3.57135276171888e-05   -3.59347992857354e-05   -1.27736745876939e-07   -7.2019234826156e-08    
70.2908937539207        7600.32947758645        47.8615782692538        0.00348816719244507     6.64720742561494        0.00348816719244501     -3.59347992857354e-05   -3.6099560329997e-05    -9.76107012061491e-08   -4.32577731750767e-08   
71.0569041321005        7671.38928731835        48.3918945322859        0.00343285630089944     6.6250505723382         0.00343285630089949     -3.6099560329997e-05    -3.61994590454387e-05   -7.2019234826156e-08    -1.55087111120879e-08   
71.8303386364518        7745.08610418429        48.9275124429247        0.00337685834587268     6.60227973890045        0.00337685834587271     -3.61994590454387e-05   -3.62356242432965e-05   -4.32577731750767e-08   -2.41388394742436e-09   
72.6113151525809        7821.44498681107        49.4684302042421        0.00332025085185487     6.57890053886862        0.0033202508518548      -3.62356242432965e-05   -3.62413099092996e-05   -1.55087111120879e-08   2.32872960713589e-09    
73.4003387555632        7900.57427762616        50.0149470942271        0.00326305495990201     6.55489741626852        0.00326305495990204     -3.62413099092996e-05   -3.62357677680329e-05   -2.41388394742436e-09   -9.82454958385044e-09   
74.1977071228233        7982.61799264771        50.5672731677823        0.00320526257223028     6.53023566193514        0.00320526257223027     -3.62357677680329e-05   -3.62593988647175e-05   2.32872960713589e-09    -3.10322723798588e-08   
75.0037446690989        8067.81523728783        51.1257082352416        0.00314680825273376     6.50485300502998        0.00314680825273374     -3.62593988647175e-05   -3.63348577096584e-05   -9.82454958385044e-09   -7.26617534913504e-08   
75.8185311373469        8156.48774444725        51.6904620057993        0.00308758527234899     6.47866388409554        0.00308758527234905     -3.63348577096584e-05   -3.65135354766662e-05   -3.10322723798588e-08   -1.1378264991742e-07    
76.6427644584468        8249.21598581626        52.2622496680315        0.00302738823228079     6.45156045736259        0.00302738823228079     -3.65135354766662e-05   -3.67966080028487e-05   -7.26617534913504e-08   -1.62789975746661e-07   
77.4767565630901        8346.58945871909        52.8415819837049        0.00296599950558626     6.4233921733889         0.00296599950558626     -3.67966080028487e-05   -3.72065501625546e-05   -1.1378264991742e-07    -2.03093171562531e-07   
78.3211904267548        8449.32413204011        53.4292681352885        0.00290315337928664     6.39396641460009        0.00290315337928667     -3.72065501625546e-05   -3.77245161225796e-05   -1.62789975746661e-07   -2.39667894504737e-07   
79.1765597520152        8558.26058811373        54.0259993577065        0.00283860020924126     6.36310724622292        0.0028386002092413      -3.77245161225796e-05   -3.83439516142511e-05   -2.03093171562531e-07   -2.58795497717146e-07   
80.0437330585482        8674.33704488649        54.6327142624251        0.00277208664114523     6.33061527327334        0.00277208664114525     -3.83439516142511e-05   -3.90222321611305e-05   -2.39667894504737e-07   -2.6591580595203e-07    
80.9233292435621        8798.48514687457        55.2501395195158        0.00270342148539299     6.29629703145319        0.00270342148539305     -3.90222321611305e-05   -3.97295107930488e-05   -2.58795497717146e-07   -2.59653045432077e-07   
81.8162474187642        8931.74785163264        55.8791431516488        0.00263244871307189     6.25997445914823        0.00263244871307194     -3.97295107930488e-05   -4.04309579475131e-05   -2.6591580595203e-07    -2.35339324248087e-07   
82.7236135865976        9075.19329986358        56.5206890066082        0.00255905757080781     6.22146045562725        0.00255905757080786     -4.04309579475131e-05   -4.10773170770006e-05   -2.59653045432077e-07   -2.02395063632669e-07   
83.6464059833318        9229.83687870826        57.1755677704276        0.0024832142015         6.18056928536749        0.00248321420150001     -4.10773170770006e-05   -4.16431424285944e-05   -2.35339324248087e-07   -1.66624900105499e-07   
84.5861679207658        9396.8507165826         57.8449012577965        0.00240490141121225     6.13711380988115        0.0024049014112123      -4.16431424285944e-05   -4.21179208038305e-05   -2.02395063632669e-07   -1.09679091970491e-07   
85.5449890523741        9577.70108903221        58.5301345653337        0.0023241147266708      6.09093262545109        0.00232411472667084     -4.21179208038305e-05   -4.24368453808227e-05   -1.66624900105499e-07   -5.77171724800013e-08   
86.5237991281946        9773.45715814885        59.2318137878102        0.00224100191665032     6.04184522362048        0.00224100191665035     -4.24368453808227e-05   -4.26083285484331e-05   -1.09679091970491e-07   -6.12728409890118e-09   
87.5243695490266        9985.34355267421        59.951015047568         0.00215568816409537     5.98961419332466        0.00215568816409542     -4.26083285484331e-05   -4.26269549006388e-05   -5.77171724800013e-08   4.76138290408692e-08    
88.5489762127183        10215.069826978         60.6891172692148        0.00206829381747585     5.93404945606605        0.00206829381747589     -4.26269549006388e-05   -4.24786369688174e-05   -6.12728409890118e-09   9.37141176047572e-08    
89.5996189117233        10463.9689009582        61.4472540837081        0.00197898548218773     5.87481099569172        0.00197898548218775     -4.24786369688174e-05   -4.21790401954237e-05   4.76138290408692e-08    1.29362986768141e-07    
90.6785856525156        10733.9837075931        62.2267428769696        0.00188790837168583     5.8115944030166         0.00188790837168583     -4.21790401954237e-05   -4.17539287206162e-05   9.37141176047572e-08    1.62382444344642e-07    
91.7886051573631        11027.2968496168        63.029203564495         0.00179515676988154     5.74394269253605        0.00179515676988158     -4.17539287206162e-05   -4.12043667500485e-05   1.29362986768141e-07    1.74111182141946e-07    
92.9323718427287        11346.3345376996        63.8561845492155        0.00170080392000592     5.67125651265779        0.00170080392000594     -4.12043667500485e-05   -4.05961046911576e-05   1.62382444344642e-07    1.7628268115088e-07     
94.1145689945193        11694.6090134335        64.7105256294694        0.00160472781550971     5.59265357043913        0.00160472781550974     -4.05961046911576e-05   -3.9958788188137e-05    1.74111182141946e-07    1.52495341781093e-07    
95.3396751614791        12076.1807538099        65.5945933943255        0.00150673576551679     5.50690679247597        0.00150673576551676     -3.9958788188137e-05    -3.93864928361634e-05   1.7628268115088e-07     2.36557608557816e-08    
96.6119214191613        12496.4356025038        66.5099823845622        0.00140633095462627     5.41204277673025        0.00140633095462628     -3.93864928361634e-05   -3.9293955042903e-05    1.52495341781093e-07    -2.50857804120536e-07   
97.9407614989851        12969.1242592019        67.4607862177657        0.00130168431497612     5.3043544418995         0.00130168431497615     -3.9293955042903e-05    -4.03231044957291e-05   2.36557608557816e-08    -7.7702379695748e-07    
99.3371830929905        13525.9969357036        68.4484364681989        0.0011886998631147      5.17660614462809        0.00118869986311467     -4.03231044957291e-05   -4.36982595512359e-05   -2.50857804120536e-07   -1.50973589696125e-06   
100.819455833724        14251.0164204837        69.467522865649         0.00105843250968516     5.01393708833969        0.00105843250968515     -4.36982595512359e-05   -5.075420203666e-05     -7.7702379695748e-07    -8.29857199214231e-07   
102.420618818685        15363.2988349527        70.4911445800042        0.000894279216456374    4.78523403194776        0.000894279216456342    -5.075420203666e-05     -5.52887335580679e-05   -1.50973589696125e-06   -1.25471231618902e-05   
104.204579819016        17420.0631620017        71.4633395171117        0.000677408426882788    4.43480506575925        0.000677408426882774    -5.52887335580679e-05   -0.000138080357903646   -8.29857199214231e-07   -1.25471231618902e-05   
106.880521319514        17420.0631620017        71.4633395171117        1e-09                   4.43480506575925        9.99999988009271e-10    -0.000138080357903646   -0.000138080357903646   -1.25471231618902e-05   -1.25471231618902e-05   
