x                       V                     vel                       p                      cs                  dd1[i]             dd2_left[i]            dd2_right[i]             dd3_left[i]            dd3_right[i]
-1.50031383317767       94.3149182300424        0.00620330031859281     5.36628799036533        29.0436743833078        5.36621772193276        -0.00760231562152531    -0.00760231562152531    -0.128019204674795      -0.128019204674795      
-1.49083640787643       94.5991138772182        0.0187378034714696      5.36621772193276        29.0872091409914        5.36621772193276        -0.00760231562152531    -0.00760231562152531    -0.128019204674795      -0.128019204674795      
-1.48132125310236       94.8643410717333        0.0312795971983037      5.36607309670077        29.1275639346786        5.36607309670077        -0.00760231562152531    -0.0112598746886223     -0.128019204674795      -0.141868708821732      
-1.47178130901013       95.0220648809374        0.0438333798170895      5.36585832468475        29.1511845919999        5.36585832468475        -0.0112598746886223     -0.0153220449062994     -0.128019204674795      -0.127247893227315      
-1.46222814482555       95.0954993850428        0.0563319857555967      5.36556558541752        29.1616511543408        5.36556558541752        -0.0153220449062994     -0.0189705676187173     -0.141868708821732      -0.148056461274799      
-1.45266290322055       95.1173789263538        0.0687608486948292      5.36520275425107        29.1640195958655        5.36520275425107        -0.0189705676187173     -0.0232191648533033     -0.127247893227315      -0.115173043161344      
-1.44309454110833       95.1272408500239        0.0810768420034707      5.36475841866251        29.1643237019223        5.36475841866251        -0.0232191648533033     -0.0265258219985156     -0.148056461274799      -0.155766889543594      
-1.43352333119143       95.1368672957281        0.093320037740671       5.36425062059642        29.1644189448007        5.36425062059642        -0.0265258219985156     -0.030999738512852      -0.115173043161344      -0.117223366291918      
-1.42394703829224       95.1454927296691        0.105436751535687       5.36365691096854        29.1641269263856        5.36365691096854        -0.030999738512852      -0.0343679867519117     -0.155766889543594      -0.154152369948086      
-1.41436666394941       95.1545358064959        0.117418600259613       5.3629984258622         29.1637224917044        5.3629984258622         -0.0343679867519117     -0.0387987295672822     -0.117223366291918      -0.120211023166701      
-1.40478402675327       95.1640884234978        0.129248540502875       5.36225487594197        29.1631644705975        5.36225487594197        -0.0387987295672822     -0.0422547728607771     -0.154152369948086      -0.151747393656052      
-1.39520110501576       95.1740034796494        0.140918950208631       5.36144492387562        29.1624809713008        5.36144492387562        -0.0422547728607771     -0.0466184152153204     -0.120211023166701      -0.108066702430107      
-1.38561299024388       95.1849944152115        0.152470611586288       5.3605511004701         29.1617336750493        5.3605511004701         -0.0466184152153204     -0.0497264464303745     -0.151747393656052      -0.139653328103236      
-1.37602577554978       95.1981115136504        0.163811059009131       5.35959760651351        29.1611491146802        5.35959760651351        -0.0497264464303745     -0.0537436337092277     -0.108066702430107      -0.10610313394473       
-1.36643874820284       95.2105485162913        0.175004114163747       5.35856692401218        29.1602496587522        5.35856692401218        -0.0537436337092277     -0.0567964463417868     -0.139653328103236      -0.132756692595548      
-1.35684449786882       95.2213123904588        0.1860115359944         5.3574772839632         29.1589328245807        5.35747728396319        -0.0567964463417868     -0.0606170478210814     -0.10610313394473       -0.0985369327388273     
-1.34725001792842       95.2323919053799        0.196864567775632       5.35631414369909        29.1574635299746        5.35631414369909        -0.0606170478210814     -0.0634531123836876     -0.132756692595548      -0.106770813525377      
-1.3376565566979        95.242652949376         0.207518352807039       5.355096644927          29.1557201724107        5.355096644927          -0.0634531123836876     -0.0665259423379711     -0.0985369327388273     -0.0956861528317054     
-1.32806320563669       95.2488806632801        0.218018154218772       5.35382029746169        29.1531985267933        5.35382029746169        -0.0665259423379711     -0.0692793453168929     -0.106770813525377      -0.0938544664791732     
-1.31847194814346       95.2518857636716        0.228348610310251       5.35249138463025        29.1500399633756        5.35249138463024        -0.0692793453168929     -0.0719797006529173     -0.0956861528317054     -0.0813706539214228     
-1.30888391726448       95.2585829995233        0.238552782575918       5.35111085533318        29.1473051227841        5.35111085533318        -0.0719797006529173     -0.0743208836292534     -0.0938544664791732     -0.0496416627854698     
-1.29929238576924       95.2691667546665        0.248609451672095       5.34968521800957        29.1450411196464        5.34968521800957        -0.0743208836292534     -0.0757494967567676     -0.0813706539214228     -0.0657602006144938     
-1.28969909929228       95.2816621480409        0.258536349751132       5.34823168139966        29.142992415461         5.34823168139965        -0.0757494967567676     -0.0776425104720143     -0.0496416627854698     -0.0635670690816949     
-1.28009974455947       95.295658822692         0.268348093258322       5.34674139489546        29.1410719255236        5.34674139489547        -0.0776425104720143     -0.0794727147209414     -0.0657602006144938     -0.13416073029559       
-1.27050332428222       95.3107353772611        0.278027480367149       5.34521588565222        29.1392191845667        5.34521588565223        -0.0794727147209414     -0.0833358959192993     -0.0635670690816949     -0.262307537541545      
-1.2609047524087        95.3266041055379        0.287469409528523       5.34361606281556        29.1372834730125        5.34361606281556        -0.0833358959192993     -0.090890273435567      -0.13416073029559       -0.69178196133222       
-1.25130374902548       95.3442466996514        0.296377995863815       5.34187076955267        29.1352205097166        5.34187076955267        -0.090890273435567      -0.110817970374655      -0.262307537541545      -1.81072446882676       
-1.24169992646999       95.3659112097801        0.304002969636659       5.33974233991395        29.1327248374097        5.33974233991395        -0.110817970374655      -0.162994032540444      -0.69178196133222       -4.90328888483997       
-1.23209549752697       95.3984311581895        0.308238023445244       5.33661079958401        29.1291462851833        5.33661079958402        -0.162994032540444      -0.304341699934107      -1.81072446882676       -9.36475748174236       
-1.22248296348521       95.4601542730961        0.303601677598016       5.33076044267838        29.122591867569         5.33076044267839        -0.304341699934107      -0.574493561710765      -4.90328888483997       -11.2978768510956       
-1.21286648411816       95.5783249418549        0.281780521461575       5.31970762647278        29.1103860079377        5.31970762647278        -0.574493561710765      -0.900815924654687      -9.36475748174236       -9.33934124385203       
-1.20323350840535       95.7654238116189        0.239156253470027       5.30234979954334        29.0912866608635        5.30234979954334        -0.900815924654687      -1.1710834124591        -11.2978768510956       -10.3469618512999       
-1.19357792836948       96.0113262975678        0.179037219385176       5.27973164045367        29.0664192639086        5.27973164045366        -1.1710834124591        -1.47130081677521       -9.33934124385203       -8.81171540117856       
-1.18389431339085       96.3242540218606        0.0991004151925881      5.25123143762803        29.0350635991974        5.25123143762802        -1.47130081677521       -1.72780125944254       -10.3469618512999       -7.71245457623068       
-1.17417561994608       96.6970056070107        0.00160071160326579     5.21764397056604        28.9980041921627        5.21764397056604        -1.72780125944254       -1.95316318078211       -8.81171540117856       4.58331719934992        
-1.16441776710984       97.1251380126683        -0.111632113849843      5.17951946699819        28.9557577196517        5.17951946699818        -1.95316318078211       -1.8186977673042        -7.71245457623068       11.9860038747899        
-1.15461343772455       97.5297928486204        -0.217354654886152      5.1438734662964         28.9159965419202        5.1438734662964         -1.8186977673042        -1.46570793109042       4.58331719934992        11.5459965270438        
-1.1447804722741        97.8602317599649        -0.300738974496937      5.115044343269          28.8836581505529        5.11504434326901        -1.46570793109042       -1.12457871818877       11.9860038747899        10.7674235252983        
-1.13491257737142       98.1163620597167        -0.362041201421979      5.09286023955529        28.8586474383832        5.09286023955529        -1.12457871818877       -0.805643715957801      11.5459965270438        10.2877139593898        
-1.12502815188511       98.3014902182615        -0.402367080085426      5.07693271674998        28.8406556731515        5.07693271674998        -0.805643715957801      -0.500339525090614      10.7674235252983        8.62637202639886        
-1.11512503047212       98.4173167659714        -0.422406653945394      5.06702578291467        28.8294722329557        5.06702578291468        -0.500339525090614      -0.244014118761844      10.2877139593898        9.81341278541488        
-1.10521485440378       98.4744897298571        -0.425300041868298      5.06218932853877        28.8240787954499        5.0621893285388         -0.244014118761844      0.0477723327563634      8.62637202639886        6.19744064364196        
-1.09529755306363       98.4647107271773        -0.408572644714698      5.06313650027375        28.8253439086645        5.06313650027373        0.0477723327563634      0.232032656282012       9.81341278541488        -0.450415800248339      
-1.08538876330141       98.4145328567226        -0.37953346041669       5.06773490989042        28.8310817174385        5.06773490989041        0.232032656282012       0.218646743803756       6.19744064364196        -5.33871857873412       
-1.07548776109368       98.3708166087851        -0.351584820568313      5.07206541991657        28.8369906327034        5.07206541991655        0.218646743803756       0.0600501886504659      -0.450415800248339      -5.68328353379911       
-1.06558662279251       98.3601448207748        -0.334502444733505      5.07325453147606        28.8388063330367        5.07325453147607        0.0600501886504659      -0.108776909141373      -5.33871857873412       -3.26511458148678       
-1.05568597741036       98.3845091922334        -0.328960662105233      5.07110022244007        28.8362534104032        5.07110022244008        -0.108776909141373      -0.205802315093827      -5.68328353379911       0.436956049688274       
-1.04577873098512       98.4328482529075        -0.33010138425479       5.06702227388385        28.83173698604          5.06702227388383        -0.205802315093827      -0.192811341228852      -3.26511458148678       4.59403557346836        
-1.03586410553511       98.4794681782041        -0.330492820307707      5.06319946643794        28.8276831863337        5.06319946643793        -0.192811341228852      -0.0561838522457972     0.436956049688274       4.31273820130501        
-1.02594725652152       98.4921751559268        -0.321761605685927      5.06208538258005        28.826371032885         5.06208538258003        -0.0561838522457972     0.072057321443967       4.59403557346836        1.37869801818338        
-1.01603707267441       98.4707599628967        -0.304493182638982      5.06351353736803        28.8273026286726        5.06351353736804        0.072057321443967       0.113036274156931       4.31273820130501        -1.71384299017246       
-1.0061348812168        98.4401332477511        -0.284611649581813      5.06575272032935        28.829191594325         5.06575272032933        0.113036274156931       0.0621105866942505      1.37869801818338        -3.20791405475188       
-0.996230609194996      98.4247881805594        -0.268319868544693      5.06698301535601        28.8304448457098        5.06698301535601        0.0621105866942505      -0.033210454294562      -1.71384299017246       -2.69765984994412       
-0.986325070171637      98.4329193671954        -0.25861074089234       5.06632507953263        28.8297637879569        5.06632507953265        -0.033210454294562      -0.11337954804916       -3.20791405475188       -1.05460050593246       
-0.976418208660391      98.459708857115         -0.254450076282727      5.06407867822423        28.8272935568442        5.06407867822421        -0.11337954804916       -0.144726250828488      -2.69765984994412       1.00307480968482        
-0.966511253331243      98.4938430754818        -0.252533474434759      5.0612105556701         28.8241241047074        5.06121055567012        -0.144726250828488      -0.114902193807332      -1.05460050593246       2.31959592496208        
-0.956596886226728      98.5212316446668        -0.248715653951878      5.05893253621206        28.8216430330545        5.05893253621208        -0.114902193807332      -0.0459109824748265     1.00307480968482        2.01032843308577        
-0.946681122950035      98.5328453375204        -0.240344716458201      5.05802202454911        28.820747788664         5.0580220245491         -0.0459109824748265     0.0138928760255745      2.31959592496208        0.487437733536426       
-0.936762796245059      98.5306662080006        -0.228036785737814      5.05829756525724        28.821214090293         5.05829756525725        0.0138928760255745      0.028393791011462       2.01032843308577        -1.28615779454899       
-0.926848738165061      98.5248072592925        -0.214874156349131      5.05886067720708        28.8219613366105        5.05886067720709        0.028393791011462       -0.00986743254004541    0.487437733536426       -2.22463306552569       
-0.91693073822196       98.5278378327098        -0.204428198350428      5.0586649835688         28.8218471288441        5.05866498356881        -0.00986743254004541    -0.0760470449490524     -1.28615779454899       -1.46820748431095       
-0.907016245661361      98.5462338101551        -0.19859614038397       5.0571567788024         28.8202404089693        5.0571567788024         -0.0760470449490524     -0.11972766843273       -2.22463306552569       -0.0106549966701811     
-0.897098184768271      98.5750262484926        -0.195846522742106      5.05478201139964        28.8176817669907        5.05478201139965        -0.11972766843273       -0.120044720538319      -1.46820748431095       1.13012394687264        
-0.88717931529668       98.6040004280198        -0.193248827637389      5.05240033455275        28.815125795051         5.05240033455277        -0.120044720538319      -0.0864069060921776     -0.0106549966701811     1.49121406499783        
-0.877255288545018      98.6253003322002        -0.188492812926756      5.05068548171854        28.8133468065864        5.05068548171854        -0.0864069060921776     -0.0420109858014958     1.13012394687264        0.711817723448788       
-0.867329716746377      98.6362410739579        -0.180840286885767      5.0498515546879         28.8125659893936        5.04985155468788        -0.0420109858014958     -0.0208168213555414     1.49121406499783        -0.319186389360696      
-0.857404460421138      98.6420210343103        -0.171864026960609      5.04943834269626        28.812231291927         5.04943834269628        -0.0208168213555414     -0.0303207337052927     0.711817723448788       -1.00074719499898       
-0.84748072859771       98.6501170357721        -0.163648732847515      5.04883647561512        28.8116963868816        5.04883647561512        -0.0303207337052927     -0.0601189987907482     -0.319186389360696      -1.04879268474179       
-0.837553414460575      98.6652819457478        -0.157565953095883      5.04764302195673        28.8105050841658        5.04764302195672        -0.0601189987907482     -0.0913528056634924     -1.00074719499898       -0.489574870764453      
-0.827628729517407      98.687940341672         -0.153734452119479      5.04582919351502        28.8086355810163        5.04582919351503        -0.0913528056634924     -0.105936902229534      -1.04879268474179       0.414916429882525       
-0.8176950088408        98.7141272385828        -0.151028492892199      5.04372493615919        28.8064490784162        5.0437249361592         -0.105936902229534      -0.0935729316393363     -0.489574870764453      0.907075810819309       
-0.807760518414474      98.7377743822425        -0.147632219958782      5.04186568897322        28.8045886640598        5.04186568897324        -0.0935729316393363     -0.0665384594722797     0.414916429882525       0.751498318590217       
-0.797824223774918      98.7561764363989        -0.142551963222098      5.040543577929          28.8034954741409        5.04054357792898        -0.0665384594722797     -0.0441412513098611     0.907075810819309       0.126916611557012       
-0.787891548314983      98.7717760018786        -0.136103879408257      5.0396665790319         28.8032642382853        5.03966657903191        -0.0441412513098611     -0.0403589302366991     0.751498318590217       -0.465537267179376      
-0.777957170492775      98.7894876160615        -0.129540006774969      5.03886476257729        28.8035549907078        5.03886476257731        -0.0403589302366991     -0.0542346371567816     0.126916611557012       -0.659883456888567      
-0.768024324702224      98.8057911275782        -0.124072853317238      5.03778699748001        28.8028508374385        5.03778699748001        -0.0542346371567816     -0.0739109770414566     -0.465537267179376      -0.37737119101095       
-0.758079863532519      98.8206465129581        -0.120103141339797      5.03631733020483        28.8008140687972        5.03631733020482        -0.0739109770414566     -0.0851698829888842     -0.659883456888567      0.0783276114310683      
-0.748133052379221      98.8388220014201        -0.117076132106806      5.03462275247023        28.7986163462675        5.03462275247025        -0.0851698829888842     -0.0828318383029616     -0.37737119101095       0.50834434508842        
-0.738178249565118      98.85839883343          -0.114059401511465      5.03297407392338        28.7967520830107        5.03297407392335        -0.0828318383029616     -0.0676564222281203     0.0783276114310683      0.550007849683925       
-0.728226819975569      98.8756903995625        -0.110185594875179      5.03162758772528        28.7954177943246        5.03162758772524        -0.0676564222281203     -0.0512382199395118     0.50834434508842        0.240910205169288       
-0.718280834250997      98.8891956473706        -0.10536027997845       5.0306080632209         28.7944666266829        5.03060806322092        -0.0512382199395118     -0.0440476482615413     0.550007849683925       -0.154254038713792      
-0.708328765988381      98.8991902084418        -0.100196303826497      5.02973156742345        28.7934129904745        5.02973156742342        -0.0440476482615413     -0.0486514516556617     0.240910205169288       -0.390751406743625      
-0.698381267612109      98.9085893029049        -0.095522908989201      5.02876357056132        28.7920101967559        5.02876357056134        -0.0486514516556617     -0.0603124541641838     -0.154254038713792      -0.256153760817197      
-0.688435198850323      98.921301411518         -0.0918429354710439     5.02756379143451        28.7904252943615        5.02756379143453        -0.0603124541641838     -0.0679564727171408     -0.390751406743625      0.0495223524504442      
-0.678489382692894      98.9371305097976        -0.0888784009538981     5.026211815062          28.7888570549057        5.026211815062          -0.0679564727171408     -0.0664783890262145     -0.256153760817197      0.313149199623482       
-0.668537603283617      98.953663438372         -0.0859877913209718     5.02488883819055        28.78747293846          5.02488883819059        -0.0664783890262145     -0.0571296066357976     0.0495223524504442      0.358535461022708       
-0.658585265528929      98.9682952669001        -0.082651919834939      5.02375165704088        28.7863433286689        5.02375165704089        -0.0571296066357976     -0.0464230726878785     0.313149199623482       0.177060283997163       
-0.648631148778622      98.9805866120491        -0.0788095275305146     5.02282738311474        28.7854824761766        5.02282738311477        -0.0464230726878785     -0.0411344354895515     0.358535461022708       -0.0512484961167961     
-0.638672127206251      98.9915675359581        -0.0748365547238156     5.02200815356842        28.7847314647917        5.0220081535684         -0.0411344354895515     -0.0426654596274511     0.177060283997163       -0.144987397666111      
-0.628712475305856      99.0031620380536        -0.0711807769519983     5.02115834511124        28.7839814613317        5.02115834511123        -0.0426654596274511     -0.0469973183702557     -0.0512484961167961     -0.0959399735180087     
-0.618754902291999      99.0153449784893        -0.0680251405228951     5.02022224557418        28.7830690254477        5.02022224557414        -0.0469973183702557     -0.0498640982595983     -0.144987397666111      0.0372959099810071      
-0.608793404467476      99.0282542177624        -0.0652813023180365     5.01922883496238        28.7820971278379        5.01922883496236        -0.0498640982595983     -0.0487494205142711     -0.0959399735180087     0.16689846704319        
-0.598829249313125      99.0410232305837        -0.0626956494595801     5.01825736315724        28.7811669928301        5.01825736315724        -0.0487494205142711     -0.0437605060400523     0.0372959099810071      0.21745698093675        
-0.58886333014226       99.0527233026166        -0.0600024515465083     5.01738525624202        28.7803658040561        5.01738525624202        -0.0437605060400523     -0.0372603918073714     0.16689846704319        0.115829275630539       
-0.578901150407142      99.062969697665         -0.0570869409193013     5.01664278862009        28.7797247077719        5.01664278862007        -0.0372603918073714     -0.033798064085974      0.21745698093675        0.000806393899949212    
-0.568938513609874      99.0724504802737        -0.0541321593058691     5.0159692744297         28.7791697688771        5.0159692744297         -0.033798064085974      -0.0337739579696996     0.115829275630539       -0.0737646026043414     
-0.55897077353794       99.081974484664         -0.0513590062124549     5.01529611502685        28.7786217443355        5.01529611502683        -0.0337739579696996     -0.035979338333569      0.000806393899949212    -0.0591071730460537     
-0.549006260018235      99.091884269805         -0.0489283743308092     5.01457896210512        28.7780031208653        5.01457896210515        -0.035979338333569      -0.0377466811409713     -0.0737646026043414     0.0456219046948399      
-0.539038318388449      99.1022357740399        -0.0468203255759693     5.0138265000692         28.777346876203         5.0138265000692         -0.0377466811409713     -0.0363823691885601     -0.0591071730460537     0.128249973181488       
-0.529069671680742      99.1123109463454        -0.0448194593621852     5.0131010891476         28.7767276907649        5.01310108914761        -0.0363823691885601     -0.0325463562364541     0.0456219046948399      0.134526458952717       
-0.51909784881205       99.1217883055366        -0.0427398926900197     5.0124520450099         28.7762405031514        5.01245204500986        -0.0325463562364541     -0.0285221135655465     0.128249973181488       0.0679758681412535      
-0.509125852335227      99.1304847417258        -0.040551148990657      5.01188320281949        28.7758698497083        5.01188320281954        -0.0285221135655465     -0.0264885760195357     0.134526458952717       0.00508646170305528     
-0.499153867485328      99.1395392753951        -0.0383784205290666     5.01135492338239        28.7756673322448        5.01135492338239        -0.0264885760195357     -0.0263364287661432     0.0679758681412535      -0.0284424033537051     
-0.489182492284804      99.1503422284649        -0.0363465228199528     5.01082976951257        28.7757272278724        5.01082976951256        -0.0263364287661432     -0.0271869961693527     0.00508646170305528     -0.00586088822304184    
-0.479216811363872      99.1638404527095        -0.0345249690151485     5.01028784497001        28.7761297050395        5.01028784497003        -0.0271869961693527     -0.0273622365393528     -0.0284424033537051     0.0531287008462347      
-0.469253096140051      99.1775290383644        -0.0328675038428419     5.00974247619731        28.7765494777659        5.00974247619734        -0.0273622365393528     -0.0257733666420188     -0.00586088822304184    0.0865707694163616      
-0.459283327739435      99.1836917893548        -0.0312544497780491     5.00922852027076        28.7759673355209        5.00922852027074        -0.0257733666420188     -0.023183023642595      0.0531287008462347      0.0732548238031465      
-0.449303864111798      99.1847078146344        -0.0296157033557366     5.00876590442956        28.7747859170359        5.00876590442957        -0.023183023642595      -0.0209900889844915     0.0865707694163616      0.0319071337580215      
-0.439322680167165      99.1872649666715        -0.0279660558827121     5.00834691943477        28.7739532952689        5.00834691943481        -0.0209900889844915     -0.0200347062630685     0.0732548238031465      -0.00305471229952225    
-0.429342337455266      99.1918984953307        -0.0263798092696675     5.00794698098261        28.7734764614806        5.00794698098265        -0.0200347062630685     -0.0201261827862911     0.0319071337580215      -0.00557056086278268    
-0.419359643228557      99.1975603386429        -0.024928700627051      5.0075451562638         28.773143229609         5.00754515626384        -0.0201261827862911     -0.0202930086684751     -0.00305471229952225    0.0178627913670474      
-0.409374829880956      99.2037139237782        -0.0236145376234445     5.0071399809241         28.7728715472262        5.00713998092406        -0.0202930086684751     -0.0197581107139699     -0.00557056086278268    0.0471332700721781      
-0.399394645338         99.2096565444056        -0.0223777995315693     5.006745588098          28.7726001084487        5.00674558809803        -0.0197581107139699     -0.0183469681067961     0.0178627913670474      0.0539480465589784      
-0.389417708521657      99.2147775797463        -0.0211594519806379     5.00637943916676        28.7722905627603        5.00637943916679        -0.0183469681067961     -0.0167320134924689     0.0471332700721781      0.0430612477277046      
-0.379437931440366      99.2195996652945        -0.0199501539327364     5.00604552160122        28.7720301844087        5.00604552160125        -0.0167320134924689     -0.0154428947846346     0.0539480465589784      0.014904805068392       
-0.369460808234472      99.2242493861753        -0.0187687106423406     5.00573730448002        28.7718185806125        5.00573730448005        -0.0154428947846346     -0.0149966542014853     0.0430612477277046      0.00655650508475504     
-0.359477818045995      99.2292051544603        -0.0176521812269936     5.00543795735733        28.7716767544789        5.00543795735732        -0.0149966542014853     -0.0148003524821109     0.014904805068392       0.0151101034638541      
-0.34949906723233       99.2343979321188        -0.016611502898356      5.00514254325769        28.7715805047449        5.00514254325767        -0.0148003524821109     -0.0143479594764324     0.00655650508475504     0.0299768539156098      
-0.339519685517494      99.2398193413766        -0.0156358897347504     5.00485617379235        28.7715433057482        5.00485617379233        -0.0143479594764324     -0.0134504544915832     0.0151101034638541      0.0363275318301846      
-0.329539402974149      99.2454308638668        -0.0147063657078664     5.00458769106852        28.7715849898269        5.00458769106849        -0.0134504544915832     -0.0123626871847193     0.0299768539156098      0.0358299458411327      
-0.319557617167166      99.2512076620022        -0.0138024596687273     5.0043408885779         28.7717128659294        5.0043408885779         -0.0123626871847193     -0.0112897506692401     0.0363275318301846      0.024579979861666       
-0.309574473755551      99.2578621060201        -0.0129204919109053     5.0041154976126         28.7720294158705        5.00411549761257        -0.0112897506692401     -0.010553690706067      0.0358299458411327      0.0113620293551203      
-0.299594124237639      99.2661050769331        -0.0120975586436515     5.00390481383581        28.7726183794361        5.00390481383584        -0.010553690706067      -0.0102134454970654     0.024579979861666       0.00913367429808405     
-0.289611881564722      99.2772807661974        -0.0113599262189004     5.00370091192801        28.7736517293036        5.00370091192801        -0.0102134454970654     -0.00993991660242813    0.0113620293551203      0.0197785151587335      
-0.279628582894585      99.2930949983655        -0.0106885182307911     5.00350245150312        28.7753726949989        5.00350245150308        -0.00993991660242813    -0.00934751013861037    0.00913367429808405     0.0305903507486506      
-0.269645412836596      99.3160314126019        -0.0100432250826926     5.00331578875096        28.7781591964797        5.00331578875092        -0.00934751013861037    -0.00843106279667816    0.0197785151587335      0.0270263952540508      
-0.259656554764377      99.3498214078793        -0.00940017825710255    5.00314737429038        28.7825699024326        5.00314737429037        -0.00843106279667816    -0.00762115799114871    0.0305903507486506      0.0168632341145646      
-0.249666496556237      99.399573351171         -0.00876686219850108    5.00299509468087        28.7893376642951        5.00299509468085        -0.00762115799114871    -0.00711556940425333    0.0270263952540508      0.0127887744257979      
-0.239673142564211      99.4725641248958        -0.00815642938682878    5.00285283842856        28.7994965169533        5.00285283842856        -0.00711556940425333    -0.00673183522730052    0.0168632341145646      0.0139316916317236      
-0.229665405984339      99.5782280466991        -0.00757037679430539    5.00271810854681        28.8144004699683        5.00271810854681        -0.00673183522730052    -0.00631330978779331    0.0127887744257979      0.00925360561750239     
-0.219646550578245      99.729150887615         -0.00700760123901406    5.00259158536585        28.8358634067043        5.00259158536583        -0.00631330978779331    -0.00603486922702645    0.0139316916317236      0.00843205552068535     
-0.209610587354163      99.9409599800949        -0.0064712275266699     5.00247042536453        28.8661190262611        5.00247042536455        -0.00603486922702645    -0.00578060032493168    0.00925360561750239     0.00338275203191288     
-0.199548054620411      100.233244309105        -0.0059533407183289     5.00235407562367        28.907962518501         5.00235407562366        -0.00578060032493168    -0.00567830427366433    0.00843205552068535     0.00394139052382391     
-0.189453838406418      100.628392662445        -0.00546066508824805    5.00223942365434        28.9645562977424        5.00223942365434        -0.00567830427366433    -0.00555867565303856    0.00338275203191288     0.00589801536322764     
-0.17932233591867       101.150908772999        -0.00500294520897284    5.00212672980088        29.0393315039295        5.0021267298009         -0.00555867565303856    -0.00537876210599419    0.00394139052382391     0.0132878774196564      
-0.169132541786585      101.826247043104        -0.00458932496322297    5.00201705026271        29.1357919597721        5.0020170502627         -0.00537876210599419    -0.00497065786847548    0.00589801536322764     0.0115631903510104      
-0.15886118630189       102.672515830764        -0.00421702548721161    5.00191489392628        29.2563151624505        5.00191489392631        -0.00497065786847548    -0.00461239369620485    0.0132878774196564      0.0150495205430226      
-0.14848994252797       103.69990567389         -0.003885659664824      5.00181917483495        29.4020457516207        5.00181917483498        -0.00461239369620485    -0.00414119095452221    0.0115631903510104      0.020451162419469       
-0.137998615953054      104.921722368138        -0.00358143066065885    5.00173225599877        29.5744924758837        5.00173225599877        -0.00414119095452221    -0.0034932208916466     0.0150495205430226      0.0160747963086818      
-0.12737481266002       106.339332365679        -0.00329049968364849    5.00165801635142        29.7733934405719        5.00165801635145        -0.0034932208916466     -0.0029771781866708     0.020451162419469       0.00589856655680764     
-0.116608762816612      107.934318109491        -0.0030094379761829     5.00159387295249        29.9956559115297        5.00159387295247        -0.0029771781866708     -0.00278507734866276    0.0160747963086818      0.00316608010619001     
-0.105674602010158      109.673675536418        -0.00274673595187788    5.00153295648756        30.2361952703079        5.00153295648754        -0.00278507734866276    -0.00268035007403723    0.00589856655680764     0.00434755968015012     
-0.0945640735547065     111.507833746979        -0.00250322228112711    5.00147337822197        30.4877970656216        5.00147337822195        -0.00268035007403723    -0.00253421543542679    0.00316608010619001     0.00591951583679475     
-0.083263706039963      113.374530676448        -0.00226173774224056    5.00141612856734        30.7417524520517        5.00141612856734        -0.00253421543542679    -0.00233204729097629    0.00434755968015012     0.0112494924429059      
-0.0717936058460497     115.203703263041        -0.0020030442348582     5.00136261421627        30.988586461229         5.00136261421628        -0.00233204729097629    -0.00194188509863616    0.00591951583679475     0.0150457266341091      
-0.060139434587691      116.91607999213         -0.00172132528042449    5.00131737331394        31.2179014371669        5.00131737331391        -0.00194188509863616    -0.00141255346768459    0.0112494924429059      0.0110342650809344      
-0.0483230479821925     118.423354919415        -0.00141811536414193    5.00128400966149        31.4183818628771        5.00128400966151        -0.00141255346768459    -0.00101951039551794    0.0150457266341091      0.00268706110878044     
-0.0363712108158346     119.612545442528        -0.00109221482887538    5.00125965870445        31.5756604100022        5.00125965870448        -0.00101951039551794    -0.00092284311034622    0.0110342650809344      0.00406566322523661     
-0.0243213674242303     120.390405626707        -0.000739163195267884   5.00123742650449        31.6780944926812        5.00123742650446        -0.00092284311034622    -0.000775552116528633   0.00268706110878044     0.010986577963692       
-0.0121909202983207     120.740223726184        -0.000369275001237054   5.00121863705152        31.7240249952924        5.00121863705151        -0.000775552116528633   -0.000375961308157651   0.00406566322523661     0.0168854813078661      
-4.72664358357727e-05   120.810337992204        2.85936531946173e-07    5.00120950845866        31.7332058230994        5.00120950845868        -0.000375961308157651   0.000238943331161681    0.010986577963692       0.0123960162736374      
0.0120963207025505      120.741978079982        0.000372612950714173    5.00121530979352        31.7242449163717        5.00121530979353        0.000238943331161681    0.000689775274796747    0.0168854813078661      0.00839014936985459     
0.0242237412258235      120.391900255165        0.000749069477245679    5.00123201992965        31.6782740085458        5.00123201992965        0.000689775274796747    0.000993728188072084    0.0123960162736374      0.00490278197939416     
0.0362762701325559      119.613866669999        0.00111219892389555     5.0012559606805         31.5758231263355        5.00125596068049        0.000993728188072084    0.00117010626343809     0.00839014936985459     0.00984987367186764     
0.0482274925967817      118.423938741185        0.00144477757684925     5.00128390881602        31.418458991621         5.001283908816          0.00117010626343809     0.0015209465009606      0.00490278197939416     0.0143867086289755      
0.0600427707100335      116.916216125772        0.0017497651210067      5.00131982882606        31.2179272753423        5.00131982882602        0.0015209465009606      0.00202705753231718     0.00984987367186764     0.0101645902256618      
0.071694750734299       115.203747129749        0.00203276822024723     5.00136705079305        30.9886061056485        5.00136705079304        0.00202705753231718     0.00237955794955876     0.0143867086289755      0.00230287024088095     
0.083167152193589       113.374499473266        0.00229138920583957     5.00142165123978        30.7417651944947        5.00142165123983        0.00237955794955876     0.00245819629622745     0.0101645902256618      0.00315949031862804     
0.094461621277591       111.507775877209        0.00253035040379396     5.00147717152175        30.4878007159428        5.0014771715217         0.00245819629622745     0.00256437712047834     0.00230287024088095     0.00663673779872656     
0.105571842571732       109.673557267481        0.00276458691323206     5.00153416098716        30.2361826082121        5.00153416098718        0.00256437712047834     0.00278387061212448     0.00315949031862804     0.00821120475746004     
0.116503954714281       107.93429021145         0.00300669327113588     5.00159504466032        29.9956555484989        5.00159504466038        0.00278387061212448     0.00305126798098534     0.00663673779872656     0.0122668830903954      
0.127269812970249       106.339309750615        0.00326922305829929     5.00166078047809        29.773398501648         5.00166078047804        0.00305126798098534     0.00344503426183017     0.00821120475746004     0.0182231784226674      
0.137893525668257       104.921749549495        0.00356223075386578     5.00173399076506        29.5745014354215        5.00173399076498        0.00344503426183017     0.00402236664782232     0.0122668830903954      0.0210728133979416      
0.148382162974532       103.699988927839        0.00388386300691175     5.00181840586871        29.4020552940222        5.00181840586865        0.00402236664782232     0.00468211722190302     0.0182231784226674      0.0132794180204803      
0.15875402948591        102.672553248872        0.0042262452787996      5.00191556899736        29.2563224678087        5.00191556899736        0.00468211722190302     0.005093544628991       0.0210728133979416      0.00618898359752038     
0.169025587446519       101.826202917315        0.00460414956289653     5.00202025196103        29.135794971498         5.00202025196107        0.005093544628991       0.00528363270819853     0.0132794180204803      0.00226697961056975     
0.179214775620022       101.150924176844        0.00502749117936533     5.00212799700979        29.0393373933935        5.00212799700979        0.00528363270819853     0.00535278911446463     0.00618898359752038     0.00777128875002032     
0.189349299533043       100.628451929794        0.0054951319733961      5.00223652799077        28.9645564439937        5.00223652799082        0.00535278911446463     0.00558866728907303     0.00226697961056975     0.00955720258484801     
0.199442252349011       100.233329528755        0.00599328670638648     5.00234936687782        28.9079612018392        5.00234936687777        0.00558866728907303     0.00587766864461553     0.00777128875002032     0.0102818499707798      
0.20950314490064        99.9410347043213        0.0065065546379711      5.00246765717763        28.8661218308832        5.00246765717759        0.00587766864461553     0.00618768613523144     0.00955720258484801     0.00566828396004461     
0.219539161822128       99.7291791522761        0.00702659850189643     5.00259187494387        28.8358683275418        5.00259187494381        0.00618768613523144     0.00635822916343676     0.0102818499707798      0.00922560060710197     
0.229556224777794       99.5783133872624        0.00757336419603241     5.00271928614196        28.8144162085563        5.002719286142          0.00635822916343676     0.00663536809603975     0.00566828396004461     0.0125064920078936      
0.239563655404422       99.4726562598171        0.00815308338239395     5.00285208417591        28.7995076835218        5.00285208417599        0.00663536809603975     0.00701064741010466     0.00922560060710197     0.0205673703535504      
0.249559061127035       99.3996758282766        0.00875853669042759     5.00299225866373        28.7893443448137        5.00299225866381        0.00701064741010466     0.00762730301519466     0.0125064920078936      0.0286039943185803      
0.259549847062802       99.3499243861521        0.00937894436623937     5.00314465836152        28.782577007083         5.00314465836144        0.00762730301519466     0.00848446144692442     0.0205673703535504      0.0274073138756664      
0.269534490849282       99.3160821010526        0.010005184230196       5.00331412100066        28.7781617440105        5.00331412100058        0.00848446144692442     0.0093055011185843      0.0286039943185803      0.0191485130732869      
0.279521004453074       99.2931613145072        0.0106492264175786      5.0034999447881         28.7753750961643        5.00349994478812        0.0093055011185843      0.00987904281966809     0.0274073138756664      0.0134967868038066      
0.28950181397142        99.2773439618705        0.0113382315293111      5.00369719672439        28.7736502052443        5.00369719672445        0.00987904281966809     0.0102832810272045      0.0191485130732869      0.0131570158112424      
0.299487091871205       99.2661485861324        0.012094430601657       5.00390252338818        28.7726181000031        5.0039025233882         0.0102832810272045      0.010677312728805       0.0134967868038066      0.0197049306541326      
0.309469802691954       99.2578727792901        0.0129174465871647      5.00411569984596        28.772031544197         5.00411569984598        0.010677312728805       0.0112673919483355      0.0131570158112424      0.0327300013979738      
0.319449835384277       99.251289347312         0.0137971041311018      5.00434061693786        28.7717239248365        5.00434061693794        0.0112673919483355      0.0122474251373128      0.0197049306541326      0.036952365460582       
0.329430600135639       99.2455372706548        0.0147160466778808      5.00458509502037        28.7715929512661        5.00458509502039        0.0122474251373128      0.0133538356582674      0.0327300013979738      0.0295539845051016      
0.33941221847994        99.2399282853083        0.0156613194478211      5.00485165274549        28.7715461030822        5.00485165274555        0.0133538356582674      0.014238681375183       0.036952365460582       0.0135266719264132      
0.349390488361393       99.2345157158516        0.0166342242552292      5.00513583958069        28.7715783118469        5.0051358395807         0.014238681375183       0.0146436842947453      0.0295539845051016      0.0119854476594608      
0.35936990796468        99.2293488089889        0.0176696038782461      5.00542814388565        28.7716693765458        5.0054281438857         0.0146436842947453      0.0150025423371865      0.0135266719264132      0.020110515842749       
0.369355034171836       99.2244168730582        0.0187889463571712      5.00572762916073        28.7718150577039        5.00572762916071        0.0150025423371865      0.0156046515315932      0.0119854476594608      0.046430552708825       
0.379329965369328       99.2197288941391        0.0199808992242731      5.00603906280906        28.7720303606757        5.00603906280903        0.0156046515315932      0.0169945618065333      0.020110515842749       0.0517429404144093      
0.389310465771848       99.2148887251061        0.0211941439708727      5.00637819307714        28.772303098117         5.00637819307708        0.0169945618065333      0.0185433753569775      0.046430552708825       0.0434285846898174      
0.399284979464487       99.2096499407534        0.0224067187209116      5.00674822857649        28.7726067379652        5.00674822857657        0.0185433753569775      0.0198435464479952      0.0517429404144093      0.0163686447163187      
0.409265715301564       99.20371701631          0.0236383177738247      5.00714431834308        28.7728844579038        5.00714431834315        0.0198435464479952      0.0203336708555488      0.0434285846898174      -0.00453494667455267    
0.419250997800166       99.1975518181982        0.024950561596439       5.00755028532519        28.773156729574         5.00755028532512        0.0203336708555488      0.0201978660363428      0.0163686447163187      -0.00224481322397212    
0.429230212696264       99.1918817130902        0.0263927827159975      5.00795350095668        28.7734927578478        5.00795350095674        0.0201978660363428      0.0201306420002382      -0.00453494667455267    0.0298839390846346      
0.439213058080935       99.1872106793065        0.0279668364530797      5.008355391793          28.7739697586381        5.00835539179307        0.0201306420002382      0.0210255320886008      -0.00224481322397212    0.0703732633288835      
0.449196420607465       99.1846497870387        0.029608385865034       5.00877515581013        28.7748040737914        5.00877515581019        0.0210255320886008      0.0231323896152063      0.0298839390846346      0.0870294697935949      
0.459175829408771       99.1836415207054        0.0312413750322252      5.00923676772462        28.7759837324558        5.00923676772464        0.0231323896152063      0.0257363248479206      0.0703732633288835      0.0566666158538615      
0.469144088462631       99.1775150203174        0.0328497076062437      5.00974991837148        28.7765688184363        5.00974991837139        0.0257363248479206      0.0274307907245549      0.0870294697935949      -0.00402235211159371    
0.479105700384845       99.1637822596535        0.034505010480462       5.01029657375892        28.7761463280648        5.01029657375898        0.0274307907245549      0.0273105337005533      0.0566666158538615      -0.0283452161825846     
0.489071281256943       99.1502496231395        0.0363225243730007      5.01084093425859        28.7757458476632        5.01084093425856        0.0273105337005533      0.0264628847129672      -0.00402235211159371    0.0028942067373655      
0.499043015955339       99.1394151497025        0.0383468626911833      5.01136862759704        28.7756886636254        5.0113686275971         0.0264628847129672      0.0265494587679467      -0.0283452161825846     0.0670084060250725      
0.509015735513972       99.130317309202         0.0405205528707635      5.01189813586719        28.7758884175019        5.01189813586713        0.0265494587679467      0.0285540273648468      0.0028942067373655      0.131548604490712       
0.518987003466958       99.1216546049025        0.0427130987607755      5.01246758751854        28.7762657100223        5.01246758751862        0.0285540273648468      0.0324892017149535      0.0670084060250725      0.127278245653052       
0.528957655809155       99.1121726278411        0.04479870763065        5.01311549464198        28.776748956645         5.01311549464201        0.0324892017149535      0.0362963222494515      0.131548604490712       0.0444964961415949      
0.538929542572864       99.1021493898814        0.0468073172529974      5.01383927353639        28.777370991309         5.01383927353632        0.0362963222494515      0.0376270701789443      0.127278245653052       -0.0647961579201472     
0.548896782362824       99.0917609335794        0.0489168657460835      5.01458938923982        28.7780151313063        5.01458938923987        0.0376270701789443      0.0356896709089608      0.0444964961415949      -0.0747873226458001     
0.558861482247883       99.0820002653846        0.0513499931569712      5.01530069674437        28.7786386337103        5.01530069674441        0.0356896709089608      0.0334539084922058      -0.0647961579201472     0.00474761620278253     
0.568825535511423       99.0725419577436        0.0541235701906434      5.01596739864086        28.77917767416          5.01596739864093        0.0334539084922058      0.0335958241212866      -0.0747873226458001     0.128065276602941       
0.57879066657614        99.0631702105067        0.0570822550951093      5.01663688276284        28.7797368936734        5.01663688276279        0.0335958241212866      0.03742399308659        0.00474761620278253     0.211978187666949       
0.58875154981974        99.0528792142981        0.0599831179234687      5.01738265812665        28.7803810030182        5.01738265812669        0.03742399308659        0.0437606838475616      0.128065276602941       0.1658674268447         
0.598720119436824       99.0412006754072        0.0626810293493309      5.01825481377472        28.7811854646802        5.01825481377467        0.0437606838475616      0.048718839604618       0.211978187666949       0.0358967614437303      
0.60868233547905        99.0284443243794        0.0652755492422993      5.01922566111686        28.7821156546158        5.01922566111682        0.048718839604618       0.0497916780668426      0.1658674268447         -0.0956766875070874     
0.618644443219092       99.0155820655854        0.0680291058193294      5.02021758020566        28.7830901109184        5.02021758020573        0.0497916780668426      0.0469329058243062      0.0358967614437303      -0.13103782794734       
0.62860077769373        99.0033816705623        0.071186797638417       5.02115235908233        28.7839962314788        5.02115235908232        0.0469329058243062      0.0430181108227967      -0.0956766875070874     -0.0552718754079741     
0.638560690980321       98.9917472874208        0.0748202996571037      5.02200911136183        28.7847603437147        5.02200911136176        0.0430181108227967      0.0413670544993105      -0.13103782794734       0.16007310828616        
0.648516696573803       98.9807177841789        0.0787754573870419      5.02283287094596        28.7855172750754        5.02283287094596        0.0413670544993105      0.0461481940590261      -0.0552718754079741     0.34814561481304        
0.658471614700959       98.968464593214         0.0826229059233232      5.02375170526065        28.7863680922987        5.0237517052607         0.0461481940590261      0.0565444897870402      0.16007310828616        0.330034606108329       
0.668426803057237       98.9539477206019        0.0859775451747831      5.02487730565469        28.7874812550581        5.02487730565464        0.0565444897870402      0.0663972802111494      0.34814561481304        0.0568843241821415      
0.678374420074119       98.9375001245878        0.0888556791041939      5.02619852898303        28.7888727806266        5.02619852898296        0.0663972802111494      0.0680950043362443      0.330034606108329       -0.267155806598379      
0.688321511200197       98.9216554055676        0.09181140686484        5.02755319730869        28.7904464744045        5.02755319730862        0.0680950043362443      0.0601229236789682      0.0568843241821415      -0.378647141817853      
0.698267309828287       98.9089578955806        0.0955105102387357      5.0287492354112         28.7920228070415        5.02874923541123        0.0601229236789682      0.0488238570503224      -0.267155806598379      -0.169783171437155      
0.708215046637076       98.8995061358112        0.100173342854341       5.02972054592256        28.7934274326881        5.02972054592257        0.0488238570503224      0.0437573674045997      -0.378647141817853      0.228018123972245       
0.718162130740934       98.8896299336815        0.105348949599045       5.03059106258341        28.7944811994289        5.03059106258342        0.0437573674045997      0.0505627959938518      -0.169783171437155      0.575111166135509       
0.728108572806726       98.8762563237118        0.110221833792204       5.03159719083192        28.7954132215059        5.03159719083195        0.0505627959938518      0.0677311471155134      0.228018123972245       0.536213969505286       
0.738065780686737       98.8589866037529        0.114101466930472       5.03294541097706        28.7967556899847        5.03294541097704        0.0677311471155134      0.0837402213527723      0.575111166135509       0.0542453774618921      
0.748015857785379       98.8392100329397        0.11705594957076        5.03461217069188        28.7986426119186        5.03461217069196        0.0837402213527723      0.0853594258939774      0.536213969505286       -0.430595876516644      
0.757966360745859       98.8209725184311        0.120069401176173       5.0363104809125         28.8008419908325        5.03631048091257        0.0853594258939774      0.072512779390301       0.0542453774618921      -0.656466960425343      
0.767907256241257       98.8064202764994        0.124114857895657       5.03775234593973        28.8028434806311        5.0377523459398         0.072512779390301       0.0529381804977266      -0.430595876516644      -0.421236371463975      
0.777843539342166       98.7904432858098        0.129656790249432       5.03880435479333        28.8035216550715        5.0388043547933         0.0529381804977266      0.0403822109537002      -0.656466960425343      0.159500227203367       
0.787774883515003       98.7728044296364        0.136222602112661       5.03960670211566        28.803243081013         5.03960670211574        0.0403822109537002      0.0451360931230807      -0.421236371463975      0.784044767113837       
0.797713573949392       98.7569265059984        0.142637297660585       5.04050360357921        28.8034906429728        5.04050360357925        0.0451360931230807      0.0685056736597924      0.159500227203367       0.89673794104504        
0.807646944488146       98.7380567988881        0.147602484827928       5.04186490853547        28.8046276291182        5.04186490853548        0.0685056736597924      0.0952330731664654      0.784044767113837       0.354450243238792       
0.817584351299067       98.7140375145839        0.150891714890648       5.04375710485631        28.8065278499867        5.04375710485628        0.0952330731664654      0.105795407752484       0.89673794104504        -0.486462906888667      
0.827514385341261       98.6879054610834        0.153594260430316       5.04585860514294        28.8087144510806        5.04585860514289        0.105795407752484       0.091302590489896       0.354450243238792       -1.04446653830571       
0.837444538161573       98.6653396088416        0.157417747533088       5.04767173897077        28.8105954572128        5.04767173897081        0.091302590489896       0.0601937125564352      -0.486462906888667      -1.04524784307697       
0.847371227715177       98.6501692574734        0.163481618712572       5.04886684735673        28.811790672402         5.04886684735671        0.0601937125564352      0.0290668956751496      -1.04446653830571       -0.346273710121153      
0.8572964406095         98.6423520863525        0.171784780540711       5.04944385266538        28.8122953602244        5.04944385266531        0.0290668956751496      0.0187559249103529      -1.04524784307697       0.762215558377675       
0.867221212600262       98.6370331751951        0.180912736770254       5.04981617628089        28.8125807506737        5.04981617628092        0.0187559249103529      0.0414520785246993      -0.346273710121153      1.53658135660676        
0.877148429088712       98.6262714023832        0.188621669698712       5.05063906481735        28.8133562537166        5.05063906481733        0.0414520785246993      0.0872005450561721      0.762215558377675       1.21609498259027        
0.887072349546789       98.6048113310629        0.193335703600546       5.05236972487858        28.8151569923546        5.05236972487864        0.0872005450561721      0.123396307745513       1.53658135660676        -0.0449960169130903     
0.896991082133824       98.5750442426603        0.19570778030034        5.05481770511339        28.817786143287         5.05481770511341        0.123396307745513       0.122057498135212       1.21609498259027        -1.57967338804877       
0.906906414217036       98.5457437281537        0.198292068164274       5.05723842652804        28.8204013953312        5.05723842652798        0.122057498135212       0.0750654738303189      -0.0449960169130903     -2.24148322409281       
0.91682228099196        98.5275551120714        0.204185052547994       5.05872704277727        28.8219825684078        5.05872704277727        0.0750654738303189      0.00838414157640458     -1.57967338804877       -1.30832604993662       
0.926737024532471       98.524857516714         0.214715054787067       5.05889332675025        28.8220616950027        5.0588933267502         0.00838414157640458     -0.0305401764779058     -2.24148322409281       0.511922514223383       
0.936657979127107       98.5312116138552        0.228013942513159       5.05828753389889        28.8212652800647        5.05828753389886        -0.0305401764779058     -0.0153101260967812     -1.30832604993662       2.14752668845893        
0.946573189576468       98.5337843139489        0.24040387239989        5.05798389053291        28.820776468062         5.05798389053285        -0.0153101260967812     0.048571732327855       0.511922514223383       2.40843162596339        
0.956487505154215       98.5215434968489        0.248596040141999       5.05894700142792        28.821729853516         5.05894700142783        0.048571732327855       0.120194361398592       2.14752668845893        0.847825359789753       
0.966400922981012       98.4929449855734        0.252063945318754       5.06132967714213        28.8243318929399        5.06132967714213        0.120194361398592       0.145400142242868       2.40843162596339        -1.15519095248401       
0.976306818192905       98.4586666768642        0.253946099850396       5.06421093423447        28.827517419852         5.06421093423443        0.145400142242868       0.111064345638224       0.847825359789753       -2.60720881407022       
0.986213718245098       98.4324270283095        0.258279401870775       5.0664114956398         28.8299375603426        5.06641149563975        0.111064345638224       0.0335842564568809      -1.15519095248401       -3.21427823727087       
0.99612080671215        98.4241688178278        0.26797753915169        5.06707684143564        28.8306210609012        5.06707684143573        0.0335842564568809      -0.0619265529684578     -2.60720881407022       -1.67842328804661       
1.00602221157744        98.4395389533217        0.284256060351435       5.06585022820921        28.8293820280483        5.06585022820928        -0.0619265529684578     -0.11180016278633       -3.21427823727087       1.21803646732594        
1.01592741119034        98.4698925290098        0.304055414167423       5.06363543193236        28.8275226357401        5.0636354319324         -0.11180016278633       -0.0755976228975996     -1.67842328804661       4.48588529863037        
1.025836234148          98.4920677942618        0.321553435966521       5.06213718176837        28.8265028081967        5.06213718176842        -0.0755976228975996     0.0577878906157562      1.21803646732594        4.2509975230417         
1.03575088267209        98.4790630932042        0.330158675398406       5.06328296996476        28.8278616115818        5.06328296996482        0.0577878906157562      0.18421185589278        4.48588529863037        0.617764676948798       
1.04566772096958        98.4344211547844        0.330331096576391       5.06693554094355        28.8317205811407        5.06693554094361        0.18421185589278        0.20257967503417        4.2509975230417         -3.14873046159385       
1.05557559453641        98.3869122549252        0.329384263371377       5.0709500559736         28.8361786131641        5.07095005597365        0.20257967503417        0.109009115762888       0.617764676948798       -5.62983092077109       
1.06547694601787        98.3624760737557        0.334891843744171       5.07310893357679        28.8387342561615        5.07310893357679        0.109009115762888       -0.0582265776883452     -3.14873046159385       -5.09520482403347       
1.07537549002869        98.3727664018451        0.351839133422307       5.07195600858136        28.8369653868263        5.07195600858132        -0.0582265776883452     -0.209583278974036      -5.62983092077109       -0.451125436519842      
1.08527838178166        98.4144557305397        0.379180596514239       5.06780505098219        28.8312699408383        5.06780505098223        -0.209583278974036      -0.222989039611928      -5.09520482403347       5.75903970563028        
1.09518558834726        98.4625625873963        0.407614429492839       5.06338640233845        28.8257408272658        5.06338640233838        -0.222989039611928      -0.0517874756555432     -0.451125436519842      9.28695607697478        
1.10509936713917        98.4732562433792        0.424625646427292       5.06235985024593        28.8243837381207        5.06235985024586        -0.0517874756555432     0.224294984195489       5.75903970563028        10.7121990973116        
1.11500940434447        98.4206271708962        0.423077380328936       5.06680481362177        28.8293284552719        5.06680481362171        0.224294984195489       0.542562166195979       9.28695607697478        8.91644402344313        
1.12491052908667        98.2951529412156        0.400179011060081       5.07754690167317        28.8414704105668        5.07754690167319        0.542562166195979       0.807157310739432       10.7121990973116        10.8545064107468        
1.13479587275438        98.1097207150216        0.359715367507752       5.09350390272844        28.8594942597625        5.09350390272851        0.807157310739432       1.12867332901075        8.91644402344313        11.2442600815251        
1.14466282429326        97.8527035718043        0.298148823911153       5.11576955304131        28.8845945564821        5.11576955304139        1.12867332901075        1.46089324261858        10.8545064107468        11.9003409940735        
1.1544981296145         97.523419837881         0.215098262302012       5.14450471840127        28.9168259412695        5.14450471840133        1.46089324261858        1.81133666081658        11.2442600815251        5.14846529956928        
1.16429973955283        97.1206099050825        0.109871350339873       5.18000158161166        28.9564302851547        5.18000158161164        1.81133666081658        1.96236263863026        11.9003409940735        -8.36965624338954       
1.17405532330021        96.6906229619936        -0.00392676199131283    5.21829849461932        28.9988658469711        5.21829849461928        1.96236263863026        1.71783524145164        5.14846529956928        -8.7922903030226        
1.18377397895063        96.320136977368         -0.100748409083291      5.25168865232335        29.035707050523         5.25168865232333        1.71783524145164        1.46192557600897        -8.36965624338954       -10.1583318276278       
1.19345577560549        96.0092832813691        -0.180098288740195      5.28000472396455        29.0668616947799        5.2800047239645         1.46192557600897        1.1672024875536         -8.7922903030226        -10.1795599796261       
1.20311157474554        95.7643155587088        -0.239990650603896      5.30254657352063        29.091658120825         5.30254657352054        1.1672024875536         0.872621943064325       -10.1583318276278       -9.43411798240349       
1.21274361078149        95.5830734017306        -0.28084193742827       5.31936168252185        29.1101625482362        5.31936168252178        0.872621943064325       0.600130417795909       -10.1795599796261       -10.514059436979        
1.2223630156785         95.4596356153286        -0.304278851893795      5.33090801612209        29.1229158544106        5.33090801612207        0.600130417795909       0.296837971912293       -9.43411798240349       -4.698308146828         
1.23197158451543        95.3994838160197        -0.308447191259479      5.33661343466836        29.1293141867145        5.33661343466833        0.296837971912293       0.161413250382168       -10.514059436979        -1.77507627597974       
1.24157634047185        95.3672803994083        -0.304073269312119      5.33971420894773        29.1328572296363        5.33971420894771        0.161413250382168       0.110270934806869       -4.698308146828         -0.681352764845909      
1.25117857864921        95.3457760368217        -0.296419416628194      5.34183192604512        29.1353482459321        5.34183192604506        0.110270934806869       0.0906445507125402      -1.77507627597974       -0.247053481578069      
1.26077868967156        95.328213966624         -0.28749912396049       5.34357244000649        29.1374105720662        5.34357244000657        0.0906445507125402      0.0835293604410592      -0.681352764845909      -0.130355076021881      
1.27037928727983        95.3122944464211        -0.278058293172234      5.34517612251925        29.1393491250101        5.34517612251926        0.0835293604410592      0.0797756520669694      -0.247053481578069      -0.0647920771501191     
1.27997603662834        95.2971528931373        -0.268391410486241      5.34670746987676        29.1412079145588        5.3467074698768         0.0797756520669694      0.0779102175043659      -0.130355076021881      -0.0702664298875562     
1.28957328700233        95.2831261722507        -0.258590895285437      5.34820275526824        29.1431374976741        5.34820275526823        0.0779102175043659      0.0758876098054679      -0.0647920771501191     -0.0552620797039476     
1.29916687112474        95.2706379353721        -0.248653208721813      5.34965887433147        29.1451943921631        5.34965887433148        0.0758876098054679      0.0742972599582019      -0.0702664298875562     -0.0793496590754856     
1.30875812587298        95.2600941612373        -0.238579360955154      5.3510841114893         29.1474634781248        5.35108411148927        0.0742972599582019      0.0720140946063737      -0.0552620797039476     -0.0897881324426732     
1.31834783897662        95.2533778979207        -0.228377912951109      5.35246541776697        29.1501975729185        5.35246541776689        0.0720140946063737      0.069430579263878       -0.0793496590754856     -0.0926802495193604     
1.32793926713811        95.250429275083         -0.218052818629811      5.35379730298913        29.15337291411          5.35379730298905        0.069430579263878       0.0667634858249516      -0.0897881324426732     -0.10536332049955       
1.33753265220249        95.2441247096997        -0.207558441596333      5.35507828031337        29.1558954461578        5.35507828031341        0.0667634858249516      0.0637309010281684      -0.0926802495193604     -0.101292395759292      
1.34712804416236        95.2338470164547        -0.196908564842299      5.3563012611002         29.1576512220966        5.35630126110023        0.0637309010281684      0.0608153413266911      -0.10536332049955       -0.136455274310123      
1.35672339804971        95.2227020514828        -0.186064458482026      5.3574682594859         29.1591210379446        5.35746825948595        0.0608153413266911      0.0568883002946005      -0.101292395759292      -0.108326221121943      
1.3663157192947         95.2119507102857        -0.175068915629292      5.35855958121121        29.1604444046043        5.3585595812112         0.0568883002946005      0.0537717454876374      -0.136455274310123      -0.135835658098186      
1.37590289928231        95.1995029954374        -0.163873491142298      5.3595907216156         29.1613435034797        5.35959072161562        0.0537717454876374      0.0498645545628484      -0.108326221121943      -0.117303538428943      
1.38548871694644        95.1863806924656        -0.152533553760666      5.36054684217981        29.16193444771          5.36054684217982        0.0498645545628484      0.0464908658865249      -0.135835658098186      -0.154673499878779      
1.39507860734293        95.1754111031652        -0.141002673051034      5.36143825027311        29.1626784770643        5.36143825027311        0.0464908658865249      0.0420429135818761      -0.117303538428943      -0.101440983706681      
1.40466067466005        95.1655712122156        -0.129340698025238      5.3622441787788         29.1633625819813        5.36224417877883        0.0420429135818761      0.0391262741600365      -0.154673499878779      -0.158275424355262      
1.41424502521114        95.1559682399715        -0.117490201637192      5.36299407696198        29.1639301780627        5.36299407696191        0.0391262741600365      0.0345765361324132      -0.101440983706681      -0.128892009637361      
1.42382646189812        95.1468832460178        -0.105524805932194      5.36365664956189        29.16433932641          5.36365664956197        0.0345765361324132      0.0308725076145194      -0.158275424355262      -0.151838113805828      
1.43340422214857        95.138243364314         -0.0934205754253002     5.36424799894975        29.164622735734         5.36424799894982        0.0308725076145194      0.0265110408619297      -0.128892009637361      -0.114348035157366      
1.4429763906876         95.1285027521058        -0.0811956560382354     5.36475554896862        29.1645093393905        5.36475554896867        0.0265110408619297      0.0232279244002946      -0.151838113805828      -0.153108631618061      
1.45254400227632        95.1184654913788        -0.0688646057639813     5.36520005358132        29.1641788315426        5.3652000535813         0.0232279244002946      0.0188342784534512      -0.114348035157366      -0.121367547098607      
1.46210990652656        95.0963893567302        -0.0564273650571481     5.36556028506253        29.1617732081263        5.36556028506251        0.0188342784534512      0.015354241746165       -0.153108631618061      -0.138020785800409      
1.4716632373565         95.022440002127         -0.0439528996528685     5.36585365514919        29.1512294482471        5.36585365514916        0.015354241746165       0.0114014517805514      -0.121367547098607      -0.123671512847003      
1.48120422721724        94.8636993748228        -0.0314142973512971     5.36607118885586        29.1274602418268        5.36607118885582        0.0114014517805514      0.00786608947167312     -0.138020785800409      -0.148235205059502      
1.49072786534166        94.5992760310233        -0.0188639288127714     5.36622095569732        29.0872428346023        5.36622095569735        0.00786608947167312     0.00363688003236371     -0.123671512847003      -0.148235205059502      
1.50021870882444        94.3181567841301        -0.00630908366093796    5.3662900494508         29.0441785972456        5.36629004945074        0.00363688003236371     0.00363688003236371     -0.148235205059502      -0.148235205059502      
