x                       V                     vel                       p                      cs                  dd1[i]             dd2_left[i]            dd2_right[i]             dd3_left[i]            dd3_right[i]
-1.50023503345638       96.8942825164288        0.00311697504131802     5.10546040426692        28.7138155710069        5.1054691587805         0.000834992420786153    0.000834992420786153    0.0133287788662343      0.0133287788662343      
-1.49048446055595       97.2275747767846        0.0093882160749257      5.1054691587805         28.7631820332261        5.1054691587805         0.000834992420786153    0.000834992420786153    0.0133287788662343      0.0133287788662343      
-1.48069131786926       97.5494880484369        0.0156877451102407      5.10548550663308        28.8108051898002        5.10548550663308        0.000834992420786153    0.00122695568261122     0.0133287788662343      0.00855527849699349     
-1.47087128760235       97.7421107098037        0.021978072996624       5.10550959843787        28.8393043258814        5.10550959843787        0.00122695568261122     0.0014791912132946      0.0133287788662343      0.0119600551043954      
-1.46103362695619       97.8250411219898        0.0283003121692556      5.10553870365991        28.8516184882651        5.10553870365991        0.0014791912132946      0.00183238372511478     0.00855527849699349     0.0128296986709201      
-1.45117609191361       97.8440211129488        0.034633062967622       5.10557480558632        28.8545192610426        5.10557480558632        0.00183238372511478     0.00221154943818486     0.0119600551043954      0.0145202101466866      
-1.4413244927333        97.8502064500231        0.0409591905225624      5.10561838671708        28.8555544391746        5.10561838671708        0.00221154943818486     0.00264084369942693     0.0128296986709201      0.0148657791482651      
-1.43147292089391       97.8564583307896        0.0472767917333577      5.10567043966223        28.8566233480158        5.10567043966223        0.00264084369942693     0.00308063202533378     0.0145202101466866      0.0145563533968675      
-1.42160621282523       97.8589085617582        0.0535927863609907      5.10573122778697        28.8571564018621        5.10573122778697        0.00308063202533378     0.00351163956411617     0.0148657791482651      0.0127771988581384      
-1.41172649080843       97.8588604139796        0.0598921125697157      5.10580058422049        28.8573453004271        5.10580058422049        0.00351163956411617     0.00389013778090214     0.0145563533968675      0.0174198572367405      
-1.40185175892088       97.8589390738645        0.0661862124317526      5.1058774133783         28.8575740119877        5.1058774133783         0.00389013778090214     0.00440615542359578     0.0127771988581384      0.0181794268026851      
-1.39198149141047       97.8603462326682        0.0724658293317527      5.10596441359455        28.858027345554         5.10596441359454        0.00440615542359578     0.00494468746058917     0.0174198572367405      0.0160284076446131      
-1.38210645083614       97.8614087790094        0.0787292505411022      5.1060620744282         28.8584599934639        5.1060620744282         0.00494468746058917     0.00541957905239106     0.0181794268026851      0.0164793396506544      
-1.37222548240163       97.8620881539947        0.0849891228333314      5.10616914073994        28.8588627224607        5.10616914073994        0.00541957905239106     0.00590786493948367     0.0160284076446131      0.014830455829216       
-1.36235152709391       97.8609726987096        0.0912333507627887      5.10628583395621        28.8590280094056        5.1062858339562         0.00590786493948367     0.00634731945439089     0.0164793396506544      0.0209091140653058      
-1.35247604459856       97.8590794944799        0.0974590813494567      5.10641122165604        28.8591031759346        5.10641122165604        0.00634731945439089     0.00696699019163154     0.014830455829216       0.0173352764381922      
-1.34259209796846       97.8574037882626        0.103664607328625       5.10654890105083        28.8592451326156        5.10654890105083        0.00696699019163154     0.00748083411048748     0.0209091140653058      0.0140163566341232      
-1.33271212404262       97.8535002307714        0.109863294383661       5.1066967358285         28.8590872521947        5.1066967358285         0.00748083411048748     0.0078962436117691      0.0173352764381922      0.0166816766194617      
-1.32283241046403       97.843964062541         0.116040664932381       5.10685273023159        28.8581217629015        5.10685273023159        0.0078962436117691      0.00839041958735968     0.0140163566341232      0.0162838147728602      
-1.31296077040998       97.8308180386828        0.122205286393622       5.10701839097462        28.8566510798823        5.10701839097463        0.00839041958735968     0.00887264418046057     0.0166816766194617      0.00993876930859654     
-1.30309569289391       97.8211649942755        0.128349529496787       5.10719351975131        28.8557221348236        5.10719351975131        0.00887264418046057     0.00916691236886158     0.0162838147728602      0.0180337642417745      
-1.2932213694476        97.8145209434745        0.134491842832144       5.10737447233328        28.8552533429129        5.10737447233329        0.00916691236886158     0.00970087502857452     0.00993876930859654     0.023537236325092       
-1.28335558872034       97.8088737482767        0.140607475991137       5.10756596131364        28.8549612796806        5.10756596131364        0.00970087502857452     0.01039782262519        0.0180337642417745      0.0231554908954172      
-1.27348277096921       97.804431815446         0.146706282947053       5.1077712182211         28.854885832426         5.10777121822111        0.01039782262519        0.0110834499076758      0.023537236325092       0.0167473310218675      
-1.26361343918819       97.8009644436784        0.152757077993747       5.10799001003288        28.8549923280152        5.10799001003289        0.0110834499076758      0.0115793284084102      0.0231554908954172      0.0153525210417706      
-1.25374410656631       97.7976173680441        0.158770204938059       5.10821856663663        28.8551441055799        5.10821856663664        0.0115793284084102      0.0120339213343929      0.0167473310218675      0.0188292369180135      
-1.24387544385903       97.7942495524475        0.16475631544104        5.10845612802515        28.8553182103352        5.10845612802515        0.0120339213343929      0.012591502342607       0.0153525210417706      0.0243011282570368      
-1.23400014386824       97.7904751193715        0.170719451312187       5.10870472853485        28.8554634528715        5.10870472853485        0.012591502342607       0.0133111470994031      0.0188292369180135      0.0171652446837186      
-1.22413237745834       97.7867786020055        0.176647056214443       5.10896751259853        28.8556601911223        5.10896751259853        0.0133111470994031      0.0138194387982562      0.0243011282570368      0.0143573281631969      
-1.2142599017733        97.7830761634036        0.182560941482786       5.10924031032185        28.8558842757514        5.10924031032185        0.0138194387982562      0.014244528937748       0.0171652446837186      0.023970232334849       
-1.20439232989715       97.778936694666         0.188459588404398       5.10952146548982        28.8560674126536        5.10952146548983        0.014244528937748       0.0149541945417574      0.0143573281631969      0.0246615791513798      
-1.19452441887622       97.7746159467663        0.194330950383739       5.10981660293032        28.856263211243         5.10981660293032        0.0149541945417574      0.0156842475409541      0.023970232334849       0.0249372092639077      
-1.18465561792941       97.7703855939564        0.20017373998851        5.11012613323952        28.8565129124715        5.11012613323953        0.0156842475409541      0.0164223988824142      0.0246615791513798      0.0224385958670837      
-1.17479091610786       97.7663633115369        0.2059644329131         5.11045018071893        28.8568342296262        5.11045018071893        0.0164223988824142      0.0170864902558756      0.0249372092639077      0.0236115141599799      
-1.16492503488189       97.7622800905922        0.211725756865274       5.11078728333576        28.857183330929         5.11078728333576        0.0170864902558756      0.0177852648482421      0.0224385958670837      0.016139967911865       
-1.15506311867087       97.7583137919075        0.217445952362848       5.11113817527298        28.857588533236         5.11113817527298        0.0177852648482421      0.0182629024577008      0.0236115141599799      0.0243801779411057      
-1.14519410733373       97.754326834661         0.22315973960197        5.11149849445593        28.8580172119154        5.11149849445594        0.0182629024577008      0.018984304906116       0.016139967911865       0.018316004119343       
-1.13533490944812       97.7504665121997        0.228835789300552       5.11187294560189        28.8585043844294        5.11187294560191        0.018984304906116       0.0195261853286259      0.0243801779411057      0.0265867420695296      
-1.1254738197249        97.7467028431674        0.234510348318601       5.11225802099594        28.8590357206626        5.11225802099594        0.0195261853286259      0.0203126678928188      0.018316004119343       0.0223539257025397      
-1.11561324897037       97.7425489660283        0.240161940663432       5.11265861959102        28.859553169097         5.11265861959103        0.0203126678928188      0.0209740100032553      0.0265867420695296      0.029462156825761       
-1.10575225224149       97.7379758860848        0.245801558890194       5.11307231566823        28.8600455847581        5.11307231566822        0.0209740100032553      0.0218457598464213      0.0223539257025397      0.0248054711652813      
-1.09588636791025       97.7335168970335        0.251410857697464       5.11350328915677        28.8606034850809        5.11350328915679        0.0218457598464213      0.0225797466691242      0.029462156825761       0.0208445722263041      
-1.08602310232735       97.7292017666793        0.25698314859687        5.1139487034375         28.8612232549341        5.11394870343749        0.0225797466691242      0.0231964614715901      0.0248054711652813      0.0103674080137534      
-1.07616296884568       97.7270447171636        0.262501954252089       5.11440617882462        28.8621956123615        5.11440617882461        0.0231964614715901      0.0235031193375793      0.0208445722263041      0.0174305632128846      
-1.06630295197977       97.7283009013233        0.268008324943266       5.1148695975805         28.8636886965664        5.11486959758049        0.0235031193375793      0.02401863685526        0.0103674080137534      0.0220827647912365      
-1.0564484595449        97.7261681667027        0.27350214162453        5.11534313506565        28.8647098099569        5.11534313506567        0.02401863685526        0.0246717215102968      0.0174305632128846      0.0186649463336359      
-1.04658662363256       97.7202452487933        0.278975079704706       5.11582959113666        28.865207496711         5.11582959113665        0.0246717215102968      0.0252237802797061      0.0220827647912365      0.031147653846012       
-1.03673048487607       97.7158111294118        0.284414897348124       5.11632698235662        28.8659557577282        5.11632698235661        0.0252237802797061      0.0261450902914218      0.0186649463336359      0.031159819599395       
-1.02686632105358       97.7121520065789        0.289801051942856       5.11684255846143        28.8668696451519        5.11684255846144        0.0261450902914218      0.0270667061249928      0.031147653846012       0.0281340943097855      
-1.01701117572777       97.7058539459271        0.295122485646856       5.11737623021757        28.8674445969849        5.11737623021756        0.0270667061249928      0.0278986084585961      0.031159819599395       0.0146417294247257      
-1.00715181408443       97.6944063893021        0.300387012283753       5.11792609878316        28.8673042317469        5.11792609878317        0.0278986084585961      0.0283313606441673      0.0281340943097855      0.0205950532903249      
-0.997306615152292      97.6831542249869        0.305608027375217       5.1184841934563         28.8672155702494        5.1184841934563         0.0283313606441673      0.0289398868619413      0.0146417294247257      0.010523673407686       
-0.987458713521325      97.6752950710869        0.310788418171382       5.1190541622877         28.8676614278078        5.11905416228771        0.0289398868619413      0.0292507986763385      0.0205950532903249      0.0196603444496151      
-0.977609870542487      97.6691092881403        0.315970914172203       5.11963032955578        28.8683717983384        5.11963032955579        0.0292507986763385      0.0298316932370933      0.010523673407686       0.010726308654992       
-0.967760481299113      97.6630212776677        0.321135921684236       5.12021795835209        28.8691287079248        5.12021795835211        0.0298316932370933      0.0301486154780064      0.0196603444496151      0.0295335143513894      
-0.957911827692833      97.6571901739198        0.326289326717772       5.12081179979088        28.8699408779279        5.1208117997909         0.0301486154780064      0.0310212069391853      0.010726308654992       0.0316988255622568      
-0.948064248201238      97.6512111488765        0.331372415867477       5.12142281779566        28.8707793730165        5.12142281779567        0.0310212069391853      0.0319577188965384      0.0295335143513894      0.0248657937236156      
-0.938214493289031      97.6450098183496        0.33637832109059        5.1220522551725         28.8716366799211        5.12205225517251        0.0319577188965384      0.0326922983844557      0.0316988255622568      0.0231525137244381      
-0.928369698667553      97.6388259101089        0.341309336674329       5.12269606787177        28.8725368231165        5.12269606787178        0.0326922983844557      0.0333762414803967      0.0248657937236156      0.00152305640955078     
-0.918522842947881      97.6318602733011        0.346191814792867       5.12335336274315        28.8733591061058        5.12335336274313        0.0333762414803967      0.0334212316140865      0.0231525137244381      -0.0189545883004232     
-0.90867435741201       97.624829930263         0.351075884514546       5.1240115454171         28.8741740338446        5.12401154541709        0.0334212316140865      0.0328613581535         0.00152305640955078     -0.000798315878976706   
-0.898831085513798      97.6179346297086        0.355996341187328       5.12465858395458        28.8749772481311        5.12465858395458        0.0328613581535         0.0328377817235229      -0.0189545883004232     0.0149402174672514      
-0.888986212502274      97.6115082252402        0.360908984089882       5.12530505576691        28.8758479416004        5.12530505576692        0.0328377817235229      0.0332789763011883      -0.000798315878976706   0.0263405064423981      
-0.879145571277759      97.6049857130195        0.365783633362465       5.12596020545961        28.8767285952833        5.12596020545959        0.0332789763011883      0.0340568124366595      0.0149402174672514      0.0525708034180334      
-0.869298538888673      97.5985509799339        0.37060881148322        5.12663069146521        28.8776651553948        5.1266306914652         0.0340568124366595      0.0356090657860096      0.0263405064423981      0.0489895294898248      
-0.859458684700037      97.5916417762415        0.37530882776275        5.12733158729184        28.8786168740527        5.12733158729187        0.0356090657860096      0.0370553787750818      0.0525708034180334      0.032033971634057       
-0.849619280289865      97.5842580701839        0.379898664608355       5.12806081702112        28.8795778526334        5.12806081702112        0.0370553787750818      0.0380009822169641      0.0489895294898248      -0.0101576661493037     
-0.839779029513346      97.576811362816         0.384402420034603       5.12880864369816        28.8805815252543        5.12880864369815        0.0380009822169641      0.037701167961801       0.032033971634057       -0.0310477865750197     
-0.829940654011051      97.5695062356401        0.388899976973349       5.12955046053571        28.8815888772666        5.1295504605357         0.037701167961801       0.0367848677326059      -0.0101576661493037     -0.036676637196567      
-0.820105196562746      97.5624314900612        0.393438028231798       5.13027413898879        28.8825789248561        5.13027413898878        0.0367848677326059      0.0357024077974726      -0.0310477865750197     0.00472043898613836     
-0.810267956842858      97.5556289845966        0.398021260018532       5.13097664429475        28.8835493502054        5.13097664429474        0.0357024077974726      0.0358417392864423      -0.036676637196567      0.0252290671626712      
-0.800424508382769      97.5492187168489        0.402575696046702       5.1316820200987         28.8845856171283        5.1316820200987         0.0358417392864423      0.0365863775860567      0.00472043898613836     0.0674057996469271      
-0.790588066100058      97.5436775623544        0.407058558362275       5.13240184794344        28.8857909411134        5.13240184794344        0.0365863775860567      0.038575074212859       0.0252290671626712      0.0527001150783651      
-0.780754898451301      97.5401946718173        0.411380168151838       5.13316036508047        28.8874096361375        5.13316036508049        0.038575074212859       0.0401292281653678      0.0674057996469271      0.0402548470964176      
-0.770930874851104      97.5394134786679        0.415556312747229       5.13394913387173        28.8895133034799        5.13394913387171        0.0401292281653678      0.0413162049291975      0.0527001150783651      -0.0248701003138823     
-0.761100653757431      97.5338269706102        0.41962043719027        5.1347613261507         28.8909709863411        5.13476132615069        0.0413162049291975      0.0405827465544245      0.0402548470964176      -0.0503089610957455     
-0.751269200748983      97.5223759013294        0.423696197017695       5.1355593635609         28.8915198260891        5.1355593635609         0.0405827465544245      0.0390985415567388      -0.0248701003138823     -0.075535524834686      
-0.741433426887253      97.5119549148534        0.427828598624993       5.13632846959257        28.8921393621976        5.13632846959257        0.0390985415567388      0.0368695670834223      -0.0503089610957455     -0.0454111900575485     
-0.731594498173952      97.5038861159321        0.432057591359945       5.13705389095251        28.8929840836502        5.13705389095249        0.0368695670834223      0.0355297546536161      -0.075535524834686      -0.00141293401873513    
-0.72175744447722       97.4973043692594        0.436314562248137       5.13775264268685        28.8939738001429        5.13775264268684        0.0355297546536161      0.035488078696781       -0.0454111900575485     0.0583202331443392      
-0.711937153283193      97.4906347451463        0.440498785622088       5.13845026903186        28.8949470304147        5.13845026903186        0.035488078696781       0.0372077897267673      -0.00141293401873513    0.0739742092385397      
-0.702098693899624      97.481892971423         0.444515670088259       5.13918172618679        28.8957079567432        5.13918172618683        0.0372077897267673      0.0393885986971171      0.0583202331443392      0.0454433978975421      
-0.692278483485087      97.471048166832         0.448305791026573       5.13995576299859        28.8962764542026        5.13995576299861        0.0393885986971171      0.0407278432380542      0.0739742092385397      -0.0152699580731056     
-0.682454781865067      97.4605174613649        0.451924054406703       5.14075570966833        28.8969638430159        5.14075570966834        0.0407278432380542      0.0402779341913893      0.0454433978975421      -0.0885754312953924     
-0.672639850404351      97.4514815375607        0.455467137607807       5.14154683743995        28.8978475756495        5.14154683743991        0.0402779341913893      0.0376680056093055      -0.0152699580731056     -0.118669360161303      
-0.662809981599192      97.4441154826218        0.459084722257992       5.1422868739059         28.8988349241988        5.14228687390589        0.0376680056093055      0.0341712236236682      -0.0885754312953924     -0.0917757560850203     
-0.652992075764408      97.43773512738          0.462806038057257       5.14295814008474        28.8997748844975        5.14295814008472        0.0341712236236682      0.0314668958725352      -0.118669360161303      -0.0317571095646387     
-0.643169366322064      97.4322233725246        0.466576339201821       5.14357623811026        28.9006940218042        5.14357623811029        0.0314668958725352      0.0305312207797301      -0.0917757560850203     0.0543083421029634      
-0.633347085745546      97.426708974032         0.470266080489672       5.1441759682677         28.9015609431863        5.14417596826773        0.0305312207797301      0.0321312397862477      -0.0317571095646387     0.116352635089699       
-0.623528003412675      97.4210567423299        0.473699395686928       5.14480700200247        28.9024951307674        5.14480700200245        0.0321312397862477      0.0355590123165343      0.0543083421029634      0.0633118637190805      
-0.613709930993003      97.4141975992663        0.476742801454442       5.14550536407682        28.9034391345927        5.14550536407684        0.0355590123165343      0.0374242387923326      0.116352635089699       -0.0159182429575123     
-0.603886110245165      97.4069642918854        0.479486530716103       5.14624046422543        28.9044304890058        5.14624046422543        0.0374242387923326      0.0369552593679559      0.0633118637190805      -0.132359827523128      
-0.594067116051003      97.399898017895         0.482063030910715       5.14696629551153        28.9054202611542        5.1469662955115         0.0369552593679559      0.0330561568916629      -0.0159182429575123     -0.200986110337745      
-0.584247302030868      97.3939475244958        0.484689563047097       5.14761541745228        28.9063599069949        5.14761541745231        0.0330561568916629      0.0271365773118622      -0.132359827523128      -0.193235027777583      
-0.5744320339009        97.3893159795187        0.487480342746211       5.14814819735981        28.9071684161001        5.14814819735979        0.0271365773118622      0.0214454338453014      -0.200986110337745      -0.0956162483675981     
-0.564615832518875      97.3861128203786        0.490403008706055       5.14856926523257        28.9078751475405        5.14856926523258        0.0214454338453014      0.0186294970784293      -0.193235027777583      0.00686242220410884     
-0.554794736379799      97.3836683662494        0.493250315549687       5.14893504917258        28.9085392017647        5.14893504917254        0.0186294970784293      0.0188315913155526      -0.0956162483675981     0.116187422418685       
-0.544983799427576      97.3809541478066        0.495800470340996       5.14930472751382        28.9091740791485        5.14930472751381        0.0188315913155526      0.0222532872192935      0.00686242220410884     0.131147983606173       
-0.535165260969344      97.3772279134299        0.497827665631338       5.14974164365024        28.9098473917629        5.14974164365022        0.0222532872192935      0.0261159468263639      0.116187422418685       0.00785606706133442     
-0.525345715658307      97.3726440253939        0.499272034310655       5.1502545071096         28.9106064378042        5.15025450710962        0.0261159468263639      0.0263473320119158      0.131147983606173       -0.162204905030729      
-0.515527459946663      97.3682940922636        0.500347767959749       5.15077181100646        28.9114125244749        5.15077181100647        0.0263473320119158      0.0215707358807281      0.00785606706133442     -0.330260714773173      
-0.505715487825353      97.3650415531397        0.501368423232584       5.15119522327706        28.9121179024386        5.15119522327702        0.0215707358807281      0.0118470968950453      -0.162204905030729      -0.3351334332926        
-0.495899660340356      97.3651608371228        0.502648666851035       5.15142774859374        28.9127881534177        5.15142774859377        0.0118470968950453      0.00198159026220438     -0.330260714773173      -0.247210662508646      
-0.486088891385802      97.3690839062412        0.504175852361633       5.15146663462454        28.9134797567662        5.15146663462456        0.00198159026220438     -0.00529402375900797    -0.3351334332926        -0.0886227770653669     
-0.476278959766251      97.3774519092454        0.505768504204285       5.15136277896583        28.9144306899923        5.15136277896581        -0.00529402375900797    -0.00790188451702243    -0.247210662508646      0.0994107458942066      
-0.466474536176365      97.3864988299442        0.507109490737917       5.1512077741835         28.9153387746977        5.15120777418351        -0.00790188451702243    -0.00497591866071882    -0.0886227770653669     0.216301478038464       
-0.456660956677785      97.3878940552659        0.507817162824927       5.15111011721851        28.9152718115844        5.1511101172185         -0.00497591866071882    0.00139384888748378     0.0994107458942066      0.130749088968047       
-0.446840705915187      97.3831567811263        0.507646548938019       5.15113749179843        28.9146453654241        5.15113749179838        0.00139384888748378     0.00524586486799965     0.216301478038464       -0.0388363817101536     
-0.437015665458822      97.3794834951145        0.506758198681724       5.15124054269793        28.9143892496169        5.15124054269796        0.00524586486799965     0.00410160779295888     0.130749088968047       -0.343975844763984      
-0.427197566277972      97.3781022109051        0.505481403535287       5.15132110192116        28.9144102707765        5.15132110192117        0.00410160779295888     -0.00603169848405539    -0.0388363817101536     -0.469270863762524      
-0.417377027177578      97.3800767412608        0.504413480434498       5.15120265272634        28.9143709837708        5.15120265272637        -0.00603169848405539    -0.019854284601949      -0.343975844763984      -0.473943167816562      
-0.407560635622768      97.3857095978202        0.503815651037432       5.15081279132586        28.914113009878         5.15081279132583        -0.019854284601949      -0.0338144361859766     -0.469270863762524      -0.200516195721597      
-0.397741689065304      97.3945523469119        0.503719005688861       5.15014878187739        28.913561844774         5.15014878187735        -0.0338144361859766     -0.0397204050111055     -0.473943167816562      -0.0191710390141361     
-0.387922247872751      97.4042044078866        0.50359632401592        5.14936882583286        28.9128049395368        5.14936882583285        -0.0397204050111055     -0.0402850590658564     -0.200516195721597      0.26891727845373        
-0.378107766057887      97.4143171759734        0.503090716625831       5.14857785695105        28.9120850269175        5.14857785695107        -0.0402850590658564     -0.0323635862934207     -0.0191710390141361     0.364765169358334       
-0.368287573533078      97.4226354182574        0.501645147197148       5.14794223769846        28.9115346006153        5.14794223769843        -0.0323635862934207     -0.0216168022318712     0.26891727845373        0.212179690644684       
-0.358462538172296      97.4288805607475        0.499064863334574       5.14751757860217        28.9112687185573        5.1475175786022         -0.0216168022318712     -0.0153648630432799     0.364765169358334       -0.157401216309794      
-0.348643077464204      97.4338675638801        0.495555812517922       5.14721577135235        28.9111610451932        5.14721577135235        -0.0153648630432799     -0.0200027557757076     0.212179690644684       -0.697575323839224      
-0.338821653173608      97.4400135170924        0.49156046667556        5.14682285380816        28.910969326686         5.14682285380814        -0.0200027557757076     -0.0405596648048405     -0.157401216309794      -1.35918163053113       
-0.328997621259206      97.4512639085491        0.487513841229244       5.14602591130811        28.9103997771021        5.14602591130809        -0.0405596648048405     -0.0806228051812219     -0.697575323839224      -2.00517942669138       
-0.319169817160834      97.4719622305224        0.483326190435085       5.14444141517214        28.9090181810911        5.14444141517215        -0.0806228051812219     -0.139741128581464      -1.35918163053113       -3.34741341057503       
-0.30934305674724       97.5069314081884        0.47722544223798        5.14169453894601        28.9064830309415        5.14169453894606        -0.139741128581464      -0.238466030934692      -2.00517942669138       -6.08921434609764       
-0.299510598336696      97.5659406860066        0.465311474096075       5.13700495903335        28.9020391765232        5.13700495903339        -0.238466030934692      -0.418176907945696      -3.34741341057503       -9.05981199880656       
-0.289671055990265      97.6685301398444        0.440342940527274       5.12877382689803        28.8940536296783        5.12877382689799        -0.418176907945696      -0.685861551593069      -6.08921434609764       -8.91565155579781       
-0.279815852728664      97.8369853184865        0.394889855476378       5.11525523568124        28.8808226854677        5.11525523568123        -0.685861551593069      -0.94973340351167       -9.05981199880656       -9.22233909069622       
-0.269945043326137      98.074175806431         0.328960890763152       5.09649885432458        28.8627477508149        5.09649885432462        -0.94973340351167       -1.22332245170314       -8.91565155579781       -6.68518516434624       
-0.260043662450248      98.3874007927461        0.242031965552155       5.07227352207094        28.8400129434329        5.07227352207093        -1.22332245170314       -1.42223278929513       -9.22233909069622       2.00939864160211        
-0.250111433482166      98.7660258997513        0.140680869127636       5.04401687711474        28.8148544308862        5.04401687711471        -1.42223278929513       -1.36223556114544       -6.68518516434624       10.3470535120351        
-0.240141660559062      99.1582652635821        0.0448698918869093      5.0168518629098         28.7941639865473        5.01685186290984        -1.36223556114544       -1.05214234712753       2.00939864160211        9.08161402474449        
-0.230130444531403      99.5134878568318        -0.0262887428772426     4.99578983767892        28.7850792178617        4.99578983767893        -1.05214234712753       -0.778977487608028      10.3470535120351        10.1301683028157        
-0.220086193818429      99.8505546268759        -0.0754118142673134     4.98014143063969        28.7885939210206        4.98014143063968        -0.778977487608028      -0.473245984352321      9.08161402474449        9.69444107120853        
-0.210009122370708      100.175609786999        -0.102410185483026      4.97060431011667        28.8077917057123        4.97060431011665        -0.473245984352321      -0.17974428263792       10.1301683028157        10.153416134743         
-0.199902385715514      100.510901648143        -0.110963386099313      4.96697085194797        28.8454132341503        4.96697085194795        -0.17974428263792       0.128625820471303       9.69444107120853        7.98512767096324        
-0.189763737228934      100.874831026053        -0.101919063108671      4.96957927619177        28.9051745585578        4.96957927619181        0.128625820471303       0.371976115785672       10.153416134743         2.4716534239138         
-0.179589440744468      101.305911794316        -0.0801232709228752     4.97715001287539        28.9889266270023        4.97715001287538        0.371976115785672       0.447622821124331       7.98512767096324        -3.55969590696804       
-0.169371183312867      101.868943429134        -0.0558365907850951     4.98630355779523        29.0960900881181        4.98630355779527        0.447622821124331       0.338040862727675       2.4716534239138         -7.07359649106886       
-0.159083521714521      102.628333932583        -0.0390463506245961     4.99326307600541        29.2247118713347        4.99326307600541        0.338040862727675       0.118526253852652       -3.55969590696804       -6.90646188829928       
-0.148701499168747      103.624604634374        -0.0341705574443091     4.99572605114728        29.3734612905306        4.9957260511473         0.118526253852652       -0.0980214240733404     -7.07359649106886       -3.58282833180101       
-0.138193212830363      104.871936456921        -0.0391412789192564     4.9936656882717         29.5436228524176        4.9936656882717         -0.0980214240733404     -0.211704100736337      -6.90646188829928       0.740543398809401       
-0.127552776380361      106.345765322079        -0.0474655415481005     4.98915962673687        29.7370699862239        4.98915962673683        -0.211704100736337      -0.187895605714433      -3.58282833180101       3.95118448121484        
-0.116772504802875      107.991945551373        -0.0522774924781389     4.98510565277255        29.954166605612         4.98510565277254        -0.187895605714433      -0.0590105593576083     0.740543398809401       5.28732743281422        
-0.105822140352937      109.749647289884        -0.0495835867714743     4.98381279101014        30.1930371656605        4.98381279101018        -0.0590105593576083     0.116181362588788       3.95118448121484        3.71174290897877        
-0.0946851605760408     111.553143321405        -0.0388362538884782     4.986400032309          30.4480047912839        4.98640003230902        0.116181362588788       0.241120928766598       5.28732743281422        0.69076765960331        
-0.0833715097929223     113.347830497459        -0.0250111564366926     4.99185345169715        30.7087327132181        4.99185345169712        0.241120928766598       0.264729508760088       3.71174290897877        -2.31159084187364       
-0.0719018961274999     115.091498319856        -0.014051734783801      4.99792952181321        30.9628593953714        4.99792952181319        0.264729508760088       0.184535840470355       0.69076765960331        -4.05293653325152       
-0.0602507860949575     116.741426078622        -0.00931750146084429    5.00222927147521        31.1974191967926        5.00222927147521        0.184535840470355       0.0418979230829256      -2.31159084187364       -3.99076119682153       
-0.0484219199174652     118.230046632941        -0.010040956817316      5.00321946013713        31.3988022618393        5.0032194601371         0.0418979230829256      -0.100323398055382      -4.05293653325152       -2.24648940225161       
-0.0364640440989521     119.43266308075         -0.0122579448462133     5.00082196623505        31.5505278619382        5.00082196623502        -0.100323398055382      -0.181192406571901      -3.99076119682153       0.487084254936606       
-0.0244133529715993     120.223944895424        -0.0118296356136313     4.99645439993218        31.6410455592612        4.9964543999322         -0.181192406571901      -0.163531205262202      -2.24648940225161       2.75925222615647        
-0.012263457190644      120.566218317038        -0.007328636722361      4.99248799243663        31.6734746341821        4.99248799243662        -0.163531205262202      -0.0630566449097511     0.487084254936606       3.50355981675979        
-0.000104452174232239   120.626328889243        -0.000267688837636839   4.99095487110625        31.6765045355237        4.99095487110622        -0.0630566449097511     0.0647050192273258      2.75925222615647        2.67706747664202        
0.0120544388419253      120.567982325025        0.00691334564089963     4.99252796612303        31.6738331428513        4.99252796612306        0.0647050192273258      0.162181203507791       3.50355981675979        0.464388830221551       
0.0242012372778754      120.226042720874        0.0117428965377786      4.99646128278573        31.6413434090429        4.99646128278571        0.162181203507791       0.179018386885733       2.67706747664202        -2.19947290560753       
0.0362539593349392      119.435160276645        0.0124971477873397      5.00077630716093        31.5507136674015        5.00077630716094        0.179018386885733       0.099851485758021       0.464388830221551       -3.94295988186742       
0.0482093277491706      118.231686253653        0.0103464104343147      5.00316214043401        31.398840118279         5.003162140434          0.099851485758021       -0.0406361969392728     -2.19947290560753       -4.04246489536316       
0.0600335057717303      116.742038284599        0.0095163071880017      5.00220207125547        31.1974161779947        5.00220207125549        -0.0406361969392728     -0.182872438474442      -3.94295988186742       -2.33614606767216       
0.071681702054162       115.091421662099        0.0141892321338917      4.99794192068765        30.9628874901481        4.99794192068762        -0.182872438474442      -0.263904242588562      -4.04246489536316       0.702681850309162       
0.0831526310213769      113.347500281491        0.0250819535016228      4.99188534041683        30.7087860670761        4.99188534041683        -0.263904242588562      -0.239891012831567      -2.33614606767216       3.74928149030698        
0.0944624093451888      111.55236331488         0.0387268900949265      4.98646041516702        30.4480826951928        4.98646041516703        -0.239891012831567      -0.113704039736237      0.702681850309162       5.13248783528949        
0.105600172890418       109.748024102155        0.0492345340682221      4.98392868619375        30.1931649432951        4.98392868619382        -0.113704039736237      0.0563379367340298      3.74928149030698        3.94006435479231        
0.116546776440562       107.991196133304        0.0520872767446488      4.98516286707862        29.9542345624997        4.98516286707858        0.0563379367340298      0.184853851586746       5.13248783528949        0.591252106916682       
0.127329298312139       106.345934821738        0.047519872643719       4.98915118804234        29.7370685357335        4.98915118804239        0.184853851586746       0.203862653629411       3.94006435479231        -3.34922600097045       
0.137968723388512       104.874240963436        0.0399116586920042      4.99349050991017        29.5434292464769        4.9934905099102         0.203862653629411       0.0975842737500186      0.591252106916682       -6.70836458183637       
0.14847838426848        103.626986156511        0.0350027528736168      4.99554185309024        29.3732572945317        4.99554185309027        0.0975842737500186      -0.112778826407627      -3.34922600097045       -7.06139494841102       
0.158862132626135       102.62922969983         0.0393635221381684      4.99319788215244        29.2246486258925        4.99319788215245        -0.112778826407627      -0.331963453588269      -6.70836458183637       -3.67183258160655       
0.169152546045494       101.868230985963        0.0555946250921881      4.98636171109365        29.0961580099862        4.98636171109362        -0.331963453588269      -0.445029479554492      -7.06139494841102       2.50609771891779        
0.179374257983661       101.304657225235        0.0796182408655413      4.97725831068224        28.9890625088474        4.97725831068224        -0.445029479554492      -0.368310756492315      -3.67183258160655       7.7665541539073         
0.189551869612601       100.872680720682        0.101160881354685       4.96976069730419        28.9053940778465        4.96976069730418        -0.368310756492315      -0.131597780474653      2.50609771891779        9.83943328712074        
0.199688452802327       100.509502377092        0.110536497432959       4.96709204626827        28.8455643566342        4.96709204626833        -0.131597780474653      0.167226983487524       7.7665541539073         10.1967295309051        
0.20979536545136        100.177209567476        0.103008422471004       4.97047220896647        28.8076389211539        4.97047220896647        0.167226983487524       0.475905405937265       9.83943328712074        10.0967076696608        
0.219871000986364       99.8515584489719        0.0758742169721166      4.98006196409744        28.7885089427355        4.98006196409739        0.475905405937265       0.780579381232217       10.1967295309051        8.97069948057494        
0.229913914969888       99.5142514031593        0.0265752686804239      4.99573935649069        28.7850442147328        4.99573935649073        0.780579381232217       1.0503634659866         10.0967076696608        10.608652577756         
0.239921056404822       99.1594707781426        -0.044582387321337      5.01676200702416        28.7940811521051        5.01676200702416        1.0503634659866         1.36826394568508        8.97069948057494        1.93030867905841        
0.24989314696325        98.7657943167027        -0.140885457777634      5.04404672636889        28.8149059082386        5.04404672636896        1.36826394568508        1.42589733528094        10.608652577756         -6.95994130441973       
0.259824069983809       98.3863104228626        -0.242478811886643      5.07237569695439        28.8401436052232        5.07237569695434        1.42589733528094        1.21881328471725        1.93030867905841        -9.02944778392306       
0.269725070654205       98.0740147022839        -0.329076423992881      5.0965108809816         28.8627580996613        5.09651088098168        1.21881328471725        0.950967991042565       -6.95994130441973       -8.85231199887714       
0.279596545637647       97.8365869663076        -0.394983760647137      5.11529018603455        28.8808625547515        5.11529018603462        0.950967991042565       0.688994009072943       -9.02944778392306       -9.218601487058         
0.289447730966722       97.6674302095793        -0.440472034605593      5.1288686118616         28.8941579217176        5.12886861186162        0.688994009072943       0.416622679031738       -8.85231199887714       -6.10280437309022       
0.299289107077992       97.5651250752189        -0.465304656845479      5.1370696253359         28.9021002845815        5.13706962533585        0.416622679031738       0.236500176271462       -9.218601487058         -3.28833792603251       
0.309124190402939       97.5065885392079        -0.477142352392774      5.14172121238566        28.9065071866586        5.14172121238571        0.236500176271462       0.139513410818678       -6.10280437309022       -2.01846549900207       
0.318949506693593       97.4717220743729        -0.483201533704043      5.14446347828463        28.9090445586706        5.14446347828456        0.139513410818678       0.0800130990238852      -3.28833792603251       -1.31376815650069       
0.328775651672447       97.4512082688636        -0.487434491547099      5.14603555910459        28.9104186245858        5.14603555910465        0.0800130990238852      0.0412978459063951      -2.01846549900207       -0.72855552354675       
0.33859363175346        97.4397540595309        -0.491435450499112      5.14684677813621        28.9109980296911        5.14684677813618        0.0412978459063951      0.0198307314557452      -1.31376815650069       -0.15065066691086       
0.348417790277143       97.4336663526167        -0.495450189633818      5.14723631810429        28.9111888968108        5.14723631810432        0.0198307314557452      0.0153914185803965      -0.72855552354675       0.180710725686116       
0.358237988355541       97.4286067069054        -0.498983151478645      5.14753870600869        28.9112874179012        5.1475387060087         0.0153914185803965      0.0207167922497139      -0.15065066691086       0.375996239015728       
0.368066485552801       97.4226023857617        -0.501649732487235      5.14794572619775        28.9115394951233        5.14794572619768        0.0207167922497139      0.0317949699561947      0.180710725686116       0.287681639222303       
0.377883039339137       97.4143571924093        -0.503132701515301      5.14857015351555        28.9120693357388        5.14857015351557        0.0317949699561947      0.0402690213407833      0.375996239015728       0.0056667848901716      
0.3876998058806         97.4044353135633        -0.503631404147805      5.14936078846011        28.9128166454995        5.14936078846003        0.0402690213407833      0.0404359158761061      0.287681639222303       -0.220794021181251      
0.397517370329472       97.3944166290069        -0.503714202972793      5.15015473562705        28.9135584119721        5.15015473562704        0.0404359158761061      0.0339323472296853      0.0056667848901716      -0.458130355374179      
0.407334879319927       97.3856209483978        -0.503823358314109      5.15082110585667        28.9141231865434        5.15082110585661        0.0339323472296853      0.0204358144626025      -0.220794021181251      -0.477824462390795      
0.417158697373665       97.3798581215271        -0.504399014396635      5.15122251614923        28.914394275027         5.15122251614929        0.0204358144626025      0.00635705652210875     -0.458130355374179      -0.34452997468346       
0.426978533396247       97.377766904703         -0.505455323935426      5.15134739178525        28.9144342720152        5.15134739178528        0.00635705652210875     -0.00379522657706119    -0.477824462390795      -0.0495931883990638     
0.436802293789977       97.3790501556635        -0.506726419616813      5.15127283370068        28.9144155407657        5.15127283370077        -0.00379522657706119    -0.00525657223502381    -0.34452997468346       0.129865559155512       
0.446625389339478       97.3828236151612        -0.507634216769353      5.1511695690617         28.914685932807         5.15116956906178        -0.00525657223502381    -0.00143073073924487    -0.0495931883990638     0.197283873639049       
0.456445162926264       97.3874830043655        -0.507822864246031      5.15114147439109        28.9152987992615        5.15114147439117        -0.00143073073924487    0.00437811867401774     0.129865559155512       0.10680237593539        
0.466255696956197       97.3863905180282        -0.507161792025665      5.15122738482265        28.915377735313         5.15122738482258        0.00437811867401774     0.007521099530253       0.197283873639049       -0.0546346749533121     
0.47606021972336        97.3773100840536        -0.505845766295148      5.15137489502862        28.91444363729          5.15137489502869        0.007521099530253       0.00591354721916238     0.10680237593539        -0.263501132312207      
0.485866342602244       97.3689720711628        -0.504209563174093      5.15149089597205        28.9135312375467        5.15149089597201        0.00591354721916238     -0.00184174127430827    -0.0546346749533121     -0.347486049412745      
0.495681845006221       97.3647851366103        -0.502674785517493      5.15145474924762        28.9128081422249        5.1514547492476         -0.00184174127430827    -0.0120723184718863     -0.263501132312207      -0.332858315904018      
0.505497488505123       97.3649145760984        -0.501417668875666      5.15121775902162        28.9121622928835        5.15121775902162        -0.0120723184718863     -0.0218733109304135     -0.347486049412745      -0.144382736306373      
0.515312457569945       97.3681379116958        -0.500425298326927      5.15078839981753        28.9114358938753        5.1507883998176         -0.0218733109304135     -0.0261249904500301     -0.332858315904018      0.00782332829111562     
0.525125605942077       97.3724418427405        -0.499350860754148      5.15027551457295        28.910635384948         5.15027551457292        -0.0261249904500301     -0.0258945775223794     -0.144382736306373      0.121808234871647       
0.534948296662274       97.3769981509711        -0.497911149757454      5.14976699751019        28.9098844513568        5.14976699751011        -0.0258945775223794     -0.022306810482577      0.00782332829111562     0.112429285351213       
0.54476571660177        97.3807288112587        -0.495903623543037      5.14932897418713        28.9092086942112        5.14932897418719        -0.022306810482577      -0.0189955502507875     0.121808234871647       0.0209523819008651      
0.554580794989857       97.3835289188492        -0.493371122511362      5.14895605579199        28.9085774745462        5.14895605579196        -0.0189955502507875     -0.0183784974606481     0.112429285351213       -0.0903849400134708     
0.564396981662          97.3858452420497        -0.490517248995345      5.14859521244072        28.9079082770531        5.14859521244072        -0.0183784974606481     -0.0210404147436798     0.0209523819008651      -0.202289752203938      
0.574217522539923       97.3890532947828        -0.487574341954208      5.14818207839681        28.9072245527029        5.14818207839684        -0.0210404147436798     -0.0269982435567623     -0.0903849400134708     -0.187730694355311      
0.584030776952099       97.3936556381978        -0.484777649959354      5.14765200590113        28.9064193218972        5.14765200590114        -0.0269982435567623     -0.0325273858088337     -0.202289752203938      -0.151050104570818      
0.593850911026677       97.3996027384184        -0.482108162685095      5.14701331039878        28.9055084635608        5.14701331039875        -0.0325273858088337     -0.0369764420040761     -0.187730694355311      -0.0333154991967286     
0.603668635539886       97.4066725301622        -0.479520294085417      5.14628718623502        28.9045184096352        5.14628718623499        -0.0369764420040761     -0.0379577148920224     -0.151050104570818      0.0678221281721493      
0.613488013706458       97.4141087444287        -0.47680249826715       5.14554188589893        28.903528528018         5.14554188589899        -0.0379577148920224     -0.0359601517022282     -0.0333154991967286     0.120403619250382       
0.623301564690044       97.420972434599         -0.473777269013868      5.14483582918115        28.9025635972311        5.14483582918116        -0.0359601517022282     -0.0324137087000569     0.0678221281721493      0.0531672689235536      
0.633123924336003       97.4267275223312        -0.470347023088489      5.14419928369138        28.9016291908943        5.14419928369129        -0.0324137087000569     -0.0308475852445521     0.120403619250382       -0.0117063049762913     
0.642941967410708       97.4323681201163        -0.46666907019973       5.14359348096653        28.9007639315919        5.14359348096657        -0.0308475852445521     -0.0311924456259266     0.0531672689235536      -0.105535661670478      
0.652760678638628       97.4377561282355        -0.462876419918412      5.14298088723532        28.8998419102542        5.14298088723534        -0.0311924456259266     -0.0343014536868094     -0.0117063049762913     -0.100309352503452      
0.662583552394051       97.4441228890072        -0.459156106737012      5.14230717459345        28.8988930657129        5.14230717459337        -0.0343014536868094     -0.0372565645973324     -0.105535661670478      -0.0946010016240612     
0.67240096480441        97.451438108917         -0.455519597676116      5.14157548616113        28.8979216459118        5.14157548616116        -0.0372565645973324     -0.0400435370481117     -0.100309352503452      -0.0215797254239105     
0.682221629121598       97.4604815474407        -0.451965464999188      5.14078902541836        28.8970521550518        5.14078902541844        -0.0400435370481117     -0.0406793402121175     -0.0946010016240612     0.0391563626664922      
0.692043171523115       97.4708970712268        -0.448356597821439      5.13998992255932        28.8963500777325        5.13998992255936        -0.0406793402121175     -0.0395254508597885     -0.0215797254239105     0.071614760665372       
0.70186731915426        97.4817819077173        -0.444576770662224      5.13921334017485        28.8957803725779        5.13921334017482        -0.0395254508597885     -0.0374145055209431     0.0391563626664922      0.0531088880276673      
0.711692789584199       97.4906049904522        -0.4405738537329        5.13847801212939        28.8950206244556        5.13847801212942        -0.0374145055209431     -0.0358484029171429     0.071614760665372       0.00950113373792013     
0.721524811271882       97.4973160630191        -0.436400207860574      5.13777309943032        28.8940330557261        5.13777309943025        -0.0358484029171429     -0.0355680958323714     0.0531088880276673      -0.0425864949650362     
0.731362723059064       97.5039220753423        -0.432148699691037      5.13707334188901        28.8930441116561        5.13707334188895        -0.0355680958323714     -0.0368248345671603     0.00950113373792013     -0.0681062119112071     
0.741202361822977       97.5120688838609        -0.427915007603418      5.13634880230015        28.8922134326139        5.13634880230012        -0.0368248345671603     -0.0388346221322062     -0.0425864949650362     -0.0623769345750229     
0.751035768232358       97.5224050815459        -0.423759441627491      5.13558489297324        28.8915959598174        5.13558489297322        -0.0388346221322062     -0.0406748670768994     -0.0681062119112071     -0.0118545317232158     
0.76087098060625        97.5338284635083        -0.419684014095203      5.13478500188862        28.8910378136889        5.13478500188857        -0.0406748670768994     -0.0410245042004833     -0.0623769345750229     0.0322165546052448      
0.770698124182539       97.5393223272429        -0.415602082124547      5.13397847433427        28.8895823561948        5.13397847433423        -0.0410245042004833     -0.040074448414473      -0.0118545317232158     0.0512436345751753      
0.7805279324729         97.5402202393787        -0.411418493436742      5.13319067083323        28.8874986964891        5.13319067083332        -0.040074448414473      -0.0385630960434923     0.0322165546052448      0.0634854362804633      
0.79035817015766        97.5436684648539        -0.40710393018511       5.13243232795014        28.8858753665716        5.13243232795005        -0.0385630960434923     -0.0366900910051862     0.0512436345751753      0.0261436238038889      
0.800197865730387       97.5491934751233        -0.402628663129722      5.13171052797838        28.8846621107723        5.13171052797833        -0.0366900910051862     -0.0359185756239689     0.0634854362804633      -0.00179158427140345    
0.810034008575312       97.5556833043144        -0.398070776312466      5.13100380538935        28.883633839708         5.13100380538933        -0.0359185756239689     -0.0359714527858104     0.0261436238038889      -0.0352720013744457     
0.819873397835062       97.5625773741894        -0.393489940354024      5.13029602127828        28.8826621155454        5.13029602127822        -0.0359714527858104     -0.0370125037252745     -0.00179158427140345    -0.0202691290324874     
0.829711021685797       97.5698012284231        -0.388961991600818      5.12956771987219        28.8816811264991        5.12956771987216        -0.0370125037252745     -0.0376107766669152     -0.0352720013744457     -0.011232273993637      
0.83955072894659        97.5770718278364        -0.384453822518206      5.12882761675006        28.8806734903064        5.12882761675002        -0.0376107766669152     -0.0379423285219793     -0.0202691290324874     0.0249062352320644      
0.849389597988565       97.5845417291752        -0.379942398913411      5.12808094511384        28.8796765038164        5.1280809451139         -0.0379423285219793     -0.0372070783169334     -0.011232273993637      0.0517946791546943      
0.859230392646731       97.5919580453079        -0.375360507620967      5.12734865622632        28.8787117366785        5.12734865622623        -0.0372070783169334     -0.0356778899484147     0.0249062352320644      0.0535641509187911      
0.869072814728934       97.5988941979361        -0.37066163471158       5.12664636508375        28.8777600751871        5.1266463650837         -0.0356778899484147     -0.034096397706745      0.0517946791546943      0.031922814545236       
0.87891559951849        97.6053227740184        -0.36584443821708       5.12597522553232        28.8768207627878        5.1259752255324         -0.034096397706745      -0.033153884314504      0.0535641509187911      0.00486109020917616     
0.888754790107259       97.6116655466389        -0.360966509805224      5.12532268563809        28.8759208744675        5.12532268563811        -0.033153884314504      -0.0330103574941954     0.031922814545236       -0.00751737181125584    
0.89859793440327        97.6182627228248        -0.356062348115006      5.124672888087          28.875066070857         5.12467288808703        -0.0330103574941954     -0.0332323576197758     0.00486109020917616     -0.00825976810158001    
0.908441768395683       97.6250980763794        -0.351150807651882      5.12401852811227        28.8742333621791        5.12401852811227        -0.0332323576197758     -0.0334763777970057     -0.00751737181125584    0.0107471101963676      
0.918291850016482       97.632176120741         -0.346260077299441      5.12335905235382        28.8734218422757        5.12335905235378        -0.0334763777970057     -0.0331587984436474     -0.00825976810158001    0.0163754043245361      
0.928147322013843       97.6390867174786        -0.34136226525488       5.12270571621603        28.8726025744632        5.12270571621596        -0.0331587984436474     -0.0326749094511429     0.0107471101963676      0.0307048723587587      
0.937992798954368       97.6453234750125        -0.336447580285756      5.12206211962283        28.8717108524844        5.12206211962284        -0.0326749094511429     -0.0317677505095757     0.0163754043245361      0.0219855691234169      
0.947840305847827       97.6514904431139        -0.3314419450958        5.1214364859333         28.8708591853773        5.12143648593323        -0.0317677505095757     -0.0311182609484103     0.0307048723587587      0.034341025679256       
0.957687790635131       97.6575557761708        -0.326362414965363      5.12082360746889        28.8700282030322        5.12082360746885        -0.0311182609484103     -0.0301037182332517     0.0219855691234169      0.0150911932878137      
0.967535591495838       97.663483946913         -0.321203702840251      5.12023069448256        28.8692329950961        5.12023069448251        -0.0301037182332517     -0.0296578398627891     0.034341025679256       0.0159997751342811      
0.977383850717147       97.6694468712511        -0.31603097232275       5.11964649560321        28.8684672668382        5.11964649560319        -0.0296578398627891     -0.0291850955848891     0.0150911932878137      0.0105364574128684      
0.987235447098799       97.6756228067795        -0.310841366551419      5.11907158124829        28.8677589734901        5.11907158124838        -0.0291850955848891     -0.0288737800478966     0.0159997751342811      0.0157116691990513      
0.997081800281199       97.6835296113659        -0.305654619932825      5.11850286648639        28.8673236931853        5.11850286648634        -0.0288737800478966     -0.0284095362688125     0.0105364574128684      0.0123691651562686      
1.00693066054207        97.6948828555976        -0.300425429102965      5.11794323467318        28.8674229531316        5.11794323467311        -0.0284095362688125     -0.0280439793780946     0.0157116691990513      0.0293896835127096      
1.01678404886926        97.7062784700531        -0.295162443201471      5.1173905921975         28.867547818767         5.11739059219752        -0.0280439793780946     -0.0271749810276184     0.0123691651562686      0.0295873995503565      
1.0266409695041         97.712728627959         -0.289834731926225      5.11685478260153        28.8669893015366        5.11685478260153        -0.0271749810276184     -0.0262998183925277     0.0293896835127096      0.0327875745576306      
1.03650777634246        97.7164084456101        -0.284448020399359      5.11633605176305        28.8660695678934        5.116336051763          -0.0262998183925277     -0.025329921203277      0.0295873995503565      0.0216366187986143      
1.04636472648029        97.7209746431346        -0.279007890409183      5.11583656145638        28.8653348874996        5.1158365614564         -0.025329921203277      -0.0246900304094005     0.0327875745576306      0.0198963978610385      
1.05622277660482        97.7268227001           -0.273533266201121      5.11534985781666        28.8648254398507        5.11534985781659        -0.0246900304094005     -0.0241017591677209     0.0216366187986143      0.0197648446569174      
1.06607484086835        97.7290543319523        -0.268038026638223      5.1148748309252         28.8638147239938        5.1148748309252         -0.0241017591677209     -0.0235173497331285     0.0198963978610385      0.0156690445910008      
1.07593110367469        97.7278676065           -0.262529085719115      5.11441123177111        28.862331383764         5.11441123177107        -0.0235173497331285     -0.0230539476994731     0.0197648446569174      0.0185783713520521      
1.08579265317175        97.7300120448042        -0.256996071936271      5.11395660329304        28.8613651916778        5.11395660329299        -0.0230539476994731     -0.02250434139901       0.0156690445910008      0.0246620865211688      
1.09565369298926        97.7342019362996        -0.251422508797426      5.1135127227159         28.8607312521632        5.11351272271584        -0.02250434139901       -0.0217746783112846     0.0185783713520521      0.0340134163677842      
1.10551850354091        97.7386978735639        -0.245814541260767      5.11308321424691        28.8601829365786        5.11308321424687        -0.0217746783112846     -0.0207683955907172     0.0246620865211688      0.0157305375877514      
1.11537811259293        97.7431874337177        -0.240169802696576      5.11267362096139        28.8596897656302        5.11267362096136        -0.0207683955907172     -0.0203030364039625     0.0340134163677842      0.0305521598840898      
1.12523798644951        97.7473634872353        -0.23451931418296       5.11227322556395        28.8591761612969        5.11227322556388        -0.0203030364039625     -0.0193991331404191     0.0157305375877514      0.0167617454395245      
1.13510055250969        97.751126448476         -0.228835686800162      5.11189056146351        28.8586515238322        5.11189056146348        -0.0193991331404191     -0.0189031357418159     0.0305521598840898      0.0163897915020269      
1.14496721662759        97.7549662442646        -0.223153643198598      5.11151760608865        28.8581655411474        5.11151760608861        -0.0189031357418159     -0.018418098376791      0.0167617454395245      0.0177957903606751      
1.15483095272999        97.7591079283792        -0.217463817265826      5.11115423072401        28.8577510696849        5.11115423072403        -0.018418098376791      -0.0178914205616903     0.0163897915020269      0.0301952973762211      
1.16469532695976        97.7631955459266        -0.211759902863982      5.11080122511604        28.8573578014164        5.11080122511597        -0.0178914205616903     -0.0169977701066738     0.0177957903606751      0.0225173641547909      
1.17456372330931        97.7671384755588        -0.206005779607791      5.11046583143891        28.8569928156331        5.11046583143897        -0.0169977701066738     -0.0163313621547618     0.0301952973762211      0.0241556331344377      
1.18442581243105        97.7713512442727        -0.200223380439088      5.11014363152963        28.8567048219002        5.11014363152968        -0.0163313621547618     -0.0156164958084321     0.0225173641547909      0.0240845981418165      
1.19429104989803        97.7755136690446        -0.194391315788448      5.10983553453983        28.8564491392008        5.10983553453988        -0.0156164958084321     -0.0149036960314347     0.0241556331344377      0.0202700618247505      
1.20415637621291        97.7798759810007        -0.188525714951643      5.10954145473561        28.8562624561761        5.10954145473565        -0.0149036960314347     -0.0143036701585738     0.0240845981418165      0.0157859667388559      
1.21402449606546        97.784025337037         -0.182626027947574      5.10925915322602        28.8560775369921        5.10925915322595        -0.0143036701585738     -0.0138363196909387     0.0202700618247505      0.0145421727223746      
1.22389552785717        97.7879456662994        -0.176707720964025      5.10898604204894        28.8558847114924        5.108986042049          -0.0138363196909387     -0.0134057676510987     0.0157859667388559      0.017775968159052       
1.23376277527719        97.7915171643899        -0.170769157729004      5.10872144494538        28.8556644026629        5.10872144494537        -0.0134057676510987     -0.0128794638526631     0.0145421727223746      0.0257962150112216      
1.24363236271781        97.7954377116838        -0.164807649047993      5.1084672241266         28.8555248383867        5.10846722412665        -0.0128794638526631     -0.012115640351958      0.017775968159052       0.019656064666544       
1.25350286610689        97.7987750201229        -0.1588193820164        5.10822804335154        28.8553416534738        5.10822804335157        -0.012115640351958      -0.0115335701908553     0.0257962150112216      0.0163649915372924      
1.26337524895514        97.8021697794529        -0.152798029305242      5.10800033946366        28.8551993129409        5.10800033946361        -0.0115335701908553     -0.0110489881920638     0.019656064666544       0.0197349895803889      
1.27324539231097        97.8055674591648        -0.146743867823353      5.10778223852486        28.8550844825416        5.10778223852479        -0.0110489881920638     -0.0104646878114908     0.0163649915372924      0.0182639583822536      
1.2831116207337         97.8101070439286        -0.140654445735555      5.10757570672931        28.8551707269876        5.10757570672936        -0.0104646878114908     -0.00992394837996577    0.0197349895803889      0.0243282200914701      
1.29298115752265        97.8158159139157        -0.134547252999861      5.10737982061795        28.8554594584807        5.1073798206179         -0.00992394837996577    -0.00920361336667188    0.0182639583822536      0.0119452766712339      
1.30285331025441        97.822425143514         -0.128413597547548      5.10719813072429        28.8559210225525        5.10719813072428        -0.00920361336667188    -0.00884989555247939    0.0243282200914701      0.0168870668453582      
1.31272176400357        97.8321506433824        -0.12227808152943       5.10702342779909        28.856861845083         5.10702342779906        -0.00884989555247939    -0.00834976557310019    0.0119452766712339      0.0165882573592581      
1.32259405678712        97.8454290022319        -0.116118499578452      5.10685855457067        28.858354253309         5.10685855457068        -0.00834976557310019    -0.00785831631356069    0.0168870668453582      0.0172972854836305      
1.33247271982831        97.8549148618532        -0.109941698143443      5.10670330597908        28.8593144187259        5.10670330597906        -0.00785831631356069    -0.00734569192475324    0.0165882573592581      0.0146748970713942      
1.34235502321772        97.8588330423024        -0.103743567884702      5.10655815040683        28.8594820195336        5.1065581504068         -0.00734569192475324    -0.00691075683738889    0.0172972854836305      0.0190868558542703      
1.35223303301044        97.8604998143389        -0.0975323174780973     5.10642161078285        28.8593419621778        5.1064216107828         -0.00691075683738889    -0.0063451759358236     0.0146748970713942      0.0150304136924783      
1.36210981010799        97.8624296484526        -0.0912904330266286     5.1062962821309         28.8592723595667        5.10629628213096        -0.0063451759358236     -0.00589984864831752    0.0190868558542703      0.0137620845767207      
1.37198184794673        97.8635583942655        -0.0850471224001078     5.10617975411157        28.8591094959089        5.10617975411158        -0.00589984864831752    -0.00549206794619115    0.0150304136924783      0.0179671490683623      
1.38186303202793        97.8628797559813        -0.0787852199877004     5.10607125100999        28.8587028139712        5.10607125101003        -0.00549206794619115    -0.00495971499190545    0.0137620845767207      0.0193636857910821      
1.39174128414033        97.8618422383768        -0.0725145612409401     5.10597328360459        28.8582729892567        5.10597328360451        -0.00495971499190545    -0.00438607590740034    0.0179671490683623      0.0137824928552515      
1.40160885195787        97.8604539126535        -0.0662344679090676     5.10588668158857        28.8578235575389        5.10588668158862        -0.00438607590740034    -0.00397781259801826    0.0193636857910821      0.0135711571448         
1.41148498409821        97.8604154368627        -0.0599531454319292     5.1058081238984         28.8575958846657        5.10580812389838        -0.00397781259801826    -0.00357581281386771    0.0137824928552515      0.0144801685667814      
1.4213630862544         97.8604851798984        -0.053662365520015      5.10573750238502        28.8574065935882        5.10573750238493        -0.00357581281386771    -0.0031470575339674     0.0135711571448         0.0117963657684481      
1.43123030815425        97.8579566872398        -0.0473538180663627     5.10567540241317        28.8568582948217        5.1056754024131         -0.0031470575339674     -0.0027980746618608     0.0144801685667814      0.0138541485466464      
1.44108318103266        97.8516023191749        -0.0410401355727444     5.1056202488105         28.855765518042         5.10562024881056        -0.0027980746618608     -0.00238847812193286    0.0117963657684481      0.015514935594018       
1.45093275151698        97.8452429023834        -0.0347208065788826     5.10557318419716        28.8546948335872        5.10557318419714        -0.00238847812193286    -0.00192997406720218    0.0138541485466464      0.0133299350083465      
1.46079044629299        97.8259547118077        -0.02839103965512       5.10553516137523        28.8517432019926        5.10553516137517        -0.00192997406720218    -0.00153633577219113    0.015514935594018       0.00845792121184977     
1.47062790374909        97.7422915511539        -0.0220561776788623     5.10550493125558        28.839317823261         5.10550493125562        -0.00153633577219113    -0.00128691082168614    0.0133299350083465      0.018160455984686       
1.48044882613596        97.548551572676         -0.0157518872227428     5.10547965307783        28.8106503814565        5.10547965307783        -0.00128691082168614    -0.00075244746621236    0.00845792121184977     0.0165733168337146      
1.49025457360721        97.2274247694418        -0.00943888194288227    5.10546490445081        28.7631478606021        5.10546490445088        -0.00075244746621236    -0.000265685827177207   0.018160455984686       0.0165733168337146      
1.50002390152473        96.8976453257494        -0.00314857891948293    5.10545970846884        28.7143118803184        5.10545970846887        -0.000265685827177207   -0.000265685827177207   0.0165733168337146      0.0165733168337146      
