x                       V                     vel                       p                      cs                  dd1[i]             dd2_left[i]            dd2_right[i]             dd3_left[i]            dd3_right[i]
-1.50017753392407       98.0373098264322        0.000814798190862781    5.00661951735786        28.601733887018         5.00670955620378        0.00741985691099819     0.00741985691099819     0.0132514934715288      0.0132514934715288      
-1.49031198827918       98.3735738935439        0.00233207420833528     5.00670955620378        28.6510009275629        5.00670955620378        0.00741985691099819     0.00741985691099819     0.0132514934715288      0.0132514934715288      
-1.48040349850445       98.6977329249449        0.00349052333105231     5.00685653638457        28.698588502503         5.00685653638457        0.00741985691099819     0.00781413421893342     0.0132514934715288      -0.0650919646828931     
-1.47046796028988       98.8910633366808        0.00425156172946582     5.00701177515215        28.7271276724074        5.00701177515215        0.00781413421893342     0.0058724618506633      0.0132514934715288      -0.116598534511723      
-1.46051471330308       98.9739208613846        0.00481908728792206     5.00712868215149        28.739495412238         5.00712868215149        0.0058724618506633      0.00238873415057653     -0.0650919646828931     -0.103578070251323      
-1.45054141682326       98.9929794208143        0.00555460255437927     5.00717629817234        28.7423990022105        5.00717629817233        0.00238873415057653     -0.000708345865703182   -0.116598534511723      -0.026647504922325      
-1.44057409881663       98.9999122935096        0.00672865809841097     5.00716217541871        28.7433649214861        5.00716217541871        -0.000708345865703182   -0.0015054451993795     -0.103578070251323      0.0757884039337674      
-1.43060672659042       99.0071995250967        0.00833535094557133     5.00713215321028        28.74433660571          5.00713215321028        -0.0015054451993795     0.000763034820545475    -0.026647504922325      0.16786231010791        
-1.42062396501927       99.0102053949145        0.010103898888581       5.00714738675102        28.7448166691211        5.00714738675101        0.000763034820545475    0.00579181239967757     0.0757884039337674      0.190380463623869       
-1.41062803846888       99.0095912632941        0.0116602787274261      5.0072631227186         28.7450597241837        5.0072631227186         0.00579181239967757     0.0114977192723798      0.16786231010791        0.121985130160798       
-1.4006372814754        99.00783995425          0.0127526667774449      5.00749286703454        28.7454649278631        5.00749286703454        0.0114977192723798      0.0151536177759152      0.190380463623869       0.00866117719899691     
-1.39065126308736       99.0066853292372        0.0133861797882043      5.00779558619362        28.7461661732313        5.00779558619362        0.0151536177759152      0.0154131947965648      0.121985130160798       -0.113111047657085      
-1.38066067231681       99.0052439292906        0.0137872149364229      5.00810356941703        28.746840855802         5.00810356941703        0.0154131947965648      0.012022738578673       0.00866117719899691     -0.200591969967835      
-1.37066429201861       99.004327671218         0.0143608096544778      5.00834385918913        28.7473974626485        5.00834385918912        0.012022738578673       0.00600973737640302     -0.113111047657085      -0.179899401800515      
-1.36067509128856       99.0031332011304        0.0154858556021622      5.00846395054025        28.7475686980191        5.00846395054025        0.00600973737640302     0.000616719718791591    -0.200591969967835      -0.0477941358980702     
-1.35068428267226       99.0025307364403        0.0172475875809572      5.00847627579036        28.7475166010523        5.00847627579036        0.000616719718791591    -0.000816280308659033   -0.179899401800515      0.146243735149305       
-1.34068475514383       99.0026308827991        0.019386017701121       5.00845995609921        28.7474843051518        5.00845995609921        -0.000816280308659033   0.00356931498629133     -0.0477941358980702     0.288089271408219       
-1.33068911145197       98.9995556424109        0.0213988633999         5.00853131774532        28.7472426178548        5.00853131774532        0.00356931498629133     0.0122074636848029      0.146243735149305       0.286477036063563       
-1.32069374056796       98.9888298610626        0.0228480903851568      5.00877530456243        28.7463854665714        5.00877530456243        0.0122074636848029      0.0207932359442561      0.288089271408219       0.161496933853084       
-1.31070674197159       98.9725332424143        0.0236167651997909      5.00919064292977        28.7452108308195        5.00919064292977        0.0207932359442561      0.0256315504506004      0.286477036063563       -0.0334743363007243     
-1.30072673723799       98.9587381982486        0.0239450723218237      5.0097024534165         28.7446758414716        5.00970245341651        0.0256315504506004      0.0246289108094532      0.161496933853084       -0.210912400534145      
-1.29073776969749       98.9482934651038        0.0243249589469409      5.01019426778873        28.7445697111164        5.01019426778872        0.0246289108094532      0.0183115511029988      -0.0334743363007243     -0.302875988586945      
-1.2807577377507        98.9404755109281        0.025244413436202       5.01055991361847        28.7444829613559        5.01055991361848        0.0183115511029988      0.0092393871019829      -0.210912400534145      -0.270255527780133      
-1.27077068428391       98.9361827329096        0.0269895157931963      5.01074441396806        28.7443885818969        5.01074441396806        0.0092393871019829      0.00114451134699639     -0.302875988586945      -0.0600733999755439     
-1.26078703345154       98.9349474745889        0.0295180928922343      5.01076726886555        28.7442746923221        5.01076726886556        0.00114451134699639     -0.000654855332971651   -0.270255527780133      0.235093047963825       
-1.25080312573993       98.934372875934         0.0323343065573825      5.01075419307427        28.7441537165171        5.01075419307426        -0.000654855332971651   0.00638717480749286     -0.0600733999755439     0.464783595641701       
-1.24081969146123       98.9322161765169        0.0347205316391041      5.01088174780443        28.7442062657489        5.01088174780444        0.00638717480749286     0.0203104992344105      0.235093047963825       0.476441642027072       
-1.23082957554412       98.9264823862869        0.0361171862289377      5.01128740744656        28.7445367402046        5.01128740744656        0.0203104992344105      0.0345833247095543      0.464783595641701       0.214530398036057       
-1.2208474345712        98.9176178772339        0.0364827448703274      5.01197804880672        28.745229443073         5.01197804880671        0.0345833247095543      0.041009345488944       0.476441642027072       -0.142946284624503      
-1.21086111730917       98.9073474909595        0.036405301213451       5.01279691379857        28.7460851321441        5.01279691379857        0.041009345488944       0.0367283190625562      0.214530398036057       -0.414139781705355      
-1.20088036191209       98.8977478876279        0.0366938916735981      5.01353016781209        28.7467923591281        5.0135301678121         0.0367283190625562      0.0243267358707981      -0.142946284624503      -0.507624448533878      
-1.19089965350156       98.8910593192545        0.0379744770894528      5.01401577490121        28.7472123698813        5.01401577490122        0.0243267358707981      0.0091276931856827      -0.414139781705355      -0.426081593750856      
-1.18091808981803       98.8882192831086        0.0404521443996225      5.01419797076272        28.7473218596591        5.01419797076273        0.0091276931856827      -0.00362891104026613    -0.507624448533878      -0.0751409978404281     
-1.17094036868186       98.8887701552422        0.0439226361802441      5.01412554419458        28.7471943114856        5.01412554419457        -0.00362891104026613    -0.00587831772956756    -0.426081593750856      0.442704873895195       
-1.16096095488946       98.8899415337323        0.0476258631417984      5.01400823549654        28.7470282886743        5.01400823549653        -0.00587831772956756    0.00737428524197411     -0.0751409978404281     0.787959384767233       
-1.15098516697314       98.8882618359772        0.0504608507699493      5.01415540379649        28.7472060224093        5.01415540379648        0.00737428524197411     0.0309615646053251      0.442704873895195       0.725780156785952       
-1.14100224084264       98.8811015027338        0.0517016820858086      5.01477330490797        28.7479363948036        5.01477330490796        0.0309615646053251      0.0526841458186898      0.787959384767233       0.292812270975551       
-1.13102980565847       98.8691109758233        0.0514857253588707      5.01582438612128        28.749205724294         5.01582438612128        0.0526841458186898      0.061446066489137       0.725780156785952       -0.264233050952936      
-1.1210563682288        98.8552821075726        0.0507507349710037      5.01704996833277        28.7507069468829        5.01704996833277        0.061446066489137       0.0535408463552664      0.292812270975551       -0.702642584140076      
-1.11108436279808       98.8431078244848        0.0506746400300604      5.01811782279261        28.751995902727         5.0181178227926         0.0535408463552664      0.0325184522882999      -0.264233050952936      -0.865569214834388      
-1.10111247304061       98.8356180916641        0.0521625423705474      5.01876644631641        28.7527646143053        5.01876644631641        0.0325184522882999      0.00661876381750231     -0.702642584140076      -0.630072527801652      
-1.09113561376945       98.83454691263          0.0555376204049328      5.01889849196815        28.7529870463967        5.01889849196816        0.00661876381750231     -0.0122354122582376     -0.865569214834388      -0.0394938256120561     
-1.08116082513863       98.8382309568017        0.0602883965337343      5.01865440229449        28.7528237136909        5.0186544022945         -0.0122354122582376     -0.0134171523463141     -0.630072527801652      0.661004807808174       
-1.07118837334465       98.8445150757388        0.0651809045678095      5.01838677942838        28.7529710834404        5.01838677942836        -0.0134171523463141     0.00635778635077535     -0.0394938256120561     1.13974454367727        
-1.06121541781856       98.8496605216056        0.0687667214816921      5.01851357188536        28.754082692838         5.01851357188535        0.00635778635077535     0.0404515932289244      0.661004807808174       1.05718745652375        
-1.05124805629563       98.8434630755681        0.0700616526603624      5.01932021094281        28.7554919952919        5.01932021094279        0.0404515932289244      0.0720734816065226      1.13974454367727        0.455818065660606       
-1.04127403958421       98.826135604937         0.0692527557989516      5.02075744097288        28.7570876973858        5.02075744097287        0.0720734816065226      0.0857076987277487      1.05718745652375        -0.347842747263397      
-1.03130708118604       98.8072380336285        0.0675891512341547      5.02246652481431        28.7592317187965        5.0224665248143         0.0857076987277487      0.0753038530496205      0.455818065660606       -0.964774829207648      
-1.02133332689207       98.7917936916681        0.0667330107111491      5.02396801859267        28.7612821922791        5.02396801859267        0.0753038530496205      0.0464522001668581      -0.347842747263397      -1.27152067907276       
-1.01136952158371       98.7806851498521        0.067927174015821       5.02489402961661        28.762315479661         5.02489402961661        0.0464522001668581      0.00843879891792289     -0.964774829207648      -1.10335822417353       
-1.00140147145662       98.7734955351029        0.0717825677670444      5.02506219154713        28.7617500029813        5.02506219154714        0.00843879891792289     -0.0245338069678539     -1.27152067907276       -0.445809863534349      
-0.991446906692956      98.7743405551249        0.0779334769872124      5.02457352877052        28.7604745230627        5.02457352877051        -0.0245338069678539     -0.0378536177083544     -1.10335822417353       0.563883465243573       
-0.981488216010037      98.7818800801632        0.0850438569805686      5.02381961808665        28.7594143153799        5.02381961808663        -0.0378536177083544     -0.021005861180426      -0.445809863534349      1.50154974513076        
-0.971527209331979      98.7872280573055        0.0910601378878851      5.0234011507793         28.7589949727433        5.0234011507793         -0.021005861180426      0.0238650031906035      0.563883465243573       1.78349806823105        
-0.961565004409931      98.7822632487915        0.0940840100710734      5.02387661769681        28.7596332434535        5.02387661769682        0.0238650031906035      0.0771610049382023      1.50154974513076        1.08656019351186        
-0.951604047250077      98.7651099999958        0.0935532522089491      5.02541376076745        28.7615351606299        5.02541376076746        0.0771610049382023      0.109627201099492       1.78349806823105        -0.122032167647103      
-0.941645682017526      98.7403940973298        0.0908980048744166      5.02759733884737        28.7641832435315        5.02759733884738        0.109627201099492       0.105981636451871       1.08656019351186        -1.32933333680164       
-0.931686941128017      98.7165428753445        0.0885798632339289      5.02970787193385        28.7667450594784        5.02970787193387        0.105981636451871       0.0662776675898707      -0.122032167647103      -2.10028926054807       
-0.921734509257504      98.7022010825497        0.0890415093458873      5.03102739575741        28.7684282292198        5.03102739575742        0.0662776675898707      0.00355264607691571     -1.32933333680164       -1.73591102291275       
-0.911780061396643      98.7019234334675        0.0938376091209347      5.03109812665928        28.7685899922058        5.03109812665928        0.00355264607691571     -0.0482907659400616     -2.10028926054807       -1.07233084626364       
-0.901822673403342      98.7137355337           0.102221393775988       5.03013657022628        28.7675619141801        5.03013657022628        -0.0482907659400616     -0.0803195221694111     -1.73591102291275       -0.116377703081736      
-0.891868282351195      98.7330644536766        0.112847777275875       5.02853721295746        28.7658040259217        5.02853721295746        -0.0803195221694111     -0.0837957338649388     -1.07233084626364       1.59130892444894        
-0.881909582339586      98.7536859074814        0.123784714819834       5.0268684884682         28.7640340184406        5.02686848846821        -0.0837957338649388     -0.0362563956754385     -0.116377703081736      2.71001838473531        
-0.871952985684876      98.7631662555045        0.131542022516045       5.02614634024869        28.7633483976419        5.02614634024869        -0.0362563956754385     0.0447119028985508      1.59130892444894        2.25520518552509        
-0.861989246915905      98.7539067342621        0.133836349074379       5.02703699017323        28.7645482633644        5.02703699017321        0.0447119028985508      0.112083688168273       2.71001838473531        0.786921686182643       
-0.852033821253893      98.7287173051105        0.131594838093476       5.02926899528381        28.7672637120371        5.02926899528383        0.112083688168273       0.135585960093687       2.25520518552509        -1.17736743914617       
-0.842080936946306      98.6978934737645        0.127812818113483       5.03196803791324        28.7704896658987        5.03196803791326        0.135585960093687       0.100433128400664       0.786921686182643       -2.98024736242542       
-0.832129120679292      98.6754806185694        0.126479166774915       5.03396695757967        28.7729360382626        5.03396695757967        0.100433128400664       0.011467234992133       -1.17736743914617       -3.29042236048392       
-0.822179655207181      98.6739702469453        0.131261627814609       5.0341951498044         28.7733679649868        5.03419514980442        0.011467234992133       -0.0867537629668602     -2.98024736242542       -2.78705135919719       
-0.812231405554878      98.695459545842         0.142793275116056       5.03246875567522        28.7715663022673        5.03246875567521        -0.0867537629668602     -0.169973889343857      -3.29042236048392       -0.951237312639776      
-0.802277502978998      98.7364916036119        0.160061362917594       5.02908445619754        28.7678685105218        5.02908445619754        -0.169973889343857      -0.198392072909561      -2.78705135919719       1.69735358045906        
-0.792312153557649      98.7846896407022        0.17934022758982        5.02513171413391        28.7635787291373        5.02513171413391        -0.198392072909561      -0.147663659437037      -0.951237312639776      4.67343038337982        
-0.782348972696813      98.8220808709043        0.195205823512161       5.02218919935431        28.7605976759748        5.02218919935432        -0.147663659437037      -0.00799908682469408    1.69735358045906        4.67000619405183        
-0.772386398895156      98.8291910632756        0.201564700551137       5.02202985319744        28.7611760273905        5.02202985319743        -0.00799908682469408    0.131517592539361       4.67343038337982        1.71867534822757        
-0.762433640398861      98.8065991321991        0.198420570157859       5.02464865451369        28.7653856045386        5.02464865451367        0.131517592539361       0.182850321576559       4.67000619405183        -1.37199798409396       
-0.752477381223296      98.7673824174992        0.191819280598688       5.02828919457706        28.7700933200483        5.02828919457706        0.182850321576559       0.141873974150684       1.71867534822757        -3.72614985927986       
-0.742522765690975      98.7317167735128        0.188058667651388       5.03111414339398        28.7729773879587        5.03111414339396        0.141873974150684       0.0305658559655031      -1.37199798409396       -5.34695806392108       
-0.732564900959747      98.7228691595718        0.191944662640523       5.03172291485149        28.7734288007212        5.0317229148515         0.0305658559655031      -0.129210629441741      -3.72614985927986       -5.47692359023911       
-0.722601814937308      98.7533574079965        0.206790521974272       5.02914832666521        28.7705081104765        5.02914832666523        -0.129210629441741      -0.292906165502911      -5.34695806392108       -1.98491524921233       
-0.712634824017046      98.8234922577437        0.232883070684783       5.02331136532159        28.7640160564983        5.02331136532161        -0.292906165502911      -0.352253948031874      -5.47692359023911       3.3492043612878         
-0.702676388438512      98.9076356866783        0.263103796691233       5.01628940643591        28.7561392028064        5.01628940643593        -0.352253948031874      -0.252072790517839      -1.98491524921233       8.32187609864081        
-0.692691519874678      98.9666749689794        0.286546187987984       5.01126075237054        28.7502989568416        5.01126075237054        -0.252072790517839      -0.00308190849949779    3.3492043612878         9.54314203529359        
-0.682721264392281      98.9653302113465        0.292921902095522       5.01119927325818        28.7499272704255        5.0111992732582         -0.00308190849949779    0.282360737548367       8.32187609864081        9.80583851468492        
-0.672749864152629      98.8972241159628        0.279753045848638       5.01682762618399        28.7561682107182        5.01682762618401        0.282360737548367       0.575424416254237       9.54314203529359        9.29681045748937        
-0.662796521020236      98.7617349134421        0.246594761084287       5.02828767739635        28.7692664332254        5.02828767739635        0.575424416254237       0.852945846320521       9.80583851468492        11.1049478333656        
-0.652842960174888      98.5630267692769        0.194681034834736       5.04525181509247        28.788750398628         5.04525181509248        0.852945846320521       1.18380713031069        9.29681045748937        9.80061526030845        
-0.642925664734979      98.2892513624538        0.120668558620168       5.06873924721283        28.8155798703883        5.06873924721285        1.18380713031069        1.47504647258776        11.1049478333656        -0.120591048722826      
-0.633032636107391      97.9516397759846        0.0276224595996778      5.09791715099014        28.8487245351102        5.09791715099011        1.47504647258776        1.47147418692248        9.80061526030845        -8.61462056329854       
-0.623173975917456      97.6187938970964        -0.0643025466611545     5.12693164836987        28.881507460274         5.12693164836988        1.47147418692248        1.21707413986488        -0.120591048722826      -9.34716619710166       
-0.613348366567461      97.3472754199026        -0.138713167203982      5.15085366832312        28.9085215434788        5.15085366832312        1.21707413986488        0.941788444492812       -8.61462056329854       -9.92912264651204       
-0.603547542568083      97.1391064855262        -0.194446334302741      5.16932130311947        28.9293176703041        5.16932130311943        0.941788444492812       0.649956512419177       -9.34716619710166       -9.06028121475608       
-0.593756576537054      96.996839338731         -0.230799764945354      5.18204634397321        28.9436843045314        5.18204634397317        0.649956512419177       0.384035769571479       -9.92912264651204       -5.06428451971607       
-0.58398274100937       96.9137373794889        -0.24961979617414       5.18955588285138        28.9522381387818        5.18955588285139        0.384035769571479       0.235552178169061       -9.06028121475608       -2.57308572338095       
-0.574212839395846      96.8636135118108        -0.258694801700232      5.19415794966041        28.9575812800726        5.19415794966043        0.235552178169061       0.160165187089101       -5.06428451971607       -1.27327605797915       
-0.564451765746618      96.8300592898955        -0.262754460369502      5.1972854013172         28.9612802881149        5.19728540131718        0.160165187089101       0.12287418402547        -2.57308572338095       -0.593945689417571      
-0.554690987841646      96.8048159244124        -0.264406912002957      5.19968414595208        28.9641866970798        5.1996841459521         0.12287418402547        0.105484591579079       -1.27327605797915       -0.313607844223615      
-0.544929701706333      96.7835369582147        -0.264878578283445      5.20174290553329        28.966736001398         5.20174290553327        0.105484591579079       0.0963051524098007      -0.593945689417571      -0.171346138765503      
-0.535178733213082      96.7640471469066        -0.264743402519885      5.20362176191363        28.9690496192195        5.20362176191365        0.0963051524098007      0.0912906581921318      -0.313607844223615      -0.105549286752296      
-0.525423143044749      96.7454253202365        -0.264263130443302      5.2054027660968         28.9712186077024        5.20540276609683        0.0912906581921318      0.0882018224228878      -0.171346138765503      -0.0506423639520782     
-0.51566696911413       96.7274800825605        -0.263578768668912      5.20712368184726        28.9733196873523        5.20712368184725        0.0882018224228878      0.0867199728713953      -0.105549286752296      -0.0744821288658987     
-0.505912680547022      96.7101317573917        -0.262753971533957      5.20881517086596        28.9754264125755        5.208815170866          0.0867199728713953      0.0845411847557604      -0.0506423639520782     -0.0888629369225795     
-0.49616706380975       96.6933280191219        -0.261766297067465      5.21046349265824        28.9774928644992        5.21046349265822        0.0845411847557604      0.0819426320584611      -0.0744821288658987     -0.0864572037751221     
-0.486418057989422      96.6782813643755        -0.260590941849108      5.21206074325044        28.9796789441666        5.21206074325045        0.0819426320584611      0.0794153205687201      -0.0888629369225795     -0.08626687189944       
-0.476677080866887      96.6654177613274        -0.259238064572775      5.2136081210077         28.9820521202651        5.21360812100765        0.0794153205687201      0.0768945970394616      -0.0864572037751221     -0.0873059652955569     
-0.466938790512577      96.6559080500385        -0.257733164251313      5.21510564887206        28.9847883112451        5.2151056488721         0.0768945970394616      0.0743443177975521      -0.08626687189944       -0.124723596639885      
-0.457206203025149      96.6470488849963        -0.255988821531748      5.21655322127604        28.9874821888072        5.21655322127608        0.0743443177975521      0.0707007893255849      -0.0873059652955569     -0.101075370908207      
-0.447467286559521      96.6320476493223        -0.254046556868483      5.21793028777216        28.9890579414268        5.21793028777215        0.0707007893255849      0.067747056756289       -0.124723596639885      -0.121839506872747      
-0.437722936905263      96.6129961337358        -0.251847509711541      5.21925049616535        28.9898668505342        5.21925049616538        0.067747056756289       0.0641855949885127      -0.101075370908207      -0.104538809752361      
-0.427975918018174      96.5966506610231        -0.249433400350868      5.22050141757605        28.9908879853932        5.22050141757605        0.0641855949885127      0.0611300260985675      -0.121839506872747      -0.113122576294003      
-0.418236045265408      96.5829700791613        -0.246779413905003      5.22169243552563        28.9921415864988        5.22169243552563        0.0611300260985675      0.0578244893757915      -0.104538809752361      -0.114945806438198      
-0.408496101296005      96.5711076470311        -0.243917514816335      5.22281870590899        28.9934874143966        5.22281870590894        0.0578244893757915      0.0544666183456138      -0.113122576294003      -0.122550162617699      
-0.398761073264972      96.560532404349         -0.24081327761272       5.22387932002007        28.9948434598639        5.22387932002002        0.0544666183456138      0.0508872072152495      -0.114945806438198      -0.10151269765303       
-0.389025600149805      96.5508566875666        -0.237498127164282      5.22487010597449        28.9961401113175        5.22487010597446        0.0508872072152495      0.0479228703265238      -0.122550162617699      -0.119698020065165      
-0.379291101602604      96.54133022756          -0.233938590467645      5.22580299105904        28.9972979276806        5.22580299105905        0.0479228703265238      0.0444281657447411      -0.10151269765303       -0.107639117149532      
-0.369562800121358      96.5328865578996        -0.230180022005248      5.22666760866303        28.9984284442829        5.22666760866304        0.0444281657447411      0.0412857355681228      -0.119698020065165      -0.103954173606871      
-0.359831853444133      96.5251400284926        -0.226205200525882      5.22747114170901        28.9994937872016        5.22747114170898        0.0412857355681228      0.0382508665522967      -0.107639117149532      -0.0960479575801062     
-0.350096592071413      96.5183547466187        -0.222028698757049      5.22821568231435        29.0005395328389        5.22821568231431        0.0382508665522967      0.0354469056304654      -0.103954173606871      -0.0936913261914362     
-0.340368715707236      96.5122880450023        -0.21765157957659       5.22890548755098        29.0015411249877        5.228905487551          0.0354469056304654      0.0327121390318804      -0.0960479575801062     -0.0887549806972474     
-0.330639252863047      96.5068491697985        -0.213082631935158      5.22954198540189        29.00248896251          5.22954198540189        0.0327121390318804      0.0301215793442577      -0.0936913261914362     -0.0822144758353827     
-0.320910968973669      96.5024904350138        -0.208331194132634      5.23012812414497        29.0034592555841        5.23012812414499        0.0301215793442577      0.0277218529953343      -0.0887549806972474     -0.0893643904979955     
-0.311178805009092      96.499145965284         -0.203391756316281      5.2306675841294         29.0044523793843        5.23066758412936        0.0277218529953343      0.0251135006485972      -0.0822144758353827     -0.0675231530877652     
-0.301451941678069      96.4974056157159        -0.198311151478263      5.23115623265023        29.0055455853195        5.23115623265027        0.0251135006485972      0.0231427558097939      -0.0893643904979955     -0.0735282603957442     
-0.291722626675158      96.4979265572909        -0.193054529495063      5.23160651419295        29.0068722082439        5.23160651419297        0.0231427558097939      0.020996743436778       -0.0675231530877652     -0.0611422060179069     
-0.281994729886816      96.5018627668819        -0.187666995554781      5.23201507168489        29.0085964397335        5.23201507168488        0.020996743436778       0.0192121714068686      -0.0735282603957442     -0.0597312028862339     
-0.272263566222416      96.5108796915598        -0.182125648691403      5.23238891423227        29.0109880620235        5.23238891423226        0.0192121714068686      0.0174687361740429      -0.0611422060179069     -0.0504999634138758     
-0.262536529041413      96.5274795016078        -0.176465963776474      5.23272882936529        29.014425286227         5.23272882936531        0.0174687361740429      0.0159946528779635      -0.0597312028862339     -0.0505740565730421     
-0.252804797955365      96.5549124962515        -0.170669989503399      5.23304009633005        29.0194109919126        5.23304009633006        0.0159946528779635      0.0145182050562673      -0.0504999634138758     -0.0407423973931515     
-0.243073919380775      96.597757740244         -0.164779063835564      5.23332268440341        29.0266325077656        5.23332268440343        0.0145182050562673      0.0133282617496788      -0.0505740565730421     -0.0395180720554905     
-0.233338618240179      96.6636302686092        -0.158760082154631      5.23358225505833        29.0372479206539        5.23358225505836        0.0133282617496788      0.0121731870313726      -0.0407423973931515     -0.0363333263575304     
-0.22358968533503       96.7618934751581        -0.152642838235903      5.23381958272391        29.0526617521736        5.2338195827239         0.0121731870313726      0.0111099482618963      -0.0395180720554905     -0.036469412097588      
-0.213830981887518      96.9040571529044        -0.1464268561316        5.23403646381207        29.0745985535379        5.23403646381204        0.0111099482618963      0.0100410957211382      -0.0363333263575304     -0.037322258844541      
-0.204054639754769      97.1054074100789        -0.140127330596216      5.23423281115377        29.1053348376287        5.23423281115381        0.0100410957211382      0.00894505180129651     -0.036469412097588      -0.0312318567394867     
-0.194257279333743      97.3859014622354        -0.133746779462987      5.23440812976697        29.1478288024629        5.234408129767          0.00894505180129651     0.00802536198536362     -0.037322258844541      -0.0261101148224311     
-0.184429326565931      97.7677186486089        -0.127281615204696      5.23456591094689        29.2053524554734        5.23456591094692        0.00802536198536362     0.00725370604270799     -0.0312318567394867     -0.0244352975361283     
-0.174561953724558      98.2734359832496        -0.120737368840578      5.23470910818464        29.2811899358079        5.23470910818468        0.00725370604270799     0.00652799054051399     -0.0261101148224311     -0.0217158886740322     
-0.164642148496545      98.9268086224664        -0.114098303654127      5.23483870062527        29.3787305803092        5.23483870062528        0.00652799054051399     0.00587874586228584     -0.0244352975361283     -0.0164200840699355     
-0.154645507902227      99.7463390346606        -0.107363302819057      5.23495629688184        29.5005007194908        5.23495629688183        0.00587874586228584     0.00538352602681475     -0.0217158886740322     -0.0218934785240946     
-0.144551334502374      100.743591872959        -0.10051030859976       5.23506505042874        29.6479132730783        5.23506505042871        0.00538352602681475     0.00471622146273965     -0.0164200840699355     -0.0145139623287236     
-0.134333973568605      101.930131974912        -0.0935462359946135     5.23516142262899        29.8222706132665        5.23516142262902        0.00471622146273965     0.00426861929395711     -0.0218934785240946     -0.0283868972015675     
-0.123994474055672      103.305394767688        -0.0864592605167646     5.2352497132652         30.0230338888961        5.23524971326524        0.00426861929395711     0.0033819402646912      -0.0145139623287236     -0.0061327124876963     
-0.113523529911169      104.85221888363         -0.0792794583956977     5.23532058883548        30.2471756341687        5.23532058883546        0.0033819402646912      0.00318764917618329     -0.0283868972015675     -0.0161643658923469     
-0.102890770992676      106.541732310904        -0.0719231864235626     5.23538840887668        30.4900899310511        5.23538840887666        0.00318764917618329     0.00266749509517977     -0.0061327124876963     -0.00132685414265819    
-0.0920754730723426     108.326196979725        -0.0644399491613152     5.23544609934607        30.7445378735393        5.23544609934605        0.00266749509517977     0.00262411025693462     -0.0161643658923469     -0.016389876657266      
-0.0810844132339973     110.140562157322        -0.0567813354897839     5.23550376020746        31.0011109297184        5.23550376020748        0.00262411025693462     0.00207972169221483     -0.00132685414265819    -0.0105386418386472     
-0.0699348501139844     111.915461398405        -0.0490115201639501     5.23555016243508        31.2500403227317        5.23555016243506        0.00207972169221483     0.00172420832340434     -0.016389876657266      -0.0131113512709547     
-0.0586015389736384     113.577875433963        -0.0410629192449035     5.23558923981767        31.4813993363121        5.23558923981764        0.00172420832340434     0.00127531162477025     -0.0105386418386472     -0.00688812668463517    
-0.0470898112056344     115.04003022978         -0.033009416362459      5.23561856665363        31.6834793485877        5.23561856665361        0.00127531162477025     0.00103647743697694     -0.0131113512709547     -0.0153330854121262     
-0.0354549388206702     116.175645456759        -0.0248535865141105     5.23564266557878        31.8395499877789        5.23564266557881        0.00103647743697694     0.000499557948722015    -0.00688812668463517    -0.00649174831240309    
-0.0237348198322762     116.879757169405        -0.0166536529490211     5.23565437709268        31.9359257529178        5.23565437709271        0.000499557948722015    0.000270669620344902    -0.0153330854121262     -0.0143766945937034     
-0.0119224212523852     117.150527803015        -0.00835324434234913    5.23566075971335        31.972916179113         5.23566075971335        0.000270669620344902    -0.000238230778570609   -0.00649174831240309    0.00870098300477969     
-0.00010563054031721    117.18433371547         -3.94435768697343e-05   5.23565513000193        31.9775118370514        5.23565513000195        -0.000238230778570609   7.01662994534646e-05    -0.0143766945937034     -0.0102116247851226     
0.0117110599744013      117.152854912993        0.00827398857477007     5.23565678798532        31.973221609577         5.23565678798534        7.01662994534646e-05    -0.000291269685418264   0.00870098300477969     -0.00431196234315332    
0.0235195693929686      116.881977905689        0.0165527724869972      5.23564992048077        31.9362155534945        5.23564992048077        -0.000291269685418264   -0.000443287756884187   -0.0102116247851226     -0.0131135895327705     
0.0352415024801941      116.177502120464        0.0247649980843821      5.23563952876836        31.8397948709753        5.23563952876839        -0.000443287756884187   -0.00090242196202815    -0.00431196234315332    -0.0107303913479227     
0.0468738523048394      115.040855209044        0.0329202737979808      5.23561855028155        31.6835929037077        5.23561855028154        -0.00090242196202815    -0.00127439774323796    -0.0131135895327705     -0.0160303804988449     
0.0583809613633428      113.578108991708        0.0409633519350687      5.23558925380305        31.4814317469906        5.23558925380303        -0.00127439774323796    -0.00182311071659276    -0.0107303913479227     -0.00871083575360234    
0.0697113714394267      111.915587371486        0.0488957002246128      5.23554794241149        31.2500512849328        5.23554794241147        -0.00182311071659276    -0.00211692072393346    -0.0160303804988449     -0.0156924251119539     
0.0808631161022294      110.140758279666        0.0566722852102247      5.23550071285968        31.0011295086726        5.23550071285964        -0.00211692072393346    -0.00263810388886187    -0.00871083575360234    -0.000842902320779154   
0.091850209160365       108.326297317801        0.0643154219556291      5.23544275021705        30.7445422785448        5.23544275021702        -0.00263810388886187    -0.00266566200494215    -0.0156924251119539     -0.0187528310627546     
0.102666931944519       106.541693289882        0.0717954405158235      5.23538510554641        30.4900747284955        5.23538510554641        -0.00266566200494215    -0.00326905044760425    -0.000842902320779154   -0.00905053152025918    
0.113296190557348       104.852271761814        0.0791525539246067      5.23531555992809        30.2471687338511        5.23531555992806        -0.00326905044760425    -0.00355577073359822    -0.0187528310627546     -0.0211649041410384     
0.123768852122517       103.305554462635        0.0863468133040401      5.23524104182475        30.0230322300299        5.23524104182482        -0.00355577073359822    -0.00421686969785811    -0.00905053152025918    -0.0163539855555791     
0.134108166875098       101.930336617197        0.0934343870520201      5.23515381729709        29.82227888788          5.23515381729704        -0.00421686969785811    -0.0047212517803492     -0.0211649041410384     -0.0217789381571455     
0.144326201407469       100.743766056833        0.100401269941787       5.23505733591645        29.6479170584736        5.23505733591649        -0.0047212517803492     -0.00538513626574567    -0.0163539855555791     -0.0241471131210668     
0.154421919171291       99.7465244905743        0.107256713605705       5.234948533585          29.5005062700098        5.23494853358499        -0.00538513626574567    -0.00611354060483678    -0.0217789381571455     -0.0187559878591154     
0.164420834758509       98.9269467467849        0.114001812492592       5.23482621141829        29.3787160442627        5.23482621141824        -0.00611354060483678    -0.00667444607830904    -0.0241471131210668     -0.0183688499481193     
0.17434408611965        98.2736694281047        0.120646982968462       5.23469366965702        29.28118153494          5.23469366965702        -0.00667444607830904    -0.00722011224883701    -0.0187559878591154     -0.0321655849366873     
0.184214850896557       97.7679353210859        0.127189824979712       5.23455110870549        29.2053435245116        5.2345511087055         -0.00722011224883701    -0.00817081475726778    -0.0183688499481193     -0.0287633868478964     
0.194040024322179       97.3861551731466        0.133654628919115       5.23439047453783        29.1478176138506        5.2343904745378         -0.00817081475726778    -0.00901776998756803    -0.0321655849366873     -0.0296035027462019     
0.203837921256265       97.1055977869324        0.140039199034195       5.2342137475954         29.1053103661179        5.23421374759546        -0.00901776998756803    -0.00988703488156719    -0.0287633868478964     -0.0425068421716311     
0.213612218995431       96.9042613571051        0.146331809730444       5.234020435822          29.0745846706169        5.23402043582199        -0.00988703488156719    -0.0111326002578265     -0.0296035027462019     -0.030751758478111      
0.223369821143725       96.7622113531406        0.152551714510469       5.23380316525147        29.0526639070269        5.23380316525154        -0.0111326002578265     -0.0120323253671493     -0.0425068421716311     -0.044567028608893      
0.233113530652854       96.6638816253973        0.158661639181756       5.23356863441346        29.0372478882823        5.2335686344134         -0.0120323253671493     -0.0133348255096707     -0.030751758478111      -0.0454336091157997     
0.242851969620497       96.5980066945002        0.164689132433646       5.23330893883529        29.0266317918562        5.23330893883528        -0.0133348255096707     -0.0146617331941807     -0.044567028608893      -0.0483906076577252     
0.252581359876619       96.5551667273711        0.170586476886086       5.23302355777532        29.019403339526         5.23302355777538        -0.0146617331941807     -0.0160744463353363     -0.0454336091157997     -0.0429215309005512     
0.262312834040293       96.5276341762416        0.176372700901524       5.23271074842753        29.0143984047662        5.23271074842746        -0.0160744463353363     -0.0173272277914633     -0.0483906076577252     -0.0702586306745984     
0.272040572875934       96.5110302384659        0.182006252635775       5.23237360763826        29.0109682552917        5.23237360763826        -0.0173272277914633     -0.0193777970845585     -0.0429215309005512     -0.0532871251165527     
0.281768188710479       96.5020366313442        0.187543089343822       5.23199658534535        29.0085713233768        5.23199658534527        -0.0193777970845585     -0.0209330970515074     -0.0702586306745984     -0.0721094429255772     
0.291498030775573       96.4980247517198        0.192916765332711       5.23158923805886        29.0068390724508        5.23158923805884        -0.0209330970515074     -0.0230378531737629     -0.0532871251165527     -0.0782779942140303     
0.301229700653267       96.4975154248404        0.198156988276646       5.23114093001811        29.0055196639058        5.23114093001808        -0.0230378531737629     -0.0253226073972745     -0.0721094429255772     -0.077254383502247      
0.310955773798002       96.4993496298708        0.20323848074267        5.23064822958879        29.004429325477         5.23064822958888        -0.0253226073972745     -0.0275771743372456     -0.0782779942140303     -0.080797129241778      
0.320685835769316       96.5027196163371        0.20816165954029        5.23011172103877        29.0034482138913        5.23011172103871        -0.0275771743372456     -0.0299350243767577     -0.077254383502247      -0.0950904986098105     
0.33040924875362        96.5069913811688        0.212906179554708       5.22952935664367        29.002475312439         5.22952935664367        -0.0299350243767577     -0.0327101860920744     -0.080797129241778      -0.0943436849410848     
0.340140924088268       96.5124397190294        0.21748812298028        5.22889289199842        29.0015289837237        5.22889289199839        -0.0327101860920744     -0.0354642399720757     -0.0950904986098105     -0.0936014149720361     
0.349869539484205       96.5184460662621        0.22187921458492        5.22820261000396        29.0005169964594        5.22820261000399        -0.0354642399720757     -0.0381971749641161     -0.0943436849410848     -0.107470264531676      
0.359608973282413       96.5252721540602        0.226068133632157       5.22745900891942        28.9994799812612        5.22745900891949        -0.0381971749641161     -0.0413348833902544     -0.0936014149720361     -0.104605987279133      
0.369336363625252       96.5329755270641        0.230055044164055       5.22665454790378        28.9984055757443        5.22665454790378        -0.0413348833902544     -0.0443886356176882     -0.107470264531676      -0.120707045326963      
0.379066222453136       96.5415735729469        0.233820650166656       5.22579076774176        28.9973005605915        5.22579076774175        -0.0443886356176882     -0.0479124105670649     -0.104605987279133      -0.0985088106822311     
0.388798092252048       96.5508795211981        0.237390637343971       5.2248581928462         28.9961104832136        5.22485819284615        -0.0479124105670649     -0.0507891047472896     -0.120707045326963      -0.127090830660859      
0.398532816762559       96.5606188331384        0.240712715699589       5.22386925072945        28.9948284915845        5.2238692507294         -0.0507891047472896     -0.0545017959090912     -0.0985088106822311     -0.108928092726677      
0.408274579206474       96.5711953723528        0.243826373857328       5.22280757763319        28.9934696949681        5.22280757763312        -0.0545017959090912     -0.057684912660496      -0.127090830660859      -0.11786665429066       
0.418015526604111       96.5830055960086        0.246689498234087       5.22168364823486        28.9921225225651        5.2216836482348         -0.057684912660496      -0.0611300340133388     -0.108928092726677      -0.103333543539931      
0.427759750097937       96.5966385344876        0.249342658436403       5.22049236942856        28.9908610422245        5.22049236942848        -0.0611300340133388     -0.0641507114911959     -0.11786665429066       -0.123365594322185      
0.437505593516697       96.6130944248923        0.25174338940881        5.21924209016625        28.989858252028         5.21924209016631        -0.0641507114911959     -0.0677566841497645     -0.103333543539931      -0.0918713131131371     
0.44724911873971        96.6320446328815        0.253940173316428       5.21792185545471        28.9890340654067        5.21792185545464        -0.0677566841497645     -0.0704410980497661     -0.123365594322185      -0.12290478897184       
0.456986098570269       96.6471723803578        0.25588808842239        5.21655004333756        28.9874918792344        5.21655004333764        -0.0704410980497661     -0.0740308982449138     -0.0918713131131371     -0.0932020820598389     
0.466717811100253       96.6558271327493        0.257653863568634       5.21510883024078        28.9847850194496        5.21510883024083        -0.0740308982449138     -0.0767531621499875     -0.12290478897184       -0.101346027929908      
0.47645285427203        96.6654614119363        0.259165662177824       5.2136141513264         28.9820754249291        5.21361415132643        -0.0767531621499875     -0.0797145445741301     -0.0932020820598389     -0.0763593776093427     
0.486198738400164       96.6781921949366        0.260513290976221       5.21206074361818        28.9796655807482        5.2120607436182         -0.0797145445741301     -0.0819469766334487     -0.101346027929908      -0.0776395324788514     
0.495946187354198       96.6934178922871        0.261691566735225       5.2104631548442         28.9775053919333        5.21046315484423        -0.0819469766334487     -0.0842174932365263     -0.0763593776093427     -0.0740999224237384     
0.505696197647331       96.7100791427111        0.262706056460833       5.20882110996767        28.975435049515         5.20882110996766        -0.0842174932365263     -0.0863850073041165     -0.0776395324788514     -0.0731797934426111     
0.515444067756015       96.7273332328744        0.263535632227384       5.20713638610435        28.9733330382653        5.20713638610427        -0.0863850073041165     -0.0885262025401854     -0.0740999224237384     -0.0930550227233059     
0.525203323228885       96.7453684922164        0.264218719762614       5.2054092011388         28.9712280063326        5.20540920113872        -0.0885262025401854     -0.0912494807045923     -0.0731797934426111     -0.156766339991178      
0.534957817711689       96.7639754349583        0.264699733473028       5.20362877014595        28.9690583924482        5.20362877014597        -0.0912494807045923     -0.0958376321767974     -0.0930550227233059     -0.319358744473703      
0.544712940398201       96.7834144245513        0.264859356656205       5.20175892255536        28.9667622612044        5.20175892255538        -0.0958376321767974     -0.105185696726489      -0.156766339991178      -0.608120054631828      
0.554469356389351       96.8045558713879        0.264410538305101       5.19970606057255        28.9642088290442        5.19970606057247        -0.105185696726489      -0.122990646902407      -0.319358744473703      -1.27401449062204       
0.56423450311744        96.829921502934         0.262746853141863       5.19730492562711        28.9613140808932        5.19730492562706        -0.122990646902407      -0.160303477713235      -0.608120054631828      -2.58548898969155       
0.573993607410953       96.8635081674281        0.258667669191607       5.19417470818518        28.9576122481736        5.19417470818511        -0.160303477713235      -0.236054742545203      -1.27401449062204       -5.03678080711625       
0.583763895679958       96.9138547370212        0.24958502378045        5.18956302551434        28.9522755928704        5.1895630255144         -0.236054742545203      -0.383715163495663      -2.58548898969155       -8.99984581381726       
0.593537208010808       96.9968872357272        0.230814668065407       5.18206072965239        28.9437316254252        5.18206072965241        -0.383715163495663      -0.647797306218619      -5.03678080711625       -9.92972973947105       
0.603323758147052       97.1387113569666        0.194613491548957       5.16938258317552        28.9294303043578        5.16938258317556        -0.647797306218619      -0.939571302503747      -8.99984581381726       -9.42519369284638       
0.613119670944395       97.3462384723028        0.139034843396207       5.15096327462937        28.9086751481899        5.15096327462945        -0.939571302503747      -1.21710303551158       -9.92972973947105       -8.74275802952316       
0.622949194596991       97.6177946862181        0.0646463235736097      5.12704172166134        28.8816696808665        5.12704172166135        -1.21710303551158       -1.47524541944936       -9.42519369284638       -0.22919473137167       
0.63280323672375        97.951473637172         -0.0275188956688001     5.09795916693777        28.8488189516684        5.09795916693781        -1.47524541944936       -1.48203412999921       -8.74275802952316       10.2062490527092        
0.642693041152043       98.2906021420574        -0.121044292807599      5.06864741594536        28.8155168430441        5.06864741594529        -1.48203412999921       -1.17881213513943       -0.22919473137167       10.6497162787951        
0.652615498087132       98.5631363725245        -0.194714203876336      5.04526270461104        28.788797473722         5.04526270461098        -1.17881213513943       -0.861584606444801      10.2062490527092        9.21296404351009        
0.662555823228125       98.7638316201637        -0.247212098973216      5.02813329525544        28.7691301611162        5.02813329525544        -0.861584606444801      -0.586616297267221      10.6497162787951        10.6077213273999        
0.672515286575588       98.9020227845973        -0.281139019867504      5.01645117669325        28.7557869125253        5.01645117669334        -0.586616297267221      -0.269589830425116      9.21296404351009        9.34993902641023        
0.682484858509215       98.967021158679         -0.293434244530647      5.01107650093957        28.7498206978828        5.0110765009396         -0.269589830425116      0.0100624573457028      10.6077213273999        8.10707681342708        
0.692459237195056       98.9667285748753        -0.28656470995503       5.01127719678208        28.7503539151374        5.01127719678214        0.0100624573457028      0.252594303976338       9.34993902641023        3.10161239511559        
0.70243093388401        98.9076197477795        -0.263083858315921      5.01631496053881        28.756210130801         5.01631496053875        0.252594303976338       0.345373799142185       8.10707681342708        -1.8034506591986        
0.712401343598738       98.8250257986668        -0.233307083523995      5.02320180837608        28.7639255638226        5.02320180837611        0.345373799142185       0.291439382026527       3.10161239511559        -5.15259729362562       
0.722369373453808       98.7552198431429        -0.207295233907325      5.02901170509918        28.7703886119858        5.0290117050991         0.291439382026527       0.137403427848226       -1.8034506591986        -5.39016171537103       
0.732333265286142       98.722899765006         -0.191877926615767      5.03174955048534        28.7735094173784        5.03174955048533        0.137403427848226       -0.0236676168697051     -5.15259729362562       -3.94651180307833       
0.7422886465889         98.730104085881         -0.187511020005357      5.03127817549912        28.7732114402746        5.03127817549905        -0.0236676168697051     -0.141558192385411      -5.39016171537103       -1.55171307981809       
0.752246898765033       98.7656458486468        -0.191243376711791      5.02845940387688        28.770327325435         5.02845940387685        -0.141558192385411      -0.187905226376296      -3.94651180307833       1.65289513716397        
0.762199929982786       98.8060236113152        -0.198196589075142      5.02471793183984        28.765500129309         5.02471793183979        -0.187905226376296      -0.138532121289323      -1.55171307981809       4.86107972025196        
0.772158584739373       98.8303988728338        -0.201822614689451      5.02195905905561        28.7611490535846        5.02195905905557        -0.138532121289323      0.00670834666271931     1.65289513716397        4.660347457544          
0.782118324693696       98.8235587679609        -0.195558146788902      5.02209270534787        28.7605364346441        5.02209270534783        0.00670834666271931     0.145981661355314       4.86107972025196        1.93784561798603        
0.792084968177495       98.7865247002165        -0.179818732644141      5.02500147050127        28.7634731295411        5.02500147050134        0.145981661355314       0.203889575405855       4.660347457544          -0.960877855603811      
0.80204304483267        98.7371120925727        -0.160188046522296      5.02906283531012        28.7678970639904        5.02906283531009        0.203889575405855       0.17518560624309        1.93784561798603        -2.96248848351622       
0.811999114745273       98.6948928791149        -0.142571568726218      5.03255083175717        28.7717183257267        5.03255083175715        0.17518560624309        0.0867231821510702      -0.960877855603811      -3.32910143355976       
0.82194948081005        98.6735047171262        -0.131034119351167      5.03427695060665        28.7735338587681        5.03427695060667        0.0867231821510702      -0.0126649653771428     -2.96248848351622       -2.9834150795435        
0.831900232104934       98.6752803608798        -0.126316942150963      5.03402490350388        28.7730724433134        5.03402490350388        -0.0126649653771428     -0.101730261583147      -3.32910143355976       -1.19916214444259       
0.841850620351098       98.6980334771281        -0.127726490258706      5.03200017500516        28.770601943928         5.03200017500519        -0.101730261583147      -0.137536155901709      -2.9834150795435        0.814527050417461       
0.851804917638552       98.7293154734007        -0.131638183791096      5.0292620332132         28.7673309466225        5.02926203321319        -0.137536155901709      -0.113208424111096      -1.19916214444259       2.25058130321266        
0.86176298181943        98.7547818948467        -0.133950278160883      5.0270074911743         28.7645913226278        5.02700749117423        -0.113208424111096      -0.0459783103022516     0.814527050417461       2.72321040041338        
0.871722490323313       98.7643231914456        -0.131735134199446      5.02609178015187        28.7633607495365        5.02609178015195        -0.0459783103022516     0.0353702112885198      2.25058130321266        1.64975497118645        
0.881677713378147       98.7549007015332        -0.124037155393614      5.02679612486398        28.7640038983274        5.02679612486404        0.0353702112885198      0.0846476131931668      2.72321040041338        -0.0637532344497991     
0.891634759307392       98.734215404536         -0.113044788418666      5.028481641849          28.7658127408235        5.02848164184899        0.0846476131931668      0.0827433574374829      1.64975497118645        -1.08385821972627       
0.901589768350011       98.7141724405979        -0.102248797361909      5.03012931268986        28.7676048235793        5.03012931268984        0.0827433574374829      0.0503640830839544      -0.0637532344497991     -1.79337588180729       
0.911548761480875       98.7019042001117        -0.0937141857321881     5.03113246747553        28.7686853720859        5.03113246747558        0.0503640830839544      -0.00321511293535645    -1.08385821972627       -2.13159793593705       
0.92151188446981        98.7020932533155        -0.0888860101450793     5.03106842511           28.7685298216361        5.03106842510995        -0.00321511293535645    -0.0668943392051585     -1.79337588180729       -1.3310971920957        
0.931464975716249       98.716638453799         -0.0884718048176248     5.02973636611157        28.7668404698697        5.02973636611163        -0.0668943392051585     -0.106654530295454      -2.13159793593705       -0.0826753596268978     
0.941421431700949       98.7406541987289        -0.0908472494004595     5.02761264705215        28.7642649198542        5.02761264705215        -0.106654530295454      -0.109124150665658      -1.3310971920957        1.08290725405039        
0.95137969199456        98.765315494728         -0.0934697429641001     5.02543927315804        28.7616380882896        5.02543927315799        -0.109124150665658      -0.076770039121237      -0.0826753596268978     1.75419384131425        
0.961339765776782       98.7824843347129        -0.0939619345313467     5.02391003498538        28.7597610771818        5.02391003498531        -0.076770039121237      -0.0243509631428439     1.08290725405039        1.4863561693271         
0.971300810657952       98.7874764284029        -0.0909540256376289     5.02342489126593        28.7590990828927        5.02342489126585        -0.0243509631428439     0.020066486957819       1.75419384131425        0.569267991408872       
0.981264604467426       98.7823533374878        -0.0849842904164509     5.02382467368934        28.7594976782155        5.02382467368934        0.020066486957819       0.0370765658329306      1.4863561693271         -0.430483806461219      
0.991221753078377       98.7750581605862        -0.0779183255160214     5.02456317205942        28.7605493558946        5.02456317205944        0.0370765658329306      0.0242144108796367      0.569267991408872       -1.07457499028424       
1.00118005754419        98.7743725355569        -0.0717824672940316     5.02504547227292        28.7618298411396        5.02504547227299        0.0242144108796367      -0.00789574640219368    -0.430483806461219      -1.26221010579343       
1.01114209992663        98.781349658749         -0.0678916995334343     5.02488815741235        28.7623954169751        5.02488815741229        -0.00789574640219368    -0.0456295432465973     -1.07457499028424       -0.987961430886196      
1.02110771307301        98.7923938903192        -0.0666448971459006     5.02397853945075        28.7613996751992        5.02397853945072        -0.0456295432465973     -0.07517645852643       -1.26221010579343       -0.386435539558788      
1.03108413832202        98.8077962121546        -0.0674996365153696     5.02247928598431        28.7593494875813        5.0224792859844         -0.07517645852643       -0.0867355670997569     -0.987961430886196      0.453474863064316       
1.04105192353033        98.8270454622894        -0.0692457756721716     5.02074968277207        28.757197857061         5.0207496827721         -0.0867355670997569     -0.0731727289313449     -0.386435539558788      1.1037122361093         
1.05102214158921        98.8445495804026        -0.0701448800001313     5.01929086860957        28.7555659864527        5.01929086860948        -0.0731727289313449     -0.0401677120779578     0.453474863064316       1.1739827709383         
1.06098708568753        98.8507600804127        -0.0688411097087572     5.01849013966848        28.7541754869992        5.01849013966851        -0.0401677120779578     -0.00505838461975059    1.1037122361093         0.644795734648409       
1.07095626247295        98.8453763279144        -0.0651775205780733     5.01838928262064        28.753103519464         5.01838928262071        -0.00505838461975059    0.0142286097813957      1.1739827709383         -0.0633862049502086     
1.08093014117034        98.8389214513771        -0.0602350676711309     5.0186730683903         28.7529776196243        5.01867306839023        0.0142286097813957      0.0123321659840102      0.644795734648409       -0.637177330049482      
1.09090266546572        98.835106002125         -0.0554776791190969     5.01891906235923        28.7531272949674        5.0189190623593         0.0123321659840102      -0.00673247940250962    -0.0633862049502086     -0.885381253829772      
1.10087842811192        98.8362580916962        -0.0521087343948759     5.0187847677829         28.7529101893839        5.01878476778287        -0.00673247940250962    -0.0332214714944319     -0.637177330049482      -0.715617528029105      
1.11084891615315        98.8438757324063        -0.050662960068101      5.01812219767805        28.7521201223295        5.01812219767799        -0.0332214714944319     -0.0546307311945704     -0.885381253829772      -0.233821299090585      
1.1208202422858         98.8563314591189        -0.0507992952481137     5.0170326392897         28.7508098880374        5.01703263928967        -0.0546307311945704     -0.0616270280297171     -0.715617528029105      0.327013153676351       
1.13079521493328        98.87023408624          -0.0515362701449659     5.01580314015835        28.7493081249489        5.01580314015831        -0.0616270280297171     -0.0518397008135049     -0.233821299090585      0.740069016029382       
1.14077523911143        98.8820255515645        -0.0516985314148111     5.01476861096899        28.7480572655214        5.01476861096891        -0.0518397008135049     -0.0296862973125722     0.327013153676351       0.77335292957911        
1.15075284002341        98.889005778683         -0.0503904929906055     5.01417616920648        28.7473736821295        5.01417616920643        -0.0296862973125722     -0.00653455756081337    0.740069016029382       0.411140537994912       
1.16073109708364        98.8905854711644        -0.0475061808970791     5.01404575235395        28.7472294325757        5.01404575235396        -0.00653455756081337    0.00577355866086333     0.77335292957911        -0.0788627722633614     
1.17071302877701        98.8893165476172        -0.0438057643734043     5.01416098443995        28.7473753239896        5.0141609844399         0.00577355866086333     0.00341279446500225     0.411140537994912       -0.41900381174285       
1.18068808687085        98.8890309025963        -0.0403542559292878     5.01422908673898        28.7475290274726        5.01422908673897        0.00341279446500225     -0.00912925050207944    -0.0788627722633614     -0.517203600796263      
1.19066603050268        98.8918185400679        -0.0378955229896775     5.01404691697883        28.7474119955536        5.01404691697889        -0.00912925050207944    -0.0246113312156547     -0.41900381174285       -0.416415842744395      
1.20064411383123        98.898627436118         -0.0366459551001163     5.01355573121205        28.7469934773289        5.0135557312121         -0.0246113312156547     -0.0370791501160088     -0.517203600796263      -0.128646403515045      
1.21062541993956        98.9083060084718        -0.036379094228593      5.01281552846048        28.7462777953653        5.01281552846041        -0.0370791501160088     -0.0409315965807947     -0.416415842744395      0.209311321536645       
1.22061027551316        98.9187741183489        -0.0364520281374381     5.01199827530495        28.7454554459322        5.01199827530488        -0.0409315965807947     -0.0346628709119016     -0.128646403515045      0.457168095660231       
1.23059188848899        98.9275082414413        -0.0360928111516181     5.01130618914116        28.7447396441693        5.0113061891411         -0.0346628709119016     -0.0209702137362        0.209311321536645       0.466775259898809       
1.24057622719195        98.9334793881014        -0.034734706671079      5.01088746011314        28.744406158741         5.01088746011307        -0.0209702137362        -0.00698844577727577    0.457168095660231       0.251482974562457       
1.25056153625581        98.9357286805646        -0.0323771768981324     5.01074789396569        28.7443326044196        5.01074789396574        -0.00698844577727577    0.000545163442062052    0.466775259898809       -0.041928452326705      
1.26054854986696        98.9363873097145        -0.0295563464746146     5.01075878192238        28.7444595114672        5.0107587819224         0.000545163442062052    -0.000710776227046343   0.251482974562457       -0.262202416692644      
1.2705330389423         98.9374574789398        -0.0269882311589034     5.01074458900642        28.7445742623035        5.01074458900634        -0.000710776227046343   -0.00856381654438037    -0.041928452326705      -0.311942969113564      
1.28051343085705        98.9416739902901        -0.0251925742736343     5.01057361629789        28.7446963585776        5.01057361629788        -0.00856381654438037    -0.0179064557421207     -0.262202416692644      -0.223519900728291      
1.29049724974834        98.949407268561         -0.0242495729794776     5.01021607110395        28.7447940365774        5.01021607110402        -0.0179064557421207     -0.0246014284412709     -0.311942969113564      -0.0473206505940803     
1.30048400100418        98.9598021067968        -0.023870434320384      5.00972477165494        28.7448943875978        5.00972477165487        -0.0246014284412709     -0.0260189606771911     -0.223519900728291      0.163755846559259       
1.31046740502085        98.9737679071632        -0.0235609396322928     5.00920515725299        28.7454317713651        5.009205157253          -0.0260189606771911     -0.0211125758416022     -0.0473206505940803     0.289395664089276       
1.32045505693682        98.9902836652095        -0.0228061565398976     5.00878340171085        28.7466197941297        5.0087834017108         -0.0211125758416022     -0.0124386158639671     0.163755846559259       0.28266421223128        
1.33044936527711        99.0010220801129        -0.0213601670912729     5.00853478936154        28.747465490329         5.00853478936156        -0.0124386158639671     -0.00396351864236072    0.289395664089276       0.148013572999264       
1.34044737548494        99.0042366531012        -0.0193570936512998     5.00845555095256        28.7477047962977        5.00845555095258        -0.00396351864236072    0.000474635564817209    0.28266421223128        -0.0361028188717763     
1.35044091769492        99.0042217205942        -0.0172307053724876     5.00846503826222        28.7477298561109        5.00846503826217        0.000474635564817209    -0.00060766675001843    0.148013572999264       -0.170300380792567      
1.36043306159739        99.0048597601315        -0.0154592683953798     5.00845289552695        28.7477876405841        5.00845289552702        -0.00060766675001843    -0.00571233625550924    -0.0361028188717763     -0.201234731303402      
1.3704203445253         99.0059990452278        -0.0143196863590291     5.00833875355867        28.7476254628971        5.00833875355875        -0.00571233625550924    -0.0117447282095567     -0.170300380792567      -0.122588258460931      
1.38041695736181        99.0068335850099        -0.0137483627479277     5.00810400957003        28.7470729017733        5.00810400957001        -0.0117447282095567     -0.0154194036353576     -0.201234731303402      0.00588306609641822     
1.39041080739264        99.0082986201132        -0.0133752474132864     5.00779587120401        28.746401196345         5.00779587120399        -0.0154194036353576     -0.0152430790377776     -0.122588258460931      0.123315980022231       
1.40039410586353        99.0094981179984        -0.0127781990065252     5.00749137063258        28.7457013434629        5.0074913706325         -0.0152430790377776     -0.0115473534878083     0.00588306609641822     0.190689165359897       
1.41038629191615        99.0112816906937        -0.0116977922625227     5.00726064313752        28.745297993365         5.00726064313754        -0.0115473534878083     -0.00583244121633363    0.123315980022231       0.172133613284466       
1.42038059101752        99.0119125460559        -0.0101221933769647     5.00714409907897        28.7450550426651        5.00714409907896        -0.00583244121633363    -0.000675657278680413   0.190689165359897       0.0731391656599395      
1.43036388158057        99.0087915228654        -0.00831976367201457    5.00713060972514        28.7445632733692        5.00713060972508        -0.000675657278680413   0.00151352732534746     0.172133613284466       -0.0304758145266451     
1.44033257604654        99.0013626083198        -0.00669343914828422    5.00716079396122        28.7435714958179        5.00716079396128        0.00151352732534746     0.000601924492692114    0.0731391656599395      -0.0942121625541041     
1.45029784468591        98.9942382819666        -0.00550595702026551    5.00717279413531        28.7425716983714        5.00717279413528        0.000601924492692114    -0.00221498041437355    -0.0304758145266451     -0.106985839919235      
1.46027130179305        98.9748044631907        -0.00474912797312832    5.00712864380094        28.739623589574         5.00712864380093        -0.00221498041437355    -0.00541143202540141    -0.0942121625541041     -0.074071256074505      
1.47022433315255        98.8910838066878        -0.0041712294563466     5.00702091317152        28.7271568597347        5.00702091317153        -0.00541143202540141    -0.0076214807824459     -0.106985839919235      -5.35160204433694e-05   
1.48016075443004        98.6965648740589        -0.00343821699028021    5.00686944729926        28.6984556849701        5.00686944729923        -0.0076214807824459     -0.00762307429781353    -0.074071256074505      0.0926941559390474      
1.49008197865103        98.3732702663004        -0.00232587051709782    5.00671826884389        28.6509816413622        5.0067182688439         -0.00762307429781353    -0.0048685558667101     -5.35160204433694e-05   0.0926941559390474      
1.49996649129334        98.0406759230133        -0.000834089062646336   5.00662193287366        28.6022318007388        5.00662193287369        -0.0048685558667101     -0.0048685558667101     0.0926941559390474      0.0926941559390474      
