x                       V                     vel                       p                      cs                  dd1[i]             dd2_left[i]            dd2_right[i]             dd3_left[i]            dd3_right[i]
-1.50013386429673       98.190701800046         0.000967372610513274    5.01116864100959        28.6371019745107        5.01120112237995        0.00299130312966727     0.00299130312966727     0.0494495987111679      0.0494495987111679      
-1.49026285780936       98.4960719331291        0.00295162315847436     5.01120112237995        28.6816906237328        5.01120112237995        0.00299130312966727     0.00299130312966727     0.0494495987111679      0.0494495987111679      
-1.48035188369327       98.7832438788371        0.00495323372453008     5.01126039503882        28.7236417649143        5.01126039503882        0.00299130312966727     0.00446287239199011     0.0494495987111679      0.0468704978496839      
-1.47041484686514       98.9537837600417        0.00696481031624764     5.01134906330933        28.7486797249543        5.01134906330933        0.00446287239199011     0.00586080062504385     0.0494495987111679      0.0361806958458213      
-1.460463929669         99.0301881180905        0.00898891607934138     5.0114657010255         28.7601110081282        5.0114657010255         0.00586080062504385     0.00694134833044208     0.0468704978496839      0.0364805344294153      
-1.45050014468957       99.0484070729774        0.011038290826406       5.0116039819385         28.7631532604824        5.0116039819385         0.00694134833044208     0.00803164012190516     0.0361806958458213      0.0405195975699195      
-1.44053596542954       99.0517902438541        0.0131135380375207      5.01176404927898        28.7641038263803        5.01176404927898        0.00803164012190516     0.00924320520058764     0.0364805344294153      0.044355488484778       
-1.4305689175191        99.0540007379089        0.015217192091618       5.01194832862392        28.7649536021955        5.01194832862392        0.00924320520058764     0.0105700640471562      0.0405195975699195      0.0414159182159382      
-1.42059371993765       99.0541561648851        0.0173452495855252      5.01215918643445        28.7655812495982        5.01215918643446        0.0105700640471562      0.0118095411976881      0.044355488484778       0.0445601568769998      
-1.41061399500895       99.0535318003749        0.0195065765892578      5.01239486273769        28.7661668727988        5.01239486273769        0.0118095411976881      0.0131434135080774      0.0414159182159382      0.0441922477216372      
-1.40063577889348       99.0520641449991        0.0216978640619194      5.01265716230771        28.7667064149337        5.01265716230771        0.0131434135080774      0.0144663780628367      0.0445601568769998      0.0459254728880278      
-1.39065847371573       99.0501379587697        0.0239100542102836      5.01294587656469        28.7672551307205        5.01294587656469        0.0144663780628367      0.0158413217735934      0.0441922477216372      0.0436302149987598      
-1.38067609048766       99.0480609549425        0.0261569000489396      5.01326208241891        28.7678607802333        5.01326208241891        0.0158413217735934      0.0171475540005184      0.0459254728880278      0.046827039158          
-1.37069651180202       99.0470090019218        0.0284291330610043      5.01360432809798        28.7686899544509        5.01360432809798        0.0171475540005184      0.0185494294247733      0.0436302149987598      0.0463471479333205      
-1.36072032663621       99.0439828945188        0.0307188971473478      5.01397450655042        28.7693125065677        5.01397450655042        0.0185494294247733      0.0199370428603426      0.046827039158          0.0450051540930746      
-1.35073962454607       99.0384326978001        0.0330302825993443      5.01437248347603        28.7696481187623        5.01437248347604        0.0199370428603426      0.0212846996438345      0.0463471479333205      0.0454314846716848      
-1.34075384828496       99.0322138052304        0.0353837016735323      5.0147974549638         28.7699639018978        5.0147974549638         0.0212846996438345      0.0226451209607683      0.0450051540930746      0.0479255198777073      
-1.33077399251958       99.0240864954653        0.0377794420903559      5.01524947924455        28.7700798929794        5.01524947924455        0.0226451209607683      0.0240798311341928      0.0454314846716848      0.0441902480757791      
-1.32079703683833       99.0106764842647        0.0402139223282682      5.01572995447958        28.7695097819263        5.01572995447958        0.0240798311341928      0.0254022239946341      0.0479255198777073      0.041871651408359       
-1.31082394312938       98.993166294096         0.0426834814721059      5.01623664215527        28.7684186822812        5.01623664215527        0.0254022239946341      0.0266548922131492      0.0441902480757791      0.046401421663786       
-1.30085391185143       98.978651893433         0.0452024827033949      5.01676818955287        28.7678336649287        5.01676818955288        0.0266548922131492      0.0280428030429605      0.041871651408359       0.0400469804919025      
-1.29088340298214       98.9672705106157        0.0477783875383514      5.01732734600639        28.7677826944345        5.0173273460064         0.0280428030429605      0.0292405691807774      0.046401421663786       0.0360124972507769      
-1.28091566722306       98.9572694047326        0.0504110362215724      5.01791036654711        28.7680003937014        5.0179103665471         0.0292405691807774      0.0303177003546789      0.0400469804919025      0.0340662224644161      
-1.27094413790208       98.9483222794934        0.0531026902752613      5.01851492589686        28.7684327070515        5.01851492589685        0.0303177003546789      0.0313366163635386      0.0360124972507769      0.0395744357118783      
-1.26097332237375       98.9398778010042        0.0558746362754267      5.01913978521404        28.7689959567366        5.01913978521404        0.0313366163635386      0.0325201647318761      0.0340662224644161      0.0424777263087813      
-1.25100602406114       98.9310559571057        0.0587150288547759      5.01978809809336        28.7695712291444        5.01978809809337        0.0325201647318761      0.033790419399077       0.0395744357118783      0.0506570620165214      
-1.2410399973904        98.9221800303272        0.061616208969845       5.0204617087691         28.7702107798507        5.02046170876911        0.033790419399077       0.0353052950918916      0.0424777263087813      0.0443247090496998      
-1.2310694280595        98.9127338728204        0.0645781629747622      5.02116562110822        28.7708538516567        5.02116562110823        0.0353052950918916      0.0366308058162257      0.0506570620165214      0.0439779307533091      
-1.22110085592638       98.9030041826418        0.0675996830308015      5.02189590228748        28.7715308197974        5.02189590228748        0.0366308058162257      0.0379458006985984      0.0443247090496998      0.0401520911863536      
-1.21113605441073       98.8929750242463        0.070676273402923       5.02265222562712        28.7722383877358        5.02265222562712        0.0379458006985984      0.0391461183671272      0.0439779307533091      0.0419504204805322      
-1.20117088102439       98.883006307458         0.0738214923933081      5.02343231336507        28.7730223510254        5.02343231336507        0.0391461183671272      0.0403999717383656      0.0401520911863536      0.0459739190082132      
-1.19121085232498       98.872849924649         0.0770347104033628      5.02423724026397        28.7738496625684        5.02423724026397        0.0403999717383656      0.0417738533738038      0.0419504204805322      0.0554526288788397      
-1.18124818895262       98.8626611004221        0.0803212403117503      5.02506943117324        28.7747498158881        5.02506943117324        0.0417738533738038      0.0434307901655166      0.0459739190082132      0.0572944116062714      
-1.17129087525999       98.8522184279939        0.0836689419633016      5.02593452364101        28.7757066908807        5.02593452364101        0.0434307901655166      0.0451425400708245      0.0554526288788397      0.0489878452343528      
-1.16133041660217       98.8414138105582        0.0870628005577825      5.02683360037118        28.7767075963387        5.02683360037119        0.0451425400708245      0.0466059596856515      0.0572944116062714      0.0445378945608254      
-1.1513758544726        98.8303214458273        0.0905044629474684      5.02776172219359        28.7777491347458        5.02776172219359        0.0466059596856515      0.0479363080343568      0.0489878452343528      0.0322519695634482      
-1.14141697645189       98.8188590673304        0.0940029705786281      5.028716254977          28.7788117339292        5.028716254977          0.0479363080343568      0.0488995894136408      0.0445378945608254      0.041796357471579       
-1.13146425082825       98.8074064452312        0.0975683607312358      5.02968987738785        28.7799296967095        5.02968987738785        0.0488995894136408      0.0501477779364423      0.0322519695634482      0.0482314516390959      
-1.1215072882396        98.7957484619469        0.10119925489024        5.03068820781649        28.7810877362757        5.03068820781648        0.0501477779364423      0.0515879052946745      0.041796357471579       0.043069859279344       
-1.11155839906238       98.7840446255862        0.104882062168623       5.03171500488688        28.7823197925966        5.03171500488687        0.0515879052946745      0.0528737980581715      0.0482314516390959      0.0287753534427708      
-1.10160547328479       98.7722657236149        0.108613986081241       5.03276735483593        28.7836132344137        5.03276735483591        0.0528737980581715      0.0537328731342006      0.043069859279344       0.0390872237347005      
-1.09165411013645       98.7604656702601        0.11240680960129        5.03383683445048        28.7849517942517        5.03383683445047        0.0537328731342006      0.0548997586998723      0.0287753534427708      0.0331066830380089      
-1.08170248773678       98.7487635695106        0.116245683406609       5.03492940722981        28.7863698540273        5.0349294072298         0.0548997586998723      0.055887852221031       0.0390872237347005      0.0172469343526122      
-1.07175463369906       98.7389122707699        0.120136089302329       5.0360412540918         28.7881120018822        5.03604125409182        0.055887852221031       0.0564024481080641      0.0331066830380089      0.00278506759247829     
-1.06181346567805       98.7323674921985        0.124093474257609       5.0371629414213         28.790363626582         5.03716294142128        0.0564024481080641      0.0564855265632489      0.0172469343526122      0.013508166681952       
-1.05186923577832       98.7223332413142        0.128147634889376       5.03828618148351        28.7921102437665        5.0382861814835         0.0564855265632489      0.0568884503929171      0.00278506759247829     0.037052907418045       
-1.04192796543927       98.7083860128795        0.132271021238566       5.03941743485304        28.7933082920178        5.03941743485302        0.0568884503929171      0.0579937672187801      0.013508166681952       0.0467323542583555      
-1.0319838031929        98.6957339934509        0.136418955103791       5.04057081615303        28.7947575218763        5.04057081615305        0.0579937672187801      0.0593879258287229      0.037052907418045       0.0351424703807991      
-1.02203735465543       98.6837212791202        0.14057552745272        5.04175204904271        28.7963786486589        5.04175204904272        0.0593879258287229      0.0604362254060354      0.0467323542583555      0.0195553806186804      
-1.01209417672514       98.6692396245848        0.144760021245963       5.04295380438791        28.7976971689538        5.04295380438793        0.0604362254060354      0.061019300242957       0.0351424703807991      0.00515055066917828     
-1.0021576097855        98.6501096335242        0.149006611103414       5.04416636652146        28.7983669984682        5.04416636652145        0.061019300242957       0.0611727799685179      0.0195553806186804      0.00724881620937241     
-0.992230360829987      98.6312639659806        0.153340346015705       5.04538118634515        28.7990834228974        5.04538118634515        0.0611727799685179      0.0613887054927588      0.00515055066917828     0.0228322044307436      
-0.98230376614901       98.6159196585763        0.157762608548262       5.04660010739095        28.8003214895085        5.04660010739093        0.0613887054927588      0.062068765844627       0.00724881620937241     0.042893007373245       
-0.97237263094516       98.6019787787422        0.162229698900163       5.0478326823396         28.8018023458802        5.0478326823396         0.062068765844627       0.0633463346408953      0.0228322044307436      0.0615522364049432      
-0.962445064366339      98.5879170232386        0.166676609419665       5.04909049655989        28.8033364652335        5.04909049655989        0.0633463346408953      0.0651794582294797      0.042893007373245       0.0430609859986007      
-0.952519035957676      98.5735692103427        0.171057061631187       5.05038445487711        28.8049307585139        5.05038445487711        0.0651794582294797      0.0664617201055334      0.0615522364049432      0.00241980868889318     
-0.942594177224715      98.558873080667         0.175427454194576       5.0517037873397         28.8065453331223        5.0517037873397         0.0664617201055334      0.0665337716712292      0.0430609859986007      -0.0346924252320919     
-0.932667897316962      98.5441562162342        0.179889391783085       5.05302450164151        28.808159603783         5.05302450164151        0.0665337716712292      0.0655008836273238      0.00241980868889318     -0.0276512773212202     
-0.922744746706787      98.5299048460445        0.184512032504864       5.05432450789093        28.8097816960237        5.0543245078909         0.0655008836273238      0.0646776983410547      -0.0346924252320919     0.0135817935022176      
-0.912823016020911      98.5154962572196        0.18927891026144        5.05560807104381        28.8113327818784        5.05560807104382        0.0646776983410547      0.0650819678584396      -0.0276512773212202     0.0698873144900222      
-0.902898569543974      98.5010607596905        0.194107666095973       5.05689949947542        28.8129011860277        5.05689949947544        0.0650819678584396      0.067161809455887       0.0135817935022176      0.0922340641909844      
-0.892982979809701      98.4862613795386        0.198856708486536       5.05823177764894        28.814531547231         5.05823177764894        0.067161809455887       0.0699059475457884      0.0698873144900222      0.0631917285478345      
-0.883064922622197      98.4711251091643        0.203471530462751       5.05961814371653        28.8162654078823        5.05961814371653        0.0699059475457884      0.0717856164443464      0.0922340641909844      0.00317821106092995     
-0.873152875183337      98.4555625466111        0.207990848324929       5.06104155673204        28.8180410373961        5.06104155673205        0.0717856164443464      0.0718801448975878      0.0631917285478345      -0.0646738122866082     
-0.863237695152881      98.4401395552576        0.21255136081592        5.06246676809636        28.8198408261062        5.06246676809639        0.0718801448975878      0.0699568680326192      0.00317821106092995     -0.0913157301663533     
-0.853324885864479      98.4249360913757        0.217308491869941       5.06385362768005        28.8215622315565        5.06385362768006        0.0699568680326192      0.067241906293101       -0.0646738122866082     -0.0163721084416725     
-0.843416694381917      98.4101123614296        0.22231711126887        5.06518620048766        28.8231834675247        5.06518620048765        0.067241906293101       0.066755247358042       -0.0913157301663533     0.0873771382916235      
-0.833510698370935      98.3955712907604        0.227434158295838       5.06650891420336        28.8248168269048        5.06650891420336        0.066755247358042       0.069352049326785       -0.0163721084416725     0.149837885324589       
-0.82360212554363       98.3805993858988        0.232475843938133       5.06788294288313        28.8265318048731        5.06788294288314        0.069352049326785       0.0738046770762762      0.0873771382916235      0.142320294788467       
-0.813700520914934      98.3648424124637        0.237316155446749       5.06934494097873        28.8283805838908        5.06934494097873        0.0738046770762762      0.0780334154586558      0.149837885324589       0.00427437356279529     
-0.803794269197464      98.3482619014772        0.241944500435594       5.07089060649507        28.8303450505805        5.07089060649507        0.0780334154586558      0.0781604039361111      0.142320294788467       -0.116436736903746      
-0.793892899526255      98.3320333354884        0.246599489132659       5.07243859926626        28.8323661138909        5.07243859926624        0.0781604039361111      0.0747019348092894      0.00427437356279529     -0.152492775274626      
-0.783991226024062      98.3176781112764        0.251534669565316       5.07391760412226        28.8344642677598        5.07391760412227        0.0747019348092894      0.0701744224303558      -0.116436736903746      -0.0839361791611913     
-0.774098444728444      98.3067915910253        0.256829533717818       5.07530625003131        28.8368130977996        5.07530625003131        0.0701744224303558      0.0676834240199454      -0.152492775274626      0.0839552874209689      
-0.764208699324861      98.2994289963951        0.262359492428598       5.07664503245994        28.8395361702241        5.07664503245995        0.0676834240199454      0.0701745424420572      -0.0839361791611913     0.214967601054361       
-0.754320844320394      98.2869261874576        0.267806494404079       5.07803313420781        28.8416443081686        5.0780331342078         0.0701745424420572      0.0765540953961593      0.0839552874209689      0.235703221540574       
-0.744424894712342      98.2668807359067        0.272939774890525       5.07954798750476        28.8430042436765        5.07954798750477        0.0765540953961593      0.0835512360602019      0.214967601054361       0.117663364578504       
-0.734528626536297      98.2459335114803        0.277700200577546       5.08120182826952        28.8446244841386        5.08120182826951        0.0835512360602019      0.0870448328896583      0.235703221540574       -0.110514287935748      
-0.724628451868061      98.2260468570065        0.282292099577432       5.08292491111122        28.8465948449569        5.08292491111124        0.0870448328896583      0.0837645074084581      0.117663364578504       -0.273208998691837      
-0.714734371471736      98.2082439298499        0.287136692034756       5.08458212018967        28.8486822674491        5.08458212018966        0.0837645074084581      0.0756588517915865      -0.110514287935748      -0.231117697086808      
-0.704854418890569      98.1923202874598        0.292549191310149       5.08607798691191        28.8505863226917        5.0860779869119         0.0756588517915865      0.0688051569462137      -0.273208998691837      -0.0350635494773573     
-0.694965993037337      98.1762813705979        0.298504449362378       5.08743809621185        28.8520869837057        5.08743809621183        0.0688051569462137      0.0677657055970962      -0.231117697086808      0.228412562778004       
-0.685087699658098      98.1588062695295        0.304622297561304       5.08877718685756        28.8533156394418        5.08877718685758        0.0677657055970962      0.0745345405553492      -0.0350635494773573     0.399706011381839       
-0.675211522784749      98.1403701015877        0.310362268815726       5.09024931038798        28.8547786692496        5.09024931038802        0.0745345405553492      0.0863757606561396      0.228412562778004       0.329368788201926       
-0.665340389408037      98.1205477055942        0.31535265396867        5.09195502336824        28.8566981186097        5.09195502336826        0.0863757606561396      0.0961318368503273      0.399706011381839       0.0223811294530697      
-0.655463655978598      98.0995372333044        0.319749140207477       5.093853326174          28.8589862963571        5.09385332617397        0.0961318368503273      0.0967946936591881      0.329368788201926       -0.316268748878808      
-0.645594517866732      98.0786665426935        0.324163004339633       5.09576432819119        28.8613285188796        5.09576432819115        0.0967946936591881      0.0874287045615728      0.0223811294530697      -0.500097610100442      
-0.635723850259322      98.0601696079726        0.329263131469772       5.09749026562384        28.8634936676667        5.09749026562384        0.0874287045615728      0.0726196914445505      -0.316268748878808      -0.279576269279064      
-0.625852154855751      98.0450042001227        0.335411091064183       5.09892394844211        28.8653200207767        5.0989239484421         0.0726196914445505      0.0643411793100844      -0.500097610100442      0.0651250309420163      
-0.615981528338452      98.032054315496         0.342189517128983       5.10019402686226        28.8670082118246        5.10019402686225        0.0643411793100844      0.0662693043713241      -0.279576269279064      0.440005089379104       
-0.606114988406484      98.0182841302224        0.34891331088765        5.10150187489924        28.8686814230905        5.10150187489922        0.0662693043713241      0.0792936936435044      0.0651250309420163      0.669890049087463       
-0.596247991137623      98.0014925058792        0.354834698763766       5.10306649481929        28.8706348172047        5.10306649481925        0.0792936936435044      0.0991187871834424      0.440005089379104       0.423621057251867       
-0.58638460740295       97.9801936185687        0.359494560344479       5.10502188843565        28.8730275821557        5.10502188843562        0.0991187871834424      0.111652437771215       0.669890049087463       -0.144222654995141      
-0.576522812364224      97.9562302812739        0.363370348450997       5.10722386978731        28.8757221406641        5.10722386978731        0.111652437771215       0.107386718442474       0.423621057251867       -0.627510967111446      
-0.566666288199071      97.9332018150573        0.36757834839441        5.1093409697974         28.8783113638681        5.10934096979744        0.107386718442474       0.0888300786704779      -0.144222654995141      -0.73706887384533       
-0.55681167435335       97.9144837449364        0.373079779188473       5.11109204674559        28.8804991626399        5.11109204674556        0.0888300786704779      0.0670370874648393      -0.627510967111446      -0.47012005603441       
-0.546952110498832      97.9007819451114        0.380084368519757       5.11241345056444        28.8822112045045        5.11241345056443        0.0670370874648393      0.0531389239145056      -0.73706887384533       0.297249561601016       
-0.53710278435057       97.8902405045891        0.388050474589443       5.11346060196756        28.883613812949         5.11346060196755        0.0531389239145056      0.0619252778435739      -0.47012005603441       0.646324940822833       
-0.527249159764908      97.8776972741167        0.395486332273818       5.11468080245625        28.8852089957401        5.11468080245624        0.0619252778435739      0.0810285843701716      0.297249561601016       0.855019717413564       
-0.517396933664995      97.8609336870009        0.401682055361232       5.11627749820875        28.8872432334327        5.11627749820877        0.0810285843701716      0.106297567686221       0.646324940822833       0.612037271468707       
-0.507544331738891      97.8385932086918        0.406222632041725       5.11837164103177        28.8898563766423        5.11837164103181        0.106297567686221       0.124380384065397       0.855019717413564       -0.208903149211959      
-0.497700242566477      97.812372164997         0.409580830172347       5.12082104804361        28.8928957283502        5.12082104804359        0.124380384065397       0.118210524917995       0.612037271468707       -0.926518689396254      
-0.487855278370079      97.7884864878441        0.413373084200852       5.12314816383678        28.8959312301512        5.12314816383682        0.118210524917995       0.0908578290866792      -0.208903149211959      -1.19323548458274       
-0.478016900036546      97.7724742383927        0.418992625227702       5.12493601743099        28.8986065043998        5.12493601743102        0.0908578290866792      0.0556483325680074      -0.926518689396254      -0.920397434313286      
-0.468183650344945      97.7670037171651        0.426969281253524       5.1260303926937         28.9008832753368        5.12603039269368        0.0556483325680074      0.0284988085763863      -1.19323548458274       0.0521205989643909      
-0.458356702213538      97.7677956725038        0.436761393782384       5.1265907304361         28.9025799030072        5.12659073043612        0.0284988085763863      0.0300363907621431      -0.920397434313286      1.0168576870246         
-0.448520257433319      97.7610760921085        0.446467396559565       5.12718155739985        28.9032520191939        5.12718155739988        0.0300363907621431      0.060046145824718       0.0521205989643909      1.40865051605846        
-0.438679352195083      97.7430392264117        0.454187103612672       5.12836329859828        28.9039159706253        5.12836329859827        0.060046145824718       0.101629947870539       1.0168576870246         1.00144603769985        
-0.428836506679557      97.7177211407025        0.45914636349744        5.13036354229004        28.9058077779053        5.13036354229007        0.101629947870539       0.131190830481605       1.40865051605846        0.00291668417204346     
-0.418999829942965      97.6880608630836        0.462126198486893       5.13294489541991        28.9086905431174        5.13294489541992        0.131190830481605       0.131276906985464       1.00144603769985        -1.52893070838961       
-0.409163383318117      97.6594960052421        0.465091852346641       5.1355273755125         28.9117339274119        5.13552737551249        0.131276906985464       0.0861675636043949      0.00291668417204346     -2.10935456714153       
-0.399328941446174      97.6415541409771        0.471047130763726       5.13722205789172        28.9138474812057        5.13722205789168        0.0861675636043949      0.0239537467005187      -1.52893070838961       -1.49369829544397       
-0.389499693736978      97.6375607812869        0.481118469381923       5.13769295978569        28.914581345654         5.13769295978568        0.0239537467005187      -0.0200874749369114     -2.10935456714153       -0.444439882706074      
-0.379675032834372      97.6428975387004        0.494080584118707       5.13729818387864        28.9142606163525        5.13729818387862        -0.0200874749369114     -0.033189150735865      -1.49369829544397       1.3014624034013         
-0.369847924726698      97.6513043538306        0.507875241383943       5.13664594674504        28.9136696824492        5.13664594674508        -0.033189150735865      0.00517897094839726     -0.444439882706074      2.39264413449043        
-0.360022564219977      97.6510347661837        0.519078621289391       5.13674773885749        28.9139162582163        5.13674773885751        0.00517897094839726     0.0757207531300724      1.3014624034013         2.16501843412626        
-0.350190610202053      97.6353077506605        0.525565309054974       5.13823614671727        28.91577618649          5.13823614671729        0.0757207531300724      0.139542543347299       2.39264413449043        0.291235927212278       
-0.340366802784459      97.6056467869704        0.527767677249833       5.14097815471829        28.9190968597155        5.14097815471832        0.139542543347299       0.148125411348667       2.16501843412626        -2.19703842898259       
-0.330546414287546      97.5745156337673        0.52935511332315        5.14388772558029        28.9226656591325        5.14388772558033        0.148125411348667       0.0833956882853767      0.291235927212278       -3.8644405803591        
-0.320725762823309      97.5582973432607        0.535172834527032       5.14552563062596        28.9248658729237        5.14552563062595        0.0833956882853767      -0.0304502271218615     -2.19703842898259       -2.58625868272318       
-0.31090712503028       97.5679525255561        0.548454678756158       5.14492760797087        28.9246161772841        5.14492760797083        -0.0304502271218615     -0.106642412314737      -3.8644405803591        -1.08557058758377       
-0.301086352928201      97.5956617954199        0.566710418728553       5.14283307167967        28.9228340339702        5.14283307167965        -0.106642412314737      -0.138627839652156      -2.58625868272318       2.21431313129509        
-0.291265047462324      97.6324219891411        0.586998046522835       5.14010980307787        28.9206203646181        5.14010980307788        -0.138627839652156      -0.0733664334193573     -1.08557058758377       4.65485447570725        
-0.281439516976367      97.6573115672284        0.602860186623309       5.13866804338713        28.9202497151972        5.13866804338715        -0.0733664334193573     0.063846021230889       2.21431313129509        3.61846648288486        
-0.271608904557661      97.6559697515773        0.609510595557336       5.13992286436026        28.9235818369546        5.13992286436028        0.063846021230889       0.170507635797871       4.65485447570725        0.498881967462738       
-0.261787933293334      97.6380439920962        0.608965968260552       5.14327316039077        28.9303511644087        5.14327316039079        0.170507635797871       0.185211586705977       3.61846648288486        -3.05349557341516       
-0.25196258800499       97.6277907959549        0.607324499500253       5.14691220048487        28.9390643581211        5.14691220048485        0.185211586705977       0.0952142055544584      0.498881967462738       -6.08204262179306       
-0.242138219194974      97.6535054229732        0.611503103549419       5.14878319775404        28.9481354587703        5.14878319775401        0.0952142055544584      -0.0841111495991131     -3.05349557341516       -5.03947502822049       
-0.232311501172001      97.7422889970954        0.627407722237587       5.14712961130455        28.956640861054         5.14712961130456        -0.0841111495991131     -0.232821824454349      -6.08204262179306       -0.305926370608396      
-0.222470227467418      97.8967940197267        0.653052734362592       5.14254683578291        28.9666143551341        5.1425468357829         -0.232821824454349      -0.241863132847838      -5.03947502822049       2.35008694130358        
-0.212612259759743      98.0982044492714        0.679173584472836       5.13777732508134        28.9829470105744        5.13777732508133        -0.241863132847838      -0.172266023140494      -0.305926370608396      6.41982457197786        
-0.202729719254246      98.3440540271134        0.700516306693145       5.13437247420977        29.0096249544586        5.13437247420977        -0.172266023140494      0.0182990935781448      2.35008694130358        10.4761653893387        
-0.192822617923817      98.6259724460041        0.708893880644901       5.13473504507537        29.0522012095795        5.13473504507538        0.0182990935781448      0.330065947858676       6.41982457197786        8.98310974547615        
-0.182892167092151      98.937778050968         0.695985950097579       5.14129174364131        29.1166613650346        5.14129174364134        0.330065947858676       0.598186863879828       10.4761653893387        10.9039406315681        
-0.172930542667496      99.3122730819785        0.664533172830651       5.15321268121735        29.205515034167         5.15321268121731        0.598186863879828       0.92484059971856        8.98310974547615        9.61787996626517        
-0.16292734044778       99.7589453725978        0.610226222456211       5.1717200036948         29.323634760234         5.17172000369476        0.92484059971856        1.21432407289059        10.9039406315681        12.8557897761355        
-0.152872640026235      100.302003686447        0.535294292679421       5.1961474157652         29.4726991539459        5.19614741576518        1.21432407289059        1.60352761853782        9.61787996626517        3.24650060827498        
-0.142753129412386      100.925667053619        0.432341518123454       5.22861182923225        29.6563971915479        5.22861182923225        1.60352761853782        1.70251318961957        12.8557897761355        -5.70584775058491       
-0.132555607765591      101.707637665704        0.321020823147695       5.26334790428691        29.8697919186412        5.26334790428691        1.70251318961957        1.52711104308185        3.24650060827498        -10.1284443619841       
-0.122264515917736      102.712033663226        0.219964092132967       5.29477928963805        30.1064098556175        5.29477928963803        1.52711104308185        1.21277189181527        -5.70584775058491       -8.68523608303639       
-0.111879715910726      103.954489751401        0.13911670213465        5.31999400293414        30.3599863322195        5.31999400293411        1.21277189181527        0.94014889945227        -10.1284443619841       -9.38774790400466       
-0.101358452474591      105.394030211968        0.0758195831377587      5.33978535740603        30.6262822665945        5.33978535740606        0.94014889945227        0.641514344722473       -8.68523608303639       -9.61898172364375       
-0.0906831837257136     106.991686723709        0.0323761778226519      5.35348686235318        30.8971031343389        5.35348686235318        0.641514344722473       0.331029705295893       -9.38774790400466       -5.13231934283455       
-0.0798388550520801     108.694939610913        0.0108742184074921      5.36066360659308        31.1629322270614        5.36066360659308        0.331029705295893       0.162870843772908       -9.61898172364375       -2.72403211494855       
-0.0688426589290807     110.404151045787        0.00149431686431014     5.36424756209869        31.4174897706393        5.36424756209871        0.162870843772908       0.0722745199731976      -5.13231934283455       -1.20389294258408       
-0.0576695936572598     112.024918185973        -0.00169104832595854    5.36586202366467        31.6520208464445        5.36586202366469        0.0722745199731976      0.0316620777435726      -2.72403211494855       -0.444210339885725      
-0.046336104654099      113.457428577945        -0.00216133611779611    5.36657915811191        31.8558804498052        5.36657915811193        0.0316620777435726      0.0164910331250474      -1.20389294258408       -0.214014731328919      
-0.034876881531803      114.582455727469        -0.00175086230735571    5.36695679555991        32.0145563095519        5.36695679555994        0.0164910331250474      0.00911030812660728     -0.444210339885725      -0.11584389560752       
-0.0233296912613657     115.306566963554        -0.00113174282930895    5.36716715839678        32.1161854146853        5.36716715839674        0.00911030812660728     0.00508779237300572     -0.214014731328919      -0.0938324498337589     
-0.0117020167773638     115.617801680616        -0.000505525759183738   5.36728529887782        32.1598540432256        5.36728529887785        0.00508779237300572     0.00181692956273849     -0.11584389560752       -0.100015288989811      
-6.37925416639246e-05   115.673523807584        4.86040496169981e-05    5.36732758085292        32.1677295517028        5.36732758085295        0.00181692956273849     -0.0016738561796747     -0.0938324498337589     -0.0922118247535969     
0.0115743126318666      115.619617782777        0.000605162153472163    5.36728863093633        32.1601166052691        5.36728863093635        -0.0016738561796747     -0.00488804426122941    -0.100015288989811      -0.117068727298451      
0.0231990216918531      115.308069108418        0.00123016562606811     5.36717513833523        32.1164184846355        5.36717513833526        -0.00488804426122941    -0.00895284383881269    -0.0922118247535969     -0.219535137534382      
0.0347483123987302      114.583689680365        0.0018360428749157      5.36696841651058        32.014763353849         5.36696841651055        -0.00895284383881269    -0.0165231485937131     -0.117068727298451      -0.449337188464987      
0.0462051694693115      113.457906914705        0.00221453014370945     5.36659009688313        31.8559800681532        5.36659009688316        -0.0165231485937131     -0.0318661187668351     -0.219535137534382      -1.20606870475413       
0.0575348445387921      112.025006415729        0.00170595658958434     5.3658685616225         31.6520525938345        5.36586856162244        -0.0318661187668351     -0.0725424473033368     -0.449337188464987      -2.72518313641533       
0.0687040557385837      110.404268041975        -0.00151440733748889    5.36424846305679        31.417509055702         5.36424846305686        -0.0725424473033368     -0.16315802322624       -1.20606870475413       -5.13431630778438       
0.0797021813102568      108.695117502163        -0.0109273866815468     5.36065870190989        31.1629434717232        5.36065870190981        -0.16315802322624       -0.331350713274262      -2.72518313641533       -9.64525514354382       
0.0905402080516721      106.991845599744        -0.0324368416610333     5.35347671877886        30.8970968031359        5.35347671877889        -0.331350713274262      -0.642617590689027      -5.13431630778438       -9.42320848167515       
0.101215765956832       105.394333318779        -0.0759693803718983     5.33975463126008        30.6262381912285        5.33975463126007        -0.642617590689027      -0.942328953188178      -9.64525514354382       -8.76784514921713       
0.111733476493605       103.955397331751        -0.139455126392727      5.31991967407432        30.3599067711402        5.31991967407429        -0.942328953188178      -1.2175298885687        -9.42320848167515       -10.1718750983266       
0.122120232321137       102.714145647867        -0.220627393168675      5.29460614639532        30.106227120784         5.29460614639534        -1.2175298885687        -1.5332107488288        -8.76784514921713       -5.59211964626865       
0.13241078634132        101.71124175575         -0.322018889946098      5.26304892198017        29.8694727460402        5.26304892198024        -1.5332107488288        -1.70511853814155       -10.1718750983266       4.6726227886975         
0.142607810521862       100.929913035332        -0.433635872106752      5.22826037123059        29.6560242501242        5.22826037123051        -1.70511853814155       -1.56264876667755       -5.59211964626865       10.6524687803008        
0.152728055394957       100.296592148147        -0.53377493638412       5.19662215221686        29.4732503735427        5.19662215221684        -1.56264876667755       -1.24013046275078       4.6726227886975         10.8425390619297        
0.162783606433736       99.7595225989799        -0.61053593995628       5.17167351026853        29.3235877870296        5.17167351026853        -1.24013046275078       -0.913756517780291      10.6524687803008        9.23272959402234        
0.17278777130653        99.3103515138049        -0.664039876261952      5.1533861822583         29.2057241320503        5.15338618225824        -0.913756517780291      -0.637148155642276      10.8425390619297        11.2886630825017        
0.182750588344705       98.9448465549254        -0.698132661946685      5.1406880199925         29.115991806477         5.14068801999252        -0.637148155642276      -0.30020436611181       9.23272959402234        9.30256242302682        
0.192680160103205       98.6261981439271        -0.709021975696676      5.1347246136609         29.0522049410316        5.13472461366096        -0.30020436611181       -0.023368624185899      11.2886630825017        6.30153932104504        
0.202587177569244       98.3453922659692        -0.700982099696081      5.13426161367638        29.0095091419208        5.13426161367635        -0.023368624185899      0.163670564921305       9.30256242302682        2.81058980786506        
0.212469351235181       98.1014905090128        -0.680215719924904      5.13749626995904        28.9826396764073        5.13749626995896        0.163670564921305       0.24689312195656        6.30153932104504        -0.266001689545041      
0.222324413002396       97.8990301175948        -0.653768760960152      5.14236395492384        28.9664301016056        5.14236395492386        0.24689312195656        0.239032618792901       2.81058980786506        -5.25758195422321       
0.232163631158326       97.7431365169288        -0.627717266868594      5.14706858497381        28.9565947400326        5.14706858497386        0.239032618792901       0.0838854422437157      -0.266001689545041      -6.14794599764735       
0.241994049801214       97.6543905547159        -0.611816520865646      5.14871794779577        28.9480832218106        5.14871794779569        0.0838854422437157      -0.0973865538292824     -5.25758195422321       -3.13350605474466       
0.251818167367776       97.6291821223027        -0.607774262969066      5.14680428736353        28.9389671872507        5.1468042873636         -0.0973865538292824     -0.189741641583684      -6.14794599764735       0.539523637804613       
0.261639814441184       97.6403703239676        -0.609718746508111      5.14307659741722        28.9301429762669        5.14307659741725        -0.189741641583684      -0.173841241140215      -3.13350605474466       3.83587372134648        
0.271464673156601       97.6590974411867        -0.610483543914276      5.13966091225361        28.923307955247         5.13966091225356        -0.173841241140215      -0.0607772707810075     0.539523637804613       4.83732710374155        
0.281289912165784       97.6597192039211        -0.603635618611828      5.13846650746743        28.9200390807142        5.13846650746736        -0.0607772707810075     0.0818180587490705      3.83587372134648        2.12828030398208        
0.291118899922082       97.632897056729         -0.587211570107705      5.14007448394616        28.9205913654105        5.1400744839462         0.0818180587490705      0.144547067163744       4.83732710374155        -1.33778034213168       
0.300941836228662       97.5948287836106        -0.566539087131203      5.14291438886141        28.9229392590523        5.14291438886143        0.144547067163744       0.105128089676858       2.12828030398208        -2.69353159635227       
0.310760819324233       97.5674794997617        -0.548396041345947      5.14497910397058        28.9246908152116        5.14497910397053        0.105128089676858       0.0257798567735216      -1.33778034213168       -3.69875755269293       
0.320579905941658       97.5588851082017        -0.535426751246459      5.14548536491347        28.9248398307731        5.14548536491348        0.0257798567735216      -0.0831771871821029     -2.69353159635227       -2.26371133124604       
0.330398448261753       97.5750083627327        -0.529597253766191      5.14385187253288        28.9226378891188        5.14385187253279        -0.0831771871821029     -0.149870230364259      -3.69875755269293       0.446601086840886       
0.340219690343713       97.6065119495686        -0.528126441635012      5.14090797160243        28.9190276277818        5.14090797160237        -0.149870230364259      -0.136707526132485      -2.26371133124604       2.030950181486          
0.35004466379799        97.6355348893172        -0.525741271848787      5.13822123454892        28.9157678615789        5.13822123454893        -0.136707526132485      -0.076831258592881      0.446601086840886       2.47856395354361        
0.359879826541737       97.6515224098344        -0.519328633954575      5.1367108248983         28.913884560605         5.1367108248983         -0.076831258592881      -0.00374825519414833    2.030950181486          1.2881788415921         
0.369702109487646       97.6514682683979        -0.508030472650955      5.1366371493486         28.9136691893842        5.13663714934864        -0.00374825519414833    0.034230233096071       2.47856395354361        -0.501814012832576      
0.379534298446936       97.6429209292378        -0.494157124292663      5.13730989622742        28.9142970398822        5.13730989622736        0.034230233096071       0.0194378442732533      1.2881788415921         -1.50987590284516       
0.389354812431474       97.6376142192377        -0.481251747035471      5.13769186143995        28.9145861675554        5.13769186143993        0.0194378442732533      -0.0250770850359371     -0.501814012832576      -2.03512820920173       
0.399182786232038       97.6418649939999        -0.471272826325697      5.13719894231583        28.9138284555136        5.13719894231584        -0.0250770850359371     -0.0850966093288441     -1.50987590284516       -1.4998796051002        
0.409018638927217       97.6595621390028        -0.465254590945673      5.13552530289709        28.9117378825827        5.13552530289706        -0.0850966093288441     -0.129349641886198      -2.03512820920173       -0.0595274117675174     
0.418854003329248       97.6877100809892        -0.462164278615518      5.13298067509689        28.9087393948665        5.13298067509697        -0.129349641886198      -0.131106538657306      -1.4998796051002        1.01427480275495        
0.428692374981478       97.7173450312856        -0.459183696474226      5.13040069886726        28.9058568240637        5.13040069886735        -0.131106538657306      -0.101163398153337      -0.0595274117675174     1.34457637947844        
0.438537209438914       97.7425451927526        -0.454198495534657      5.12840931197316        28.9039725915104        5.12840931197321        -0.101163398153337      -0.0614684984206306     1.01427480275495        1.04140854353767        
0.448378880259287       97.7609332432468        -0.446569556704918      5.12719957308491        28.903281681877         5.12719957308495        -0.0614684984206306     -0.0307343706961779     1.34457637947844        0.0824855971695594      
0.458211967876356       97.7678319017033        -0.436909766296789      5.12659506418714        28.9025974744933        5.12659506418722        -0.0307343706961779     -0.0283010629894333     1.04140854353767        -0.917307027797664      
0.468041767853663       97.7669660707577        -0.427101781908648      5.12603859709125        28.9009008394552        5.1260385970913         -0.0283010629894333     -0.0553606584452715     0.0824855971695594      -1.16978732226648       
0.477873899716119       97.7723775475417        -0.419098727090409      5.12494979091905        28.8986310480252        5.12494979091898        -0.0553606584452715     -0.0898800032581305     -0.917307027797664      -0.9235666736541        
0.487714851271756       97.7880866340616        -0.413390726573196      5.12318112218127        28.8959650994694        5.12318112218131        -0.0898800032581305     -0.117146453562776      -1.16978732226648       -0.23652152948565       
0.497557039563546       97.811791570436         -0.409519843228302      5.12087492450037        28.8929619680844        5.12087492450036        -0.117146453562776      -0.124131937459773      -0.9235666736541        0.589373879477602       
0.507404609379222       97.8379807117572        -0.406147706587293      5.11843043506311        28.8899318731219        5.11843043506309        -0.124131937459773      -0.106719591671441      -0.23652152948565       0.827723996895393       
0.517252623976305       97.8603653369709        -0.401649863637833      5.11632817394325        28.8873024091302        5.11632817394323        -0.106719591671441      -0.0822579405101062     0.589373879477602       0.65408337198162        
0.527106872857978       97.8774421495102        -0.395539733455343      5.11470727169731        28.8852460925768        5.11470727169738        -0.0822579405101062     -0.0629244357477389     0.827723996895393       0.318953549189968       
0.536960592161369       97.8901664488988        -0.38817548145303       5.11346721769831        28.88362157208          5.11346721769825        -0.0629244357477389     -0.0534965037767675     0.65408337198162        -0.466650269909715      
0.546812972813457       97.9009072045061        -0.38022329336757       5.11241307092221        28.8822286088251        5.11241307092218        -0.0534965037767675     -0.0672905355950496     0.318953549189968       -0.7426712832041        
0.556664423758359       97.9146022854248        -0.373220377531326      5.11108700135316        28.8805023901276        5.11108700135321        -0.0672905355950496     -0.0892462331003899     -0.466650269909715      -0.592502536673526      
0.566522397694451       97.9334924724689        -0.367715194222437      5.10932784855668        28.8783171369109        5.1093278485567         -0.0892462331003899     -0.10676762000512       -0.7426712832041        -0.143837854391972      
0.576377453705823       97.9564121416212        -0.363458489707166      5.10722269837016        28.8757456336799        5.10722269837018        -0.10676762000512       -0.111022463006302      -0.592502536673526      0.401558042846028       
0.586243611695161       97.980289755649         -0.359546534982835      5.10503285642525        28.8730727635241        5.10503285642527        -0.111022463006302      -0.0991408752616328     -0.143837854391972      0.670638476498189       
0.596104868128702       98.0015905385294        -0.354907538022295      5.10307699422014        28.8706789573248        5.10307699422011        -0.0991408752616328     -0.0792954047534525     0.401558042846028       0.473901512407749       
0.605972419541849       98.0184196148662        -0.348999554853497      5.1015126387415         28.8687318303243        5.10151263874148        -0.0792954047534525     -0.0652705501520464     0.670638476498189       0.0259293456093853      
0.615832457118535       98.0319473175392        -0.342221787558512      5.10022484778125        28.8670796809935        5.10022484778125        -0.0652705501520464     -0.0645030666530792     0.473901512407749       -0.34316926664167       
0.625704922652703       98.0449518809267        -0.335441899818866      5.09895186451934        28.865391336338         5.09895186451931        -0.0645030666530792     -0.0746623568137503     0.0259293456093853      -0.450469175220494      
0.635570426590944       98.0606357964432        -0.329412756580964      5.09747817438105        28.8635280454503        5.097478174381          -0.0746623568137503     -0.0880008731085025     -0.34316926664167       -0.278791583411396      
0.645443074781624       98.079209774561         -0.32432422256307       5.09574092357458        28.8613421667602        5.09574092357465        -0.0880008731085025     -0.0962567795660664     -0.450469175220494      0.0421034345027981      
0.655314855599867       98.0999352481319        -0.319855856931986      5.09384041932923        28.8590082787713        5.09384041932925        -0.0962567795660664     -0.0950098529568114     -0.278791583411396      0.320429539683587       
0.665186861646298       98.1207773182596        -0.315382248950025      5.09196458482056        28.8567589754302        5.09196458482052        -0.0950098529568114     -0.0855195305978116     0.0421034345027981      0.391685435648741       
0.675058226126768       98.1403646941676        -0.310330626376794      5.09027594969065        28.8548533784928        5.09027594969074        -0.0855195305978116     -0.0739166724996091     0.320429539683587       0.202205411963025       
0.68493470717219        98.1586440788636        -0.304549561065927      5.08881600569387        28.8534018527489        5.08881600569384        -0.0739166724996091     -0.0679250668771626     0.391685435648741       -0.047768537100968      
0.694812808064829       98.1761147358432        -0.298455942884442      5.08747398573329        28.8521642671444        5.08747398573336        -0.0679250668771626     -0.0693409509143133     0.202205411963025       -0.247035472170372      
0.704694844090461       98.1923811835116        -0.292560836711587      5.08610358499079        28.8506678708437        5.08610358499074        -0.0693409509143133     -0.0766666023839011     -0.047768537100968      -0.25811060919976       
0.714579119069552       98.2084615123947        -0.287218642445589      5.08458756573328        28.8487296732374        5.08458756573326        -0.0766666023839011     -0.0843249210220898     -0.247035472170372      -0.0944227612011514     
0.724476894701925       98.2264228951532        -0.28240646006479       5.08291898385229        28.8466332423063        5.08291898385238        -0.0843249210220898     -0.0871278100642958     -0.25811060919976       0.116756452611474       
0.734372127898636       98.2463685656784        -0.277819450612668      5.08119442489772        28.8446673356438        5.08119442489771        -0.0871278100642958     -0.0836613317537884     -0.0944227612011514     0.250217487739518       
0.744270762976484       98.2673399154479        -0.273052111652848      5.07953848957784        28.8430446661741        5.07953848957785        -0.0836613317537884     -0.0762333680227238     0.116756452611474       0.218478256266457       
0.754164895054016       98.2872535635969        -0.26787810651035       5.07802990018569        28.8416831571679        5.07802990018561        -0.0762333680227238     -0.069749143051585      0.250217487739518       0.0786229781695321      
0.764056186615392       98.2996688319773        -0.262381012547554      5.07665007683239        28.8395856803473        5.07665007683235        -0.069749143051585      -0.0674159850732224     0.218478256266457       -0.0879747917152691     
0.773944784848128       98.3070542059894        -0.25682936762994       5.0753164162942         28.8368804961396        5.07531641629425        -0.0674159850732224     -0.0700271647592213     0.0786229781695321      -0.162022048539534      
0.783841409951196       98.3178697141053        -0.251521908476022      5.07393050490285        28.8345290210499        5.07393050490289        -0.0700271647592213     -0.0748379631188173     -0.0879747917152691     -0.116849448891045      
0.793741669287926       98.3322279748258        -0.2465929332589        5.07244874067429        28.8324234719237        5.0724487406743         -0.0748379631188173     -0.0783087301123122     -0.162022048539534      0.0201928020406277      
0.803643792162734       98.348535980772         -0.24194237022352       5.07089787907132        28.8304058970926        5.07089787907138        -0.0783087301123122     -0.0777088238150749     -0.116849448891045      0.135673848927459       
0.813548194044834       98.3650830282378        -0.237303114749006      5.06935864392272        28.8284548062435        5.06935864392267        -0.0777088238150749     -0.0736775687432264     0.0201928020406277      0.147662946792792       
0.823452720919147       98.3808829077287        -0.232469877829642      5.06789912256509        28.8266193579608        5.06789912256508        -0.0736775687432264     -0.0692894068606731     0.135673848927459       0.0836847565482785      
0.833358416204706       98.3958316544231        -0.227438473032206      5.0665262945871         28.8249044044353        5.06652629458704        -0.0692894068606731     -0.0668021630813417     0.147662946792792       -0.0176224944156505     
0.843268411008859       98.4103791863021        -0.22232686022457       5.06520251112538        28.8232689499086        5.06520251112533        -0.0668021630813417     -0.0673260147651061     0.0836847565482785      -0.0873126790507172     
0.853175678122604       98.425193769015         -0.21733068344408       5.06386821304535        28.8216414663746        5.06386821304532        -0.0673260147651061     -0.0699220048061497     -0.0176224944156505     -0.0620726461994304     
0.863088073529999       98.4404241471054        -0.212571219733976      5.06248211575807        28.8199261713246        5.06248211575816        -0.0699220048061497     -0.0717678708392591     -0.0873126790507172     -0.00586928936916674    
0.873002970548006       98.4558561711894        -0.207993321289154      5.06105914848422        28.8181340940343        5.06105914848415        -0.0717678708392591     -0.071942425460506      -0.0620726461994304     0.0640390962265784      
0.882915497271261       98.4713907554923        -0.203467566407193      5.05963276853636        28.8163459235043        5.05963276853637        -0.071942425460506      -0.0700377742987967     -0.00586928936916674    0.0968405140399049      
0.892828920699776       98.4865869564141        -0.198861013870512      5.05824403897202        28.8146140986069        5.05824403897201        -0.0700377742987967     -0.0671569864943155     0.0640390962265784      0.0729646762249375      
0.902746134675654       98.5013853262667        -0.194132828756375      5.05691199498095        28.8129842541703        5.05691199498088        -0.0671569864943155     -0.0649855887571719     0.0968405140399049      0.0117785428769062      
0.912667841465555       98.5157625076822        -0.189330475663897      5.05562240431737        28.8114125568395        5.05562240431735        -0.0649855887571719     -0.0646349485923549     0.0729646762249375      -0.0290341789763899     
0.922595726030645       98.5301986507155        -0.18457428484732       5.05433940443308        28.8098671050658        5.05433940443303        -0.0646349485923549     -0.065499353470161      0.0117785428769062      -0.0375781753181749     
0.932518131127228       98.5445075364499        -0.179957288355969      5.05303942695787        28.8082535017261        5.05303942695789        -0.065499353470161      -0.0666180753106547     -0.0290341789763899     -0.000407171178183217   
0.94243979688595        98.5592141880433        -0.175489164858805      5.05171736622366        28.8066338978569        5.05171736622375        -0.0666180753106547     -0.0666301967577261     -0.0375781753181749     0.0444633178061022      
0.952364811707717       98.5739411632044        -0.171101473292613      5.05039489880514        28.8050148876246        5.05039489880522        -0.0666301967577261     -0.0653063086784555     -0.000407171178183217   0.0648269061984619      
0.962288854360555       98.5883651156556        -0.166712843881897      5.04909847077594        28.8034246673828        5.04909847077592        -0.0653063086784555     -0.0633756313295437     0.0444633178061022      0.0492691397003143      
0.972218749412037       98.6024488081153        -0.162267330377911      5.04783998862395        28.801891838033         5.04783998862389        -0.0633756313295437     -0.0619080576769621     0.0648269061984619      0.0239828566739278      
0.982149934104507       98.6163231823354        -0.157803650936686      5.04661050047524        28.800410069136         5.04661050047526        -0.0619080576769621     -0.0611936365626205     0.0492691397003143      0.00309505257353608     
0.992077479811129       98.6316949602857        -0.153381043006124      5.04539529980791        28.7991866252247        5.04539529980799        -0.0611936365626205     -0.0611014328799632     0.0239828566739278      0.0024956136969631      
1.00200777345126        98.6505654822606        -0.149043335065562      5.04418174576781        28.7984774370478        5.04418174576783        -0.0611014328799632     -0.0610270667082793     0.00309505257353608     0.020541667453158       
1.01194224541685        98.6696457306585        -0.144793819699297      5.04296914823296        28.797800242576         5.04296914823288        -0.0610270667082793     -0.0604146235430999     0.0024956136969631      0.0355548010101982      
1.0218826709283         98.6841837515313        -0.140608341895169      5.04176796695784        28.79649158271          5.04176796695783        -0.0604146235430999     -0.0593540868338881     0.020541667453158       0.0463025626549996      
1.03183193487579        98.6961837491211        -0.136450525968618      5.04058736792139        28.7948704074142        5.04058736792138        -0.0593540868338881     -0.0579727415703524     0.0355548010101982      0.0325796505231881      
1.04177453989022        98.7088752768457        -0.132301796089102      5.03943439589393        28.7934281057947        5.0394343958939         -0.0579727415703524     -0.0570009214197791     0.0463025626549996      0.0107553219343081      
1.05171641584148        98.7228495420336        -0.128177165981926      5.038301039768          28.7922279876731        5.03830103976794        -0.0570009214197791     -0.0566801532714241     0.0325796505231881      0.00418459530789074     
1.06165629770576        98.7329791731507        -0.124121772269507      5.03717413107108        28.7904847873557        5.03717413107103        -0.0566801532714241     -0.0565553390335915     0.0107553219343081      0.0236228538248952      
1.07159844241468        98.7396726336794        -0.120157743476466      5.03604946051249        28.7882463023257        5.03604946051247        -0.0565553390335915     -0.055850588654151      0.00418459530789074     0.035001534595372       
1.08154666319249        98.7494770903807        -0.11626431255957       5.0349384582196         28.7864997273442        5.03493845821952        -0.055850588654151      -0.0548060836560845     0.0236228538248952      0.036332974666559       
1.09149287847505        98.7611376278861        -0.112433112918011      5.03384800849511        28.7850816675596        5.03384800849513        -0.0548060836560845     -0.0537216555620221     0.035001534595372       0.0322381254559808      
1.10144524468224        98.7729078232185        -0.108648711614717      5.03277896251648        28.7837399862976        5.03277896251649        -0.0537216555620221     -0.0527593108451219     0.036332974666559       0.0408404617951097      
1.11139373977822        98.7847332803902        -0.104922581424745      5.03172895479521        28.7824600158575        5.03172895479523        -0.0527593108451219     -0.0515400205355579     0.0322381254559808      0.0459948023217936      
1.121348076962          98.796424218991         -0.101234386982471      5.03070307499904        28.7812286950305        5.03070307499902        -0.0515400205355579     -0.0501666164767004     0.0408404617951097      0.0385477303363516      
1.13129996405473        98.8080672680391        -0.0975920365642967     5.02970432951341        28.7800672841728        5.02970432951337        -0.0501666164767004     -0.0490153663650584     0.0459948023217936      0.035659295433296       
1.14125898829465        98.8195850678726        -0.094008298603884      5.02872831287618        28.7789519526999        5.02872831287615        -0.0490153663650584     -0.0479502748719086     0.0385477303363516      0.0439473388926401      
1.15121397741837        98.8311538833667        -0.0905078046475944     5.0277734744694         28.7779039642684        5.02777347446941        -0.0479502748719086     -0.0466375543139433     0.035659295433296       0.0488143878328052      
1.16117116609621        98.8422908611072        -0.0870721360683068     5.02684476678753        28.7768672302496        5.02684476678757        -0.0466375543139433     -0.0451793647287035     0.0439473388926401      0.0550877850812194      
1.17112840268377        98.8530788870953        -0.0836859981310359     5.02594497284523        28.7758618429541        5.02594497284531        -0.0451793647287035     -0.0435335711563929     0.0488143878328052      0.0554016632939473      
1.18108881672077        98.863584999139         -0.0803366322599227     5.02507784408526        28.7749083568194        5.02507784408532        -0.0435335711563929     -0.0418781841473969     0.0550877850812194      0.0422388760684531      
1.1910479966017         98.8738739797832        -0.0770462528521542     5.02424359256777        28.7740168617244        5.02424359256768        -0.0418781841473969     -0.0406159155147478     0.0554016632939473      0.0439923707701051      
1.20101104186109        98.8840645806711        -0.0738261496609773     5.02343435083924        28.7731821541387        5.02343435083921        -0.0406159155147478     -0.039301038948947      0.0422388760684531      0.0451156627769405      
1.21097427509432        98.8941120422401        -0.0706789915017512     5.02265117434717        28.7724007799424        5.02265117434717        -0.039301038948947      -0.0379523809460936     0.0439923707701051      0.0484863633673334      
1.22094001976795        98.9042254374736        -0.0676043334034952     5.02189477564447        28.7717052273471        5.02189477564449        -0.0379523809460936     -0.0365027383082515     0.0451156627769405      0.0440628054991124      
1.23090570561647        98.9138635232945        -0.0645916910468133     5.02116714990526        28.7710225224785        5.02116714990533        -0.0365027383082515     -0.0351852507030787     0.0484863633673334      0.050995038720403       
1.24087550186013        98.9233873464065        -0.0616330466593341     5.02046574933692        28.7703979227789        5.02046574933694        -0.0351852507030787     -0.033660390946275      0.0440628054991124      0.0424695647955929      
1.25083923422458        98.9322292762051        -0.0587266395225542     5.01979475035504        28.769760894662         5.01979475035496        -0.033660390946275      -0.0323903555622124     0.050995038720403       0.0354931957114096      
1.26081073075123        98.9410077253123        -0.0558781738509106     5.01914895673962        28.7691865168061        5.01914895673965        -0.0323903555622124     -0.0313288018878105     0.0424695647955929      0.0290126917797095      
1.27077967845255        98.9494242600766        -0.0530995961729564     5.01852422789341        28.7686195644171        5.01852422789334        -0.0313288018878105     -0.0304609970980127     0.0354931957114096      0.0366872708303719      
1.28075236363263        98.9584974395074        -0.0504041544210546     5.01791680544232        28.7681973523723        5.01791680544224        -0.0304609970980127     -0.0293636695738098     0.0290126917797095      0.0396998504367601      
1.29072002639681        98.9685276521408        -0.0477703165035757     5.0173313088375         28.7679767675401        5.01733130883745        -0.0293636695738098     -0.0281762197961359     0.0366872708303719      0.050273437190181       
1.30069099629858        98.979973234126         -0.0451848173177254     5.01676946057564        28.7680293303046        5.01676946057563        -0.0281762197961359     -0.0266723802698774     0.0396998504367601      0.0485009107923524      
1.31066241864368        98.9944737623973        -0.0426518755734543     5.01623750964958        28.7686111510143        5.01623750964953        -0.0266723802698774     -0.0252212702915229     0.050273437190181       0.0401623921502752      
1.32063637715029        99.0120603145321        -0.0401787312273912     5.01573439485728        28.7697235656191        5.0157343948573         -0.0252212702915229     -0.0240193304440448     0.0485009107923524      0.0371698824882003      
1.33061310856148        99.0254044723169        -0.037753922421588      5.01525510573923        28.7702874906757        5.01525510573918        -0.0240193304440448     -0.0229065440708871     0.0401623921502752      0.0442479213797041      
1.34059430327323        99.033660995843         -0.0353632431437437     5.01479783373361        28.7701752001577        5.01479783373356        -0.0229065440708871     -0.0215815215159995     0.0371698824882003      0.0530524971405012      
1.35058019288169        99.0399144053314        -0.0330015710662446     5.01436692723062        28.7698473889431        5.01436692723059        -0.0215815215159995     -0.0199929155945928     0.0442479213797041      0.0515579344695667      
1.36056013125014        99.0454919092952        -0.0306777929823475     5.013967858748          28.7695125954279        5.01396785874802        -0.0199929155945928     -0.0184493941018864     0.0530524971405012      0.0474676134357341      
1.37053535398476        99.048514491691         -0.0283868002955585     5.01359970664051        28.7688953327119        5.01359970664053        -0.0184493941018864     -0.0170283769611832     0.0515579344695667      0.0437400456235414      
1.38051436830505        99.0495442669968        -0.0261268910132633     5.01325983758488        28.7680697476914        5.01325983758494        -0.0170283769611832     -0.0157188238922864     0.0474676134357341      0.0451064467245711      
1.39049907932507        99.0516040167878        -0.0238956400762163     5.01294605315447        28.7674685311544        5.01294605315456        -0.0157188238922864     -0.0143683267948917     0.0437400456235414      0.0415595216217701      
1.40047531322364        99.0535245643018        -0.0216940294091771     5.01265928490344        28.766924572318         5.01265928490349        -0.0143683267948917     -0.0131241023448232     0.0451064467245711      0.042723675201613       
1.41045485611805        99.0550292163321        -0.019508445243926      5.01239735537743        28.7663914571842        5.01239735537735        -0.0131241023448232     -0.0118451167393358     0.0415595216217701      0.0417217206862181      
1.42043533703344        99.0556353154804        -0.0173401445557466     5.012160946536          28.7658010741506        5.01216094653599        -0.0118451167393358     -0.0105963554902688     0.042723675201613       0.0444819506200902      
1.43041150794132        99.0554227387089        -0.0152024015952048     5.01194954171303        28.765163554766         5.01194954171297        -0.0105963554902688     -0.00926561058480536    0.0417217206862181      0.0361987085175357      
1.44038010663934        99.0530919115573        -0.0130967331094026     5.01176480222495        28.7642949850996        5.01176480222493        -0.00926561058480536    -0.00818319515242738    0.0444819506200902      0.036376575320568       
1.45034311482644        99.0495803313286        -0.0110236618346067     5.01160171392142        28.7633171056377        5.01160171392139        -0.00818319515242738    -0.00709598036075955    0.0361987085175357      0.0441005837553044      
1.46030782132763        99.0311486212068        -0.00897753121489015    5.01146034802331        28.7602351211524        5.0114603480233         -0.00709598036075955    -0.00577883793376857    0.036376575320568       0.0448426598451003      
1.47025933738201        98.9540900532514        -0.0069615883618568     5.01134533225957        28.7487135160386        5.01134533225963        -0.00577883793376857    -0.00444106980768566    0.0441005837553044      0.0436238268769439      
1.48019744381619        98.7824176431663        -0.00496126463065438    5.01125706876378        28.7235121077923        5.0112570687638         -0.00444106980768566    -0.00314202868986194    0.0448426598451003      0.0545520682341678      
1.49011846897861        98.4961513127568        -0.00297314997131483    5.01119475153782        28.6816839494349        5.01119475153777        -0.00314202868986194    -0.00152073291388345    0.0436238268769439      0.0545520682341678      
1.5000051849229         98.1941035386842        -0.000999537426394525   5.0111646553415         28.6375866364468        5.0111646553415         -0.00152073291388345    -0.00152073291388345    0.0545520682341678      0.0545520682341678      
