x                       V                     vel                       p                      cs                  dd1[i]             dd2_left[i]            dd2_right[i]             dd3_left[i]            dd3_right[i]
-1.50002786637041       99.2581328905403        7.29041723939885e-05    5.00008047370122        28.760466272357         5.0000256036341         -0.00256626928876237    -0.00256626928876237    0.0796139959520199      0.0796139959520199      
-1.49007841714601       99.425018887509         0.00017263449751675     5.0000256036341         28.7844761425133        5.0000256036341         -0.00256626928876237    -0.00256626928876237    0.0796139959520199      0.0796139959520199      
-1.48010742811793       99.5540314716993        0.000219390754388756    4.99997444038215        28.802997899394         4.99997444038215        -0.00256626928876237    -0.000184015580802073   0.0796139959520199      0.0701289278931617      
-1.47012521300733       99.6144346853726        0.000302216619158907    4.9999707670024         28.8117239273162        4.9999707670024         -0.000184015580802073   0.00191659217599116     0.0796139959520199      -0.0307609742057442     
-1.4601359721825        99.6385828973133        0.000406086026073209    5.00000905459368        28.8153262655324        5.00000905459368        0.00191659217599116     0.000994657420145888    0.0701289278931617      -0.0287115313184075     
-1.45014284698249       99.6443217968588        0.000399633158955647    5.00002893301513        28.8162133758921        5.00002893301513        0.000994657420145888    0.000133877887904776    -0.0307609742057442     0.0336857625995725      
-1.44014795031956       99.6471664764376        0.000365327737716705    5.00003160911221        28.8166324119901        5.00003160911221        0.000133877887904776    0.00114395202898596     -0.0287115313184075     0.00600076890208298     
-1.43015268991047       99.6503241010414        0.00036137775574038     5.00005447806714        28.8171548810268        5.00005447806714        0.00114395202898596     0.00132390660631201     0.0336857625995725      -0.056992471796288      
-1.42015574039392       99.6516608084469        0.000404186462568478    5.00008094760442        28.8174244339963        5.00008094760442        0.00132390660631201     -0.000385408930230133   0.00600076890208298     0.0945839251747366      
-1.41015788389499       99.6535994228427        0.000456085617891977    5.00007324102601        28.8176825301781        5.00007324102601        -0.000385408930230133   0.00245156813911433     -0.056992471796288      0.00390761084543525     
-1.40015885029735       99.6544405772156        0.000493724714478167    5.00012226474119        28.8179454249854        5.00012226474119        0.00245156813911433     0.00256877554254024     0.0945839251747366      0.00171778096075449     
-1.39016101294127       99.6547306227743        0.000686951398084128    5.00017363049275        28.8181353842175        5.00017363049275        0.00256877554254024     0.00262029822302963     0.00390761084543525     0.0494819570866703      
-1.38016331964894       99.6550986060979        0.00102822112400096     5.00022602416126        28.8183395742644        5.00022602416125        0.00262029822302963     0.00410446006121411     0.00171778096075449     0.0181052488284601      
-1.37016592875039       99.6559094408509        0.00136684689665955     5.00030809790929        28.818693325155         5.00030809790929        0.00410446006121411     0.00464757967785117     0.0494819570866703      -0.115352644565106      
-1.3601659337879        99.6545940037788        0.00149939197181729     5.0004010512106         28.8187709839282        5.0004010512106         0.00464757967785117     0.00118653075372728     0.0181052488284601      -0.1072046370165        
-1.35016257971328       99.6513836549053        0.00155472182130034     5.00042478820678        28.818375185724         5.00042478820678        0.00118653075372728     -0.00203061651314097    -0.115352644565106      0.00210269378948074     
-1.34015852691916       99.6493362538591        0.00163038794073746     5.00038416018082        28.8179620658231        5.00038416018083        -0.00203061651314097    -0.00196751665935093    -0.1072046370165        0.0969841002232534      
-1.33015452754512       99.6477310414081        0.00178699591533799     5.00034479931815        28.8176165356297        5.00034479931815        -0.00196751665935093    0.000942098060943834    0.00210269378948074     0.090859613261025       
-1.32015587575312       99.6406988368864        0.00199769785272582     5.0003636383773         28.8166539627831        5.0003636383773         0.000942098060943834    0.00366686718998379     0.0969841002232534      0.0525828065405378      
-1.3101633395673        99.6283539375548        0.00221272044366408     5.00043692972522        28.8150799720414        5.00043692972522        0.00366686718998379     0.00524326619226695     0.090859613261025       0.0318903376043488      
-1.30017215102133       99.6186843298601        0.00245745836233426     5.00054170994142        28.8139834710207        5.00054170994142        0.00524326619226695     0.00619920749487431     0.0525828065405378      -0.0118941996764918     
-1.29017952789548       99.612340200775         0.00278117438874217     5.00066559508514        28.8134228699036        5.00066559508513        0.00619920749487431     0.00584266780442381     0.0318903376043488      -0.0552473867171973     
-1.2801879042568        99.6081767211121        0.00306326912919831     5.00078235509654        28.8131570805849        5.00078235509655        0.00584266780442381     0.00418659374490952     -0.0118941996764918     0.0592882996345831      
-1.27019572741774       99.6057291228051        0.00335759317908129     5.00086601783221        28.813044093247         5.00086601783221        0.00418659374490952     0.00596374822038168     -0.0552473867171973     0.101414172728188       
-1.26020473360739       99.6038484362326        0.0037105699172189      5.00098519076998        28.8131153867267        5.00098519076999        0.00596374822038168     0.00900352640917861     0.0592882996345831      -0.0903774681080224     
-1.25021311367147       99.6018041513667        0.00414784689576162     5.0011651020605         28.8133379711573        5.00116510206051        0.00900352640917861     0.0062947020180221      0.101414172728188       0.0482326520985916      
-1.2402227196427        99.6007491791973        0.00473380700444264     5.0012908767232         28.8135476869451        5.00129087672319        0.0062947020180221      0.00774026499325092     -0.0903774681080224     0.0949380705932158      
-1.23023305720698       99.5994087060929        0.0052994048951278      5.00144552430067        28.8137992663261        5.00144552430066        0.00774026499325092     0.010585493936261       0.0482326520985916      0.0538097484041498      
-1.22024352985364       99.5974185065856        0.00594200478758726     5.00165701491958        28.8141205817953        5.00165701491958        0.010585493936261       0.0121981131800981      0.0949380705932158      -0.00833121335305555    
-1.21025367346243       99.595054958492         0.00676870290664874     5.00190072480684        28.814480664649         5.00190072480683        0.0121981131800981      0.0119484384025878      0.0538097484041498      0.0680637570841762      
-1.20026429317021       99.592779815928         0.00788667441878848     5.00213944152698        28.8148391171564        5.00213944152699        0.0119484384025878      0.0139881803529535      -0.00833121335305555    0.076405264903321       
-1.1902750994075        99.590014400708         0.00908902926702269     5.00241890422853        28.8152439607491        5.00241890422854        0.0139881803529535      0.0162778344316457      0.0680637570841762      0.0667085826242346      
-1.18028589004829       99.5867138625034        0.0102325400593197      5.00274410186207        28.8157030511567        5.00274410186207        0.0162778344316457      0.0182768157455161      0.076405264903321       0.0564697076059785      
-1.17029761836111       99.5829936069938        0.0113274052463237      5.00310921191447        28.816216287164         5.00310921191447        0.0182768157455161      0.0199688467449851      0.0667085826242346      0.116742458835637       
-1.16031001625585       99.5789002503296        0.0126040034007974      5.00350808514901        28.8167726770588        5.00350808514901        0.0199688467449851      0.0234666447437151      0.0564697076059785      0.0553284723492806      
-1.15032394077132       99.5739605220682        0.0141344420035154      5.00397680144136        28.8174076002702        5.00397680144135        0.0234666447437151      0.0251243293141038      0.116742458835637       0.101514696408222       
-1.14033624524764       99.5687116939716        0.0159845335806896      5.00447863349162        28.8180929925619        5.00447863349162        0.0251243293141038      0.0281656652200809      0.0553284723492806      0.0422230999180481      
-1.13034981553934       99.5628009767645        0.0178737613463089      5.0050411772294         28.8188572121624        5.00504117722939        0.0281656652200809      0.0294305553929344      0.101514696408222       0.131735029288269       
-1.12036501620676       99.5566038952988        0.0199085710380705      5.00562891247781        28.8196522904773        5.00562891247781        0.0294305553929344      0.0333765366011282      0.0422230999180481      0.0878869493017264      
-1.11038056499594       99.5495170872454        0.0220991769742577      5.00629538552872        28.8205449874879        5.00629538552872        0.0333765366011282      0.0360088647116047      0.131735029288269       0.0855897882842203      
-1.10039764547191       99.5418279967877        0.0245848446540804      5.00701436270543        28.8215013045779        5.00701436270543        0.0360088647116047      0.0385721582011895      0.0878869493017264      0.221744400464785       
-1.09041459251276       99.5335946762967        0.0272007350791048      5.00778445217082        28.8225255627328        5.00778445217083        0.0385721582011895      0.045211993531949       0.0855897882842203      0.0471327309409333      
-1.08043380840781       99.524013778838         0.0296827852454314      5.0086869132889         28.8237351665848        5.00868691328893        0.045211993531949       0.0466229950554378      0.221744400464785       -0.00646436462095762    
-1.07045711456288       99.5159065416539        0.0324976717113889      5.00961726803025        28.8252378959467        5.00961726803027        0.0466229950554378      0.0464294991166024      0.0471327309409333      0.00968010250685993     
-1.06048159200019       99.5112538703335        0.0357159596996409      5.01054372081917        28.8272292642114        5.01054372081915        0.0464294991166024      0.0467192740097461      -0.00646436462095762    0.13130309950048        
-1.050501392849         99.5031633396914        0.0392338191122646      5.01147619069895        28.8287395370226        5.01147619069896        0.0467192740097461      0.0506507076024765      0.00968010250685993     0.08691907627219        
-1.04051931842956       99.4902033179248        0.0428602549163553      5.01248737157238        28.8297701380091        5.01248737157237        0.0506507076024765      0.0532535854619154      0.13130309950048        0.0805608921526464      
-1.03053605548277       99.4785200920636        0.0466278113521409      5.01355057163252        28.831134538687         5.01355057163252        0.0532535854619154      0.0556658451621664      0.08691907627219        0.0636866406293694      
-1.02055494774231       99.4686408858431        0.0505204359024176      5.01466169755486        28.832897402044         5.01466169755487        0.0556658451621664      0.0575721854874014      0.0805608921526464      0.0685021223558795      
-1.01057914520832       99.4565405864269        0.0545933231799777      5.0158103168894         28.8344453260196        5.01581031688941        0.0575721854874014      0.0596215874818702      0.0636866406293694      0.0936652040231471      
-1.00060997397943       99.4388453003099        0.058839084703132       5.01699910547482        28.835296597547         5.01699910547483        0.0596215874818702      0.0624224826409058      0.0685021223558795      0.103070654248071       
-0.990646328538953      99.4203889996336        0.0632473100454         5.01824323395392        28.8361952649351        5.01824323395392        0.0624224826409058      0.0655038671446584      0.0936652040231471      0.158744406607171       
-0.98068123992382       99.404488757853         0.067887225003105       5.01954868925279        28.837639502634         5.01954868925281        0.0655038671446584      0.0702493594560319      0.103070654248071       0.216208183306582       
-0.970716185377211      99.3888077580939        0.0727774613819928      5.02094872745934        28.8393859110737        5.02094872745936        0.0702493594560319      0.0767125155115763      0.158744406607171       0.221387757748725       
-0.960752280671238      99.3717846360215        0.0780116323870405      5.02247746488411        28.8413057084145        5.02247746488409        0.0767125155115763      0.0833298704268581      0.216208183306582       0.442525681102079       
-0.950788873080491      99.3531873083246        0.0838848630424368      5.02413788408321        28.8433733654765        5.02413788408319        0.0833298704268581      0.0965553221286981      0.221387757748725       0.548486198367089       
-0.940827876156305      99.3315201619052        0.090374107261147       5.02606152060089        28.8457487124343        5.0260615206009         0.0965553221286981      0.112944428383199       0.442525681102079       0.527482353033701       
-0.930868005987395      99.3060014532123        0.0978398735992223      5.02831119461593        28.848497326543         5.02831119461592        0.112944428383199       0.12870176415826        0.548486198367089       0.931077547447115       
-0.920911912920892      99.2767577020798        0.107012124471662       5.03087394177656        28.8515988392168        5.03087394177654        0.12870176415826        0.156506404483635       0.527482353033701       1.10072906144092        
-0.910959384418088      99.241062617264         0.117849991751901       5.03398918303933        28.8553413810059        5.03398918303932        0.156506404483635       0.189364790988386       0.931077547447115       1.3241957558485         
-0.901010773694115      99.1976991816065        0.130788384699029       5.03775700545885        28.8598309066869        5.03775700545884        0.189364790988386       0.228876072343254       1.10072906144092        1.36133251215193        
-0.89106619440494       99.14516927226          0.146113841457729       5.04230875003787        28.8652199756472        5.04230875003786        0.228876072343254       0.269472774611845       1.3241957558485         1.58237193243897        
-0.881129211087444      99.0831954369763        0.164392093774901       5.04766444134793        28.8715177508432        5.04766444134793        0.269472774611845       0.316629825581883       1.36133251215193        1.65376596281536        
-0.871198351397014      99.0104055926387        0.185804063011295       5.05395293600925        28.878883001263         5.05395293600927        0.316629825581883       0.365877438016063       1.58237193243897        1.79127925072836        
-0.8612756245062        98.9264039600163        0.210721679473954       5.06121382811219        28.8873583564347        5.06121382811218        0.365877438016063       0.419175125456707       1.65376596281536        1.75506993118733        
-0.851361640908924      98.8303187762068        0.239184379961451       5.06952489169152        28.8970229461384        5.06952489169152        0.419175125456707       0.471343865057717       1.79127925072836        1.69172471151013        
-0.8414579610842        98.7225629358168        0.271192605676005       5.07886044040406        28.9078455172646        5.07886044040404        0.471343865057717       0.521574125160618       1.75506993118733        1.60600855394644        
-0.831566828579788      98.6037714865411        0.306499030376592       5.08917869651472        28.9197802332968        5.08917869651473        0.521574125160618       0.569201323494524       1.69172471151013        1.52854428716299        
-0.821686945229231      98.4746479586139        0.344862246560736       5.10042510469294        28.9327544092595        5.10042510469293        0.569201323494524       0.614471741239811       1.60600855394644        1.43780456694734        
-0.811821393175824      98.3358103921855        0.386125338574276       5.11254935666507        28.9466948072287        5.11254935666508        0.614471741239811       0.656994494547319       1.52854428716299        1.4221169772252         
-0.801970022453174      98.1881410270088        0.43013923275314        5.1254935029237         28.9615457373534        5.1254935029237         0.656994494547319       0.698988074336936       1.43780456694734        1.05907934286705        
-0.792134191971999      98.0318688315013        0.476397400180888       5.13924291956811        28.9772781038386        5.13924291956809        0.698988074336936       0.730208973910162       1.4221169772252         1.01429507396334        
-0.782316304550662      97.8697769317289        0.525011828141839       5.15358107099881        28.9936725803589        5.1535810709988         0.730208973910162       0.760055191030322       1.05907934286705        1.17335420480065        
-0.772516545256992      97.7038078550276        0.575679671791535       5.16847717788015        29.0109146440524        5.16847717788013        0.760055191030322       0.794519311741598       1.01429507396334        0.910093422492776       
-0.762736516507965      97.5352894566726        0.627777585725852       5.18402074397269        29.0294380417756        5.18402074397271        0.794519311741598       0.821207397413532       1.17335420480065        0.915384523573125       
-0.752969364671315      97.3592810981178        0.68150749598302        5.2000627530208         29.0480742706295        5.2000627530208         0.821207397413532       0.848011316634527       0.910093422492776       0.763603626613134       
-0.743214372831288      97.1728846014118        0.736609069051051       5.21660576208544        29.0663789090359        5.21660576208542        0.848011316634527       0.870336246784032       0.915384523573125       0.827647439890546       
-0.73347549820729       96.9836661862188        0.793231331109975       5.23355574247463        29.0852030849345        5.23355574247465        0.870336246784032       0.894489237965938       0.763603626613134       0.573288071542468       
-0.723757821104979      96.7927566542047        0.850939813259495       5.25094083126027        29.1047830572515        5.25094083126029        0.894489237965938       0.91118464082084        0.827647439890546       0.580481371183526       
-0.714060506157003      96.6008106285546        0.909712572315332       5.26861226589801        29.1247951573138        5.26861226589798        0.91118464082084        0.928052235509021       0.573288071542468       0.435116228801767       
-0.704384989379459      96.4063945639556        0.969132995280263       5.28657049161782        29.1450167468664        5.28657049161781        0.928052235509021       0.940667053585242       0.580481371183526       0.541817137927933       
-0.69473244361663       96.2085947589999        1.02928441286013        5.30473046371255        29.1650665319843        5.30473046371253        0.940667053585242       0.95633879057517        0.435116228801767       0.511437694830398       
-0.685102212887032      96.0071692962086        1.09002366231053        5.32314990386012        29.1850576496774        5.32314990386007        0.95633879057517        0.97109842757376        0.541817137927933       0.532196547019598       
-0.675494477608449      95.8048435765869        1.1514704889249         5.34181220381648        29.2053500407642        5.34181220381648        0.97109842757376        0.986424498597927       0.511437694830398       0.450356339067597       
-0.665904734193622      95.6024480916355        1.21351466030416        5.36073062409948        29.2261005274313        5.36073062409944        0.986424498597927       0.999367306176588       0.532196547019598       0.343909312876295       
-0.656334392575787      95.3998071953775        1.27599468171124        5.37985881199774        29.2471506704197        5.37985881199772        0.999367306176588       1.00923076293386        0.450356339067597       0.362219355921602       
-0.646784223533278      95.1969476936022        1.33880153319205        5.39913548064754        29.2683337967241        5.39913548064749        1.00923076293386        1.01959769631579        0.343909312876295       0.370327184957887       
-0.637254187685739      94.9936158895084        1.40181300214105        5.41856935877004        29.2896311669523        5.41856935877009        1.01959769631579        1.03017463533586        0.362219355921602       0.185118858584494       
-0.627743749663814      94.7897111035413        1.46513505548329        5.43816427254374        29.3110337679636        5.43816427254372        1.03017463533586        1.03545067706726        0.370327184957887       0.378219953711463       
-0.618252735261327      94.5864179240324        1.52908500625681        5.45781774391354        29.3324459168514        5.45781774391357        1.03545067706726        1.04620717401283        0.185118858584494       0.421065979953858       
-0.608784009333945      94.3826031939504        1.59301550379511        5.47763193077432        29.3539651201442        5.47763193077436        1.04620717401283        1.05815620752161        0.378219953711463       0.15807902207068        
-0.599334343318822      94.1780563968405        1.65677117048729        5.49762916229569        29.3756142998349        5.49762916229565        1.05815620752161        1.06263249598201        0.421065979953858       0.358700590132632       
-0.589906031743954      93.9742668453248        1.72088457988931        5.51766784098843        29.3972444868822        5.51766784098846        1.06263249598201        1.0727676044088         0.15807902207068        0.0790252936008525      
-0.580497158294128      93.7701731961495        1.7849996644605         5.53785311779503        29.4189691069803        5.53785311779504        1.0727676044088         1.07499554369317        0.358700590132632       0.285459074514965       
-0.571111064709571      93.5672849076329        1.84929336198002        5.55803523898709        29.4406257500575        5.55803523898708        1.07499554369317        1.08302570569247        0.0790252936008525      0.0904562438432928      
-0.561743837225469      93.3644768867707        1.91351202699721        5.57832378796282        29.4623285560894        5.57832378796281        1.08302570569247        1.08556474344649        0.285459074514965       0.248948293202262       
-0.552397963939683      93.1627865228453        1.97795599519236        5.59861579002759        29.4839687420631        5.59861579002759        1.08556474344649        1.0925374578167         0.0904562438432928      0.0778165398862278      
-0.543071784899175      92.9614118149852        2.04230212934752        5.61899394595859        29.5056381673109        5.6189939459586         1.0925374578167         1.09471229980582        0.248948293202262       0.0322411677675575      
-0.533765746677388      92.7611876137569        2.10668270150658        5.63936905901382        29.5272352048747        5.63936905901387        1.09471229980582        1.09561143938387        0.0778165398862278      -0.746043887655412      
-0.524479403408213      92.5623605589765        2.17056092085489        5.65971656399272        29.5487372899392        5.65971656399269        1.09561143938387        1.07485059740426        0.0322411677675575      -5.67863808261281       
-0.515214476235935      92.3688596676481        2.23288645340387        5.67963539324192        29.5697324021758        5.67963539324195        1.07485059740426        0.917138746378652       -0.746043887655412      -15.3680445634597       
-0.505967235828859      92.2049535970202        2.28572868948227        5.69659988742286        29.587574201586         5.69659988742284        0.917138746378652       0.490960363593311       -5.67863808261281       -39.5046435619439       
-0.49673225393072       92.1179341321446        2.31378666381915        5.70567056707114        29.5971447236941        5.70567056707113        0.490960363593311       -0.604330225937803      -15.3680445634597       -90.5037533073132       
-0.487498696643238      92.2277937715772        2.27891787326715        5.69449982189811        29.5857836132576        5.69449982189808        -0.604330225937803      -3.12028753152137       -39.5046435619439       -129.585668493366       
-0.478231782818296      92.8036321508432        2.09996614597283        5.63657102646211        29.5266620794351        5.63657102646212        -3.12028753152137       -6.74993720686361       -90.5037533073132       -77.7656552849881       
-0.468868746375738      94.105645522819         1.69760810735453        5.50994613318562        29.3971948111662        5.50994613318563        -6.74993720686361       -8.95663385798533       -129.585668493366       36.9447874073949        
-0.459342897163074      95.9423623424629        1.14505682877815        5.33922139135695        29.2192149494186        5.33922139135696        -8.95663385798533       -7.89121007078771       -77.7656552849881       99.3964407262295        
-0.449635108650939      97.6634919012901        0.635843239497674       5.18618062004637        29.0545610012303        5.18618062004638        -7.89121007078771       -4.9808423852673        36.9447874073949        80.5154785849549        
-0.439788878764735      98.8008345811648        0.30344943387233        5.08823941453029        28.9459928344832        5.08823941453028        -4.9808423852673        -2.59671132307456       99.3964407262295        46.0572499964684        
-0.429861961907171      99.4101399035388        0.126786525942988       5.0367366780173         28.8877914760713        5.03673667801734        -2.59671132307456       -1.22367771342068       80.5154785849549        22.6059635045699        
-0.419894361216919      99.7015062126595        0.0427773222966693      5.01235504511834        28.8599880939835        5.0123550451183         -1.22367771342068       -0.547407775935658      46.0572499964684        10.7252662402399        
-0.409906717329504      99.8329829526509        0.00504453576351017     5.00142424466303        28.8475042639861        5.00142424466301        -0.547407775935658      -0.226050018080817      22.6059635045699        9.88113010395689        
-0.399913013967364      99.8874491767093        -0.010604193346983      4.99690662121396        28.8423374043341        4.99690662121392        -0.226050018080817      0.070173742958894       10.7252662402399        3.93778754321493        
-0.389917942148279      99.8707729872283        -0.0057949414337813     4.99830925815412        28.8439771079126        4.99830925815416        0.070173742958894       0.188221330791945       9.88113010395689        -5.56190115919054       
-0.379925670415364      99.8257716476215        0.00719452013664296     5.002070628614          28.8483263621218        5.00207062861398        0.188221330791945       0.0215133002481402      3.93778754321493        -5.58195917583372       
-0.369937759766959      99.8207717663024        0.00868878157141541     5.00250045441512        28.8488433078635        5.00250045441513        0.0215133002481402      -0.145789840457248      -5.56190115919054       1.62997731646787        
-0.359946776672263      99.8559948931126        -0.00136185363117689    4.99958727787233        28.8455300317308        4.99958727787237        -0.145789840457248      -0.0969296305854209     -5.58195917583372       5.19331036873717        
-0.349952599312329      99.8797470354947        -0.00803151380527046    4.9976499880762         28.8433706011449        4.9976499880762         -0.0969296305854209     0.0587629259973681      1.62997731646787        1.62172686383445        
-0.339958818804321      99.8664652218199        -0.00390833428601371    4.99882447466402        28.8448415535319        4.99882447466404        0.0587629259973681      0.107379846415837       5.19331036873717        -3.09734529158241       
-0.329966829939673      99.841895098364         0.00359193897850248     5.0009704082505         28.847482931519         5.00097040825053        0.107379846415837       0.0145347855903271      1.62172686383445        -2.63263573830881       
-0.31997556869854       99.84014537652          0.00464845794431643     5.0012608540344         28.848067836301         5.00126085403442        0.0145347855903271      -0.0643792650953809     -3.09734529158241       0.793049699936265       
-0.309984470359512      99.8582829632595        0.000184751993820909    4.99997431961394        28.8469770344901        4.99997431961397        -0.0643792650953809     -0.0406053375608547     -2.63263573830881       1.93756052034259        
-0.29999057486012       99.8724261529233        -0.00269232758567765    4.99916275399091        28.8466784042346        4.9991627539909         -0.0406053375608547     0.0174843922753897      0.793049699936265       0.497262936363802       
-0.289996117253176      99.8754479647365        -0.00154888025783344    4.99951223836416        28.8481231166432        4.99951223836414        0.0174843922753897      0.0323937459676519      1.93756052034259        -0.740255751876481      
-0.280002202698448      99.8793746516969        0.000678361761963629    5.00015974596106        28.8505583015066        5.00015974596104        0.0323937459676519      0.0101973672657166      0.497262936363802       -0.788583202412438      
-0.27000716801793       99.8956082430059        0.00141677225427633     5.00036359701496        28.853490919933         5.00036359701493        0.0101973672657166      -0.0134522181755354     -0.740255751876481      -0.0632702088327135     
-0.260010037480315      99.9282543656331        0.000512835439611119    5.000094613268          28.8574290367569        5.00009461326799        -0.0134522181755354     -0.0153503059069616     -0.788583202412438      0.473536231520706       
-0.25000834536663       99.9773758911349        -0.000573116916611672   4.99978755151326        28.8636345428366        4.99978755151322        -0.0153503059069616     -0.00113729527898668    -0.0632702088327135     0.393071203009771       
-0.240001611203836      100.046461270838        -0.000716241632629325   4.99976478830953        28.8735396241642        4.99976478830949        -0.00113729527898668    0.0106692653447601      0.473536231520706       -0.132714685178319      
-0.229986351833567      100.14586412409         -4.07099915712279e-05   4.99997852019533        28.8884974083357        4.99997852019531        0.0106692653447601      0.00667857716224941     0.393071203009771       -0.338972680043993      
-0.219958637015836      100.2920976378          0.000384663121594232    5.00011248366251        28.9099685636709        5.00011248366247        0.00667857716224941     -0.00353056805941522    -0.132714685178319      -0.068834893843554      
-0.209911958531413      100.502576255922        0.000135871335647986    5.00004153190954        28.9400833719001        5.00004153190957        -0.00353056805941522    -0.0056083667245196     -0.338972680043993      0.16642668421382        
-0.199840204851932      100.794480798463        -0.000214157960766225   4.9999285342225         28.9817528983433        4.99992853422247        -0.0056083667245196     -0.000569530100103116   -0.068834893843554      0.119503697241768       
-0.189734278601568      101.187994987002        -0.000171418997862791   4.99991701980533        29.0382385351766        4.99991701980531        -0.000569530100103116   0.00306318618319307     0.16642668421382        -0.0440428748118919     
-0.179583087177038      101.707217751029        0.000139906182974107    4.99997923164318        29.1128258236628        4.99997923164322        0.00306318618319307     0.0017173251479679      0.119503697241768       -0.0834065282910329     
-0.169372358328251      102.377342867026        0.000324152759626368    5.00001431559208        29.2086796439976        5.0000143155921         0.0017173251479679      -0.000848475317786645   -0.0440428748118919     -0.0104174399125997     
-0.159086176587676      103.220503950962        0.000250861238358279    4.99999685259088        29.3286604671282        4.9999968525909         -0.000848475317786645   -0.00117160517773831    -0.0834065282910329     0.0344113771343683      
-0.148706018000454      104.252842388701        8.71778070498607e-05    4.99997251869261        29.4748861162373        4.9999725186926         -0.00117160517773831    -9.3540488536997e-05    -0.0104174399125997     -0.0162341513324493     
-0.138213099450598      105.482249432842        1.85997766852781e-05    4.9999705547578         29.6481629901368        4.99997055475783        -9.3540488536997e-05    -0.000608101379984683   0.0344113771343683      -0.0329590394251898     
-0.127587978602051      106.905763283242        2.16981531236962e-06    4.99995762672897        29.8475092894233        4.99995762672897        -0.000608101379984683   -0.00166672547499561    -0.0162341513324493     0.0381989713265384      
-0.116811817959189      108.505967302974        -5.3998385648093e-05    4.99992169151797        30.0699556472702        4.99992169151794        -0.00166672547499561    -0.000421708501613547   -0.0329590394251898     0.0683411074231613      
-0.105868528370284      110.249084086063        -8.97090166628913e-05   4.9999124593471         30.3104978831183        4.9999124593471         -0.000421708501613547   0.00184082397425559     0.0381989713265384      0.0200235701502477      
-0.0947466595839532     112.086370733554        -3.51910945929756e-05   4.9999534116791         30.5621397525315        4.99995341167909        0.00184082397425559     0.00251453797045153     0.0683411074231613      -0.0462798028912492     
-0.0834402071264506     113.956599043942        7.30901036078408e-05    5.00001027410431        30.8162339798819        5.00001027410428        0.00251453797045153     0.000932009510595911    0.0200235701502477      -0.0594713244688802     
-0.0719480438233583     115.789252410443        8.39464954589436e-05    5.00003169227582        31.0631059746966        5.00003169227584        0.000932009510595911    -0.00113363020984947    -0.0462798028912492     -0.0263906065814117     
-0.0602775503560601     117.508472419338        -6.02759264897217e-05   5.00000524007422        31.292783455876         5.00000524007423        -0.00113363020984947    -0.00206363625416556    -0.0594713244688802     0.00747936700560711     
-0.0484425695181849     119.038594196765        -0.000192698256813949   4.9999564170982         31.4957082509258        4.99995641709821        -0.00206363625416556    -0.00179668224599096    -0.0263906065814117     0.0284621933428975      
-0.0364656004643952     120.309779386702        -0.000130079475939976   4.99991340574371        31.6632931219954        4.99991340574373        -0.00179668224599096    -0.000770102185318521   0.00747936700560711     0.0272356319788417      
-0.0243758757878052     121.26282730747         6.11199655749811e-05    4.99989479836199        31.7883988138568        4.99989479836199        -0.000770102185318521   0.000219917454778117    0.0284621933428975      0.00171186777505559     
-0.0122078455802009     121.853019989326        0.000132686457408505    4.99990014605415        31.8656798777245        4.99990014605413        0.000219917454778117    0.000282442844794165    0.0272356319788417      -0.015439050004625      
1.01609197254216e-12    122.0528231828          -1.51849893199171e-08   4.99990703646863        31.8918163340938        4.99990703646861        0.000282442844794165    -0.000282375058764742   0.00171186777505559     0.00169970961490647     
0.0122078455777494      121.853019965145        -0.000132667218157331   4.99990014770779        31.8656798798323        4.99990014770782        -0.000282375058764742   -0.000220293741423505   -0.015439050004625      0.027273565823702       
0.0243758757906443      121.262827416554        -6.11064082138945e-05   4.9998947908656         31.7883988043244        4.99989479086559        -0.000220293741423505   0.000771104800009764    0.00169970961490647     0.0283922358831355      
0.0364656004634804      120.309779145181        0.000130022756982113    4.9999134224727         31.6632931431838        4.99991342247273        0.000771104800009764    0.00179516162118348     0.027273565823702       0.00754741079128803     
0.0484425695130355      119.0385944778          0.000192770271375176    4.99995639742447        31.4957082261403        4.99995639742449        0.00179516162118348     0.00206454425216752     0.0283922358831355      -0.0263737773702543     
0.0602775503685863      117.50847239384         6.02694249504122e-05    5.00000524188256        31.2927834581397        5.00000524188257        0.00206454425216752     0.00113513127011799     0.00754741079128803     -0.059635855779394      
0.0719480438124391      115.789251898642        -8.40832275653841e-05   5.00003172910996        31.063106020463         5.00003172911001        0.00113513127011799     -0.000936223178294122   -0.0263737773702543     -0.0460558379793872     
0.0834402071173474      113.956599864401        -7.28688690242721e-05   5.0000102141057         30.8162339059237        5.00001021410567        -0.000936223178294122   -0.00251109320376773    -0.059635855779394      0.0199773369128496      
0.094746659617862       112.086370492794        3.51253036719925e-05    4.99995342957854        30.5621397744131        4.99995342957856        -0.00251109320376773    -0.0018389347737909     -0.0460558379793872     0.068185033105209       
0.105868528350534       110.249083293213        8.94922898951838e-05    4.99991251927521        30.3104979557785        4.99991251927521        -0.0018389347737909     0.000418430633481544    0.0199773369128496      0.0379403402015109      
0.116811817907984       108.505967457045        5.40397620106265e-05    4.999921679686          30.0699556330396        4.99992167968597        0.000418430633481544    0.00165501805918031     0.068185033105209       -0.0315032945269085     
0.127587978687928       106.905766673246        -1.2233247240396e-06    4.99995736248103        29.8475089739378        4.99995736248101        0.00165501805918031     0.000643151598039925    0.0379403402015109      -0.0182789311167589     
0.13821309950343        105.482243345561        -2.03106876891835e-05   4.99997103566559        29.6481635604646        4.99997103566552        0.000643151598039925    6.37789608028833e-05    -0.0315032945269085     0.0347301279977431      
0.148706017736713       104.25284418964         -8.6664958964539e-05    4.99997237474033        29.4748859465226        4.9999723747404         6.37789608028833e-05    0.00115182971407402     -0.0182789311167589     -0.00795425675514261    
0.159086176755578       103.220510821613        -0.000248917458790575   4.9999962979085         29.3286598164177        4.99999629790843        0.00115182971407402     0.000905103272676662    0.0347301279977431      -0.086056102463943      
0.16937235857742        102.377335363072        -0.000326285835774334   5.000014926405          29.2086803576417        5.00001492640501        0.000905103272676662    -0.00174220493095577    -0.00795425675514261    -0.0439587967036967     
0.17958308688103        101.707216499598        -0.000140266954028162   4.9999793341774         29.1128259430644        4.99997933417745        -0.00174220493095577    -0.00308549669464686    -0.086056102463943      0.121769462149574       
0.189734278466905       101.187999243811        0.000172640501276948    4.9999166692242         29.0382381279288        4.99991666922412        -0.00308549669464686    0.000616095157566451    -0.0439587967036967     0.159507283399853       
0.199840204727247       100.7944736517          0.000212101863909716    4.99992912506589        28.9817535832697        4.99992912506591        0.000616095157566451    0.0054454359163186      0.121769462149574       -0.0533956390958864     
0.209911959167333       100.502608721306        -0.000126521165759732   5.00003884001919        28.9400802558718        5.00003884001922        0.0054454359163186      0.00383367508229438     0.159507283399853       -0.352957068196995      
0.219958638055863       100.292056726113        -0.000396459022505654   5.0001158831326         28.9099724947486        5.00011588313268        0.00383367508229438     -0.00679664972063141    -0.0533956390958864     -0.132222961454503      
0.229986349595774       100.145851731379        3.71423790355613e-05    4.99997955130508        28.8884985996424        4.99997955130516        -0.00679664972063141    -0.0107725518371288     -0.352957068196995      0.386485923539138       
0.240001609304859       100.046473729642        0.000719829497357349    4.99976375032619        28.873538424811         4.99976375032626        -0.0107725518371288     0.000836210860984639    -0.132222961454503      0.493108666601041       
0.25000834756905        99.9774606438299        0.0005975911930887      4.99978048726798        28.8636263860943        4.99978048726798        0.000836210860984639    0.0156366830942379      0.386485923539138       -0.0361995732268266     
0.260010045042899       99.9282703749784        -0.000508215494365407   5.00009327764528        28.8574274941666        5.00009327764521        0.0156366830942379      0.0145507068542446      0.493108666601041       -0.857652565772662      
0.270007165970749       99.8953609492262        -0.0014881869204328     5.00038422600513        28.8535147235595        5.00038422600514        0.0145507068542446      -0.0111702542886961     -0.0361995732268266     -0.75835751855854       
0.280002185547326       99.8793604625067        -0.000682456370925166   5.0001609265344         28.850559658115         5.00016092653444        -0.0111702542886961     -0.033909415780845      -0.857652565772662      0.581070970494532       
0.289996115408436       99.8757968628419        0.00164968551558809     4.99948312204236        28.8480895010487        4.99948312204228        -0.033909415780845      -0.0164872425949353     -0.75835751855854       1.95828246054907        
0.29999059794593        99.8725361552971        0.00272412487211281     4.99915356858212        28.8466677891948        4.99915356858214        -0.0164872425949353     0.0422237715900748      0.581070970494532       0.734633583480568       
0.309984486057739       99.8580052583114        -0.00026492807346113    4.99999748095912        28.8470037365281        4.99999748095916        0.0422237715900748      0.0642464883118847      1.95828246054907        -2.66165271424246       
0.319975557259285       99.8398995849687        -0.00471942399766283    5.00128135960734        28.8480914660275        5.00128135960725        0.0642464883118847      -0.0155372453261512     0.734633583480568       -3.08031448527324       
0.32996680532492        99.8418892395781        -0.00359358569988343    5.00097088223796        28.8474834521938        5.00097088223801        -0.0155372453261512     -0.107871750400778      -2.66165271424246       1.63491774348757        
0.339958799805052       99.8665771375357        0.00394073406838419     4.99881511761365        28.8448307194271        4.99881511761372        -0.107871750400778      -0.0588593544883641     -3.08031448527324       5.18682780852315        
0.349952592970653       99.8798820998409        0.00807058896752862     4.99763870231743        28.8433575358657        4.99763870231737        -0.0588593544883641     0.096639091847874       1.63491774348757        1.62496240656634        
0.359946787154827       99.8561994479655        0.00142101713670071     4.99957018870777        28.8455102779649        4.99957018870776        0.096639091847874       0.145349079876943       5.18682780852315        -5.5724974104256        
0.369937795630319       99.8210815682778        -0.00859920076006834    5.00247456522143        28.8488134249979        5.00247456522141        0.145349079876943       -0.0216709099207508     1.62496240656634        -5.53131763543359       
0.379925738600765       99.8261192227728        -0.00709403057095292    5.00204158920477        28.8482928449623        5.00204158920483        -0.0216709099207508     -0.187462605345938      -5.5724974104256        3.99555326730103        
0.389918035392074       99.870939415983         0.00584302660789177     4.99829537443861        28.8439610815316        4.99829537443856        -0.187462605345938      -0.0676833809890045     -5.53131763543359       9.93899609471551        
0.399913094075955       99.8870188815898        0.0104798593676078      4.99694251818051        28.8423788796889        4.99694251818051        -0.0676833809890045     0.230273188784744       3.99555326730103        10.7714483846703        
0.409906704704115       99.8315421576226        -0.00546073191995268    5.00154449562655        28.8476428895085        5.00154449562649        0.230273188784744       0.553009485210559       9.93899609471551        22.6884852449965        
0.419894144819152       99.6987349929193        -0.0435785939823513     5.01258691485041        28.8602545164524        5.0125869148504         0.553009485210559       1.23172773046008        10.7714483846703        46.1810182631406        
0.429861385695095       99.4054911458582        -0.128133979380225      5.03712801980992        28.8882382286681        5.03712801980991        1.23172773046008        2.60838318090201        22.6884852449965        80.6271624578017        
0.439787726317704       98.7935684150147        -0.305566916233224      5.08885915553191        28.9466910928928        5.0888591555319         2.60838318090201        4.99564464684235        46.1810182631406        99.345531865106         
0.449633092717613       97.6531803525788        -0.638879707955435      5.18708281944192        29.0555540895576        5.18708281944197        4.99564464684235        7.90423764136082        80.6271624578017        36.194751886281         
0.45933973859622        95.9298840927516        -1.14879441600988       5.34035933454459        29.2204281276104        5.34035933454465        7.90423764136082        8.94791910675712        99.345531865106         -78.169767326308        
0.468864457674779       94.0957303666334        -1.70064865069164       5.51089910242263        29.3981880399479        5.51089910242258        8.94791910675712        6.72996773868445        36.194751886281         -129.493708832347       
0.478226681559191       92.7980106349909        -2.10174813633327       5.63713873616512        29.5272546525401        5.63713873616506        6.72996773868445        3.10313555416707        -78.169767326308        -90.2052073182742       
0.487493187488915       92.2254572517798        -2.27968632583728       5.69474632296318        29.5860491777282        5.69474632296327        3.10313555416707        0.595568040569587       -129.493708832347       -39.3375936167166       
0.496726582314122       92.1171887662421        -2.31405106761413       5.70575487026021        29.5972436339846        5.70575487026013        0.595568040569587       -0.495074618156612      -90.2052073182742       -15.2823708044322       
0.505961513861589       92.2049447740266        -2.28575555055779       5.69660824300496        29.5875944850072        5.6966082430049         -0.495074618156612      -0.918875215841354      -39.3375936167166       -5.59312846868764       
0.515208755602608       92.3691646488726        -2.2328142204108        5.67961164705675        29.5697194037143        5.67961164705666        -0.918875215841354      -1.07421216112645       -15.2823708044322       -0.712468130540227      
0.524473691177464       92.5625535799259        -2.17052443332509       5.65970463466269        29.5487369581319        5.65970463466267        -1.07421216112645       -1.0940386592157        -5.59312846868764       0.0266284084834407      
0.533760043241577       92.7610973337417        -2.10673931843601       5.63938634556317        29.5272660915116        5.63938634556324        -1.0940386592157        -1.09329604935545       -0.712468130540227      0.0496797138334192      
0.543066043625204       92.9610621096547        -2.04244047586608       5.61903766128238        29.5056974449275        5.61903766128239        -1.09329604935545       -1.09190759076556       0.0266284084834407      0.222890426511548       
0.552392163145756       93.1623194019906        -1.97813334445133       5.59867137468029        29.4840411871334        5.59867137468024        -1.09190759076556       -1.08566476130625       0.0496797138334192      0.0757391515526212      
0.561737971745597       93.3640268559385        -1.9136839159044        5.57837763685636        29.4623997523404        5.57837763685638        -1.08566476130625       -1.08353883450272       0.222890426511548       0.281688606076096       
0.571105141576878       93.5669299537223        -1.84943540307347       5.55807959971131        29.4406873952642        5.55807959971131        -1.08353883450272       -1.07561478302107       0.0757391515526212      0.082811458108869       
0.580491185570316       93.7699350991401        -1.78510644303912       5.53788595742372        29.419018984722         5.53788595742369        -1.07561478302107       -1.07328011872814       0.281688606076096       0.36318146358899        
0.589900021375236       93.9741261716074        -1.72096001990706       5.51769120416317        29.3972847214386        5.51769120416323        -1.07328011872814       -1.06301851750199       0.082811458108869       0.165010796257417       
0.599328146533882       94.1779879127819        -1.65682762144618       5.49764553501547        29.3756473615319        5.49764553501539        -1.06301851750199       -1.05834600087999       0.36318146358899        0.422057126499331       
0.608777679334676       94.3825952938626        -1.59305728854415       5.47764496597112        29.3539988186367        5.47764496597109        -1.05834600087999       -1.04636894866421       0.165010796257417       0.382569487667607       
0.618246387132515       94.5864244577213        -1.52912001268551       5.45782781603676        29.3324739956932        5.45782781603673        -1.04636894866421       -1.0354887970097        0.422057126499331       0.183762998899851       
0.627737378366524       94.7897230575251        -1.46516546208436       5.43817366493193        29.3110609280758        5.43817366493186        -1.0354887970097        -1.03025140961048       0.382569487667607       0.37393589754537        
0.637247796249069       94.9936443140653        -1.40184174191908       5.4185773323632         29.2896570993575        5.41857733236311        -1.03025140961048       -1.0195714243273        0.183762998899851       0.360511391603937       
0.646777814931418       95.1969727530654        -1.33882874054341       5.39914399402907        29.2683607242093        5.39914399402914        -1.0195714243273        -1.00925339459473       0.37393589754537        0.344034097634108       
0.656327961871096       95.3998387707094        -1.27602451379405       5.37986693221702        29.2471775829559        5.37986693221696        -1.00925339459473       -0.999386374418949      0.360511391603937       0.450135209415948       
0.665898287356137       95.6024857838182        -1.21353911999532       5.36073840462973        29.2261274980505        5.36073840462979        -0.999386374418949      -0.986449936524653      0.344034097634108       0.535926060491196       
0.675488034542449       95.8048892647464        -1.15149778722504       5.34181950968298        29.2053769763218        5.34181950968293        -0.986449936524653      -0.971016480543329      0.450135209415948       0.504704873849316       
0.685095751638986       96.0072002092929        -1.09005108399019       5.32315880880881        29.1850867597125        5.32315880880885        -0.971016480543329      -0.956451168145582      0.535926060491196       0.545825978976215       
0.694725965019625       96.2086516150022        -1.02931068264595       5.30473723784413        29.1650937716326        5.30473723784419        -0.956451168145582      -0.940663505845085      0.504704873849316       0.436168060756278       
0.704378493367956       96.4064532712316        -0.969153607818784      5.28657736582047        29.1450445697241        5.2865773658204         -0.940663505845085      -0.928018214350951      0.545825978976215       0.577568211575345       
0.714053995178686       96.6008648386658        -0.909745514359181      5.26861982723286        29.1248242288498        5.26861982723289        -0.928018214350951      -0.911235293420419      0.436168060756278       0.544986031697947       
0.723751295390443       96.7928253370507        -0.850982210733883      5.25094743229971        29.1048116774707        5.25094743229975        -0.911235293420419      -0.895364111261375      0.577568211575345       0.805384316381757       
0.733468968521668       96.9839298288049        -0.793306976155361      5.23354533192811        29.0852136897653        5.23354533192817        -0.895364111261375      -0.871860776650066      0.544986031697947       0.785701672813829       
0.743207883131292       97.1734871928447        -0.736768176252996      5.21656560781471        29.0663571643007        5.21656560781464        -0.871860776650066      -0.84888971514096       0.805384316381757       1.04251766357427        
0.752962920977758       97.3600659754502        -0.681747868678859      5.20000540619894        29.0480311845808        5.20000540619891        -0.84888971514096       -0.818363083976063      0.785701672813829       0.894822816609316       
0.762730074516657       97.5354351875482        -0.627858876764208      5.18401895517664        29.029454720268         5.18401895517663        -0.818363083976063      -0.792122817248871      1.04251766357427        0.987876856065178       
0.772510065282878       97.7034456783883        -0.57558695189254       5.16852230522192        29.010987524436         5.16852230522197        -0.792122817248871      -0.763106638060266      0.894822816609316       1.14855281000712        
0.782309817146778       97.870109295824         -0.525075940256614      5.15356641386042        28.9936805812292        5.15356641386041        -0.763106638060266      -0.729309845350267      0.987876856065178       1.02669005395469        
0.79212770507778        98.0320058694629        -0.476379949694547      5.13924592352235        28.977306826186         5.13924592352235        -0.729309845350267      -0.699043769996864      1.14855281000712        1.4398237175772         
0.80196352526898        98.1882938830896        -0.430151603935607      5.12549541653176        28.961573686952         5.12549541653168        -0.699043769996864      -0.656527383509271      1.02669005395469        1.43151235013171        
0.811814901147387       98.3358619083028        -0.386162429874693      5.11256049484453        28.9467339210856        5.11256049484448        -0.656527383509271      -0.614191161208513      1.4398237175772         1.51610343277793        
0.821680387619779       98.4746376356745        -0.344921066835102      5.10044196628737        28.9328007174077        5.10044196628733        -0.614191161208513      -0.569289658292622      1.43151235013171        1.58914303623757        
0.831559787263662       98.6037917832647        -0.306550844169981      5.08919396752432        28.9198265992501        5.08919396752439        -0.569289658292622      -0.522162660964734      1.51610343277793        1.68922658795845        
0.841451409087958       98.722711983342         -0.271205781096126      5.07886393931962        28.9078772967979        5.07886393931962        -0.522162660964734      -0.472006144415595      1.58914303623757        1.76314731768224        
0.851355088617915       98.8306262059387        -0.239151010989075      5.06951515449139        28.8970401390546        5.06951515449136        -0.472006144415595      -0.419596832877715      1.68922658795845        1.80519465176241        
0.861269087093689       98.92681395123          -0.210660680147061      5.06119571921706        28.8873665375757        5.06119571921698        -0.419596832877715      -0.365885010861245      1.76314731768224        1.66156167812603        
0.871191834204086       99.0108223228859        -0.185741631674727      5.05393466003833        28.8788915604613        5.05393466003841        -0.365885010861245      -0.316405129539602      1.80519465176241        1.58276832521275        
0.881122730362091       99.0835649076043        -0.164345551080317      5.04765061075298        28.8715320261283        5.04765061075294        -0.316405129539602      -0.269236151222333      1.66156167812603        1.35777394944521        
0.891059729550493       99.1454878794361        -0.146083350150583      5.04229961045921        28.8652401951225        5.04229961045916        -0.269236151222333      -0.22874546572857       1.58276832521275        1.3213904226768         
0.901004328309834       99.1979915843121        -0.130766216807749      5.0377504517373         28.8598546691681        5.03775045173725        -0.22874546572857       -0.189317473972772      1.35777394944521        1.10033624349016        
0.910952985346214       99.2413490117541        -0.117830528673302      5.03398351456816        28.8553667708647        5.03398351456807        -0.189317473972772      -0.156470244139763      1.3213904226768         0.931341198996615       
0.920905995720393       99.2770321533269        -0.10699395916595       5.03086891723157        28.8516243117313        5.0308689172316         -0.156470244139763      -0.128657515713723      1.10033624349016        0.529350138824349       
0.93086204813029        99.3062710695538        -0.0978272024546308     5.02830705547578        28.8485246148461        5.02830705547573        -0.128657515713723      -0.11284439276151       0.931341198996615       0.547263432128277       
0.940821450636016       99.3317806501588        -0.0903663981990258     5.02605940075556        28.8457804519864        5.02605940075555        -0.11284439276151       -0.0964918295135513     0.529350138824349       0.442272208365346       
0.950782949548957       99.3534271725511        -0.0838824932624423     5.02413700571091        28.8434056617747        5.02413700571099        -0.0964918295135513     -0.0832739627742806     0.547263432128277       0.220141066103186       
0.96074630723117        99.372018360391         -0.078012385493324      5.02247770375699        28.8413403119086        5.02247770375707        -0.0832739627742806     -0.076693883541928      0.442272208365346       0.215806279870771       
0.970709732017046       99.3890517181594        -0.0727803990002777     5.02094935902679        28.8394231194781        5.02094935902672        -0.076693883541928      -0.0702428050655477     0.220141066103186       0.158236497960096       
0.980675238407088       99.4047267933831        -0.0678897729387084     5.01954945347274        28.8376762253923        5.01954945347281        -0.0702428050655477     -0.065512499537457      0.215806279870771       0.103311123548357       
0.990639845553262       99.4206448992917        -0.0632502336693258     5.01824382662472        28.8362340786992        5.01824382662469        -0.065512499537457      -0.0624239014615226     0.158236497960096       0.0934154283707013      
1.00060398714427        99.4390962371413        -0.0588410402146361     5.01699965411555        28.8353345575442        5.01699965411562        -0.0624239014615226     -0.0596304526105885     0.103311123548357       0.0688773135571139      
1.01057315221293        99.4568004010635        -0.0545954118449952     5.01581067465374        28.8344840170747        5.0158106746538         -0.0596304526105885     -0.0575698097247534     0.0934154283707013      0.0634476059417368      
1.02054894435028        99.4689078134114        -0.0505221107633504     5.0146621033113         28.8329372555555        5.01466210331128        -0.0575698097247534     -0.0556706254280543     0.0688773135571139      0.0808381442479024      
1.030530058432          99.4787966664974        -0.0466296076867967     5.01355088236451        28.8311755108909        5.01355088236445        -0.0556706254280543     -0.0532500661151946     0.0634476059417368      0.0867925780097347      
1.04051330498551        99.4904848708778        -0.0428616981807906     5.01248775393017        28.8298120310628        5.01248775393023        -0.0532500661151946     -0.0506509803752634     0.0808381442479024      0.131101289741077       
1.05049535466942        99.5034384106335        -0.0392350324768211     5.01147656969319        28.8287804748079        5.01147656969317        -0.0506509803752634     -0.0467255960101374     0.0867925780097347      0.0095300312079043      
1.06047553747786        99.5115310205517        -0.0357175711906464     5.01054397506208        28.8272701391185        5.01054397506216        -0.0467255960101374     -0.0464403138246758     0.131101289741077       -0.00636776855831385    
1.07045105627062        99.5162142675417        -0.0324996757077634     5.00961730702142        28.8252825751957        5.00961730702137        -0.0464403138246758     -0.0466309182784094     0.0095300312079043      0.0480928307378222      
1.08042775055131        99.5243399392161        -0.0296851446822374     5.00868679446124        28.8237820552469        5.0086867944613         -0.0466309182784094     -0.0451911751508003     -0.00636776855831385    0.220991805718571       
1.09040852520347        99.5339246720443        -0.0272016276651763     5.00778474945406        28.822574197608         5.00778474945406        -0.0451911751508003     -0.0385738795879092     0.0480928307378222      0.0857665460928759      
1.10039157174792        99.5421663527418        -0.0245856986872548     5.00701462620478        28.8215510469824        5.00701462620477        -0.0385738795879092     -0.036005294295292      0.220991805718571       0.0871533961242558      
1.11037448330364        99.5498625992521        -0.0220993022041534     5.00629572080592        28.8205959670468        5.00629572080591        -0.036005294295292      -0.0333949384053509     0.0857665460928759      0.132741080929383       
1.12035892972972        99.5569631803839        -0.0199099573763188     5.00562888057969        28.8197042015394        5.00562888057978        -0.0333949384053509     -0.0294188241435499     0.0871533961242558      0.0416839472870231      
1.13034372996792        99.5631642391541        -0.0178745966848989     5.00504137989443        28.8189103694719        5.00504137989435        -0.0294188241435499     -0.0281700863908258     0.132741080929383       0.101461597540503       
1.14033014313005        99.569087247624         -0.0159854151279014     5.00447874838167        28.8181476714036        5.00447874838167        -0.0281700863908258     -0.0251303438870088     0.0416839472870231      0.0554368248914224      
1.15031783337426        99.5743455332218        -0.0141350155151215     5.00397679663992        28.8174632988647        5.00397679663995        -0.0251303438870088     -0.0234694143561845     0.101461597540503       0.117065860679435       
1.1603039006826         99.5792941258358        -0.0126044719070999     5.00350802535072        28.8168294958976        5.00350802535074        -0.0234694143561845     -0.0199619289008453     0.0554368248914224      0.0563727286382417      
1.17029149692828        99.5833948366753        -0.0113279089333844     5.00310929053945        28.8162745652183        5.00310929053941        -0.0199619289008453     -0.0182728047882102     0.117065860679435       0.0665886027678476      
1.1802797643831         99.5871240505929        -0.0102332127588263     5.00274426082663        28.8157628534665        5.00274426082665        -0.0182728047882102     -0.0162774201183794     0.0563727286382417      0.0760805318871944      
1.19026896463881        99.5904339909995        -0.00908934235609765    5.00241907171614        28.8153051449244        5.0024190717162         -0.0162774201183794     -0.0139974988650697     0.0665886027678476      0.0681108818696952      
1.20025815062013        99.5932113525966        -0.00788684595367669    5.00213942302323        28.8149014913091        5.00213942302321        -0.0139974988650697     -0.011956347230636      0.0760805318871944      -0.00807639238207671    
1.21024753009541        99.5954976416517        -0.0067687507861984     5.00190054864111        28.8145441949016        5.00190054864117        -0.011956347230636      -0.0121983831123259     0.0681108818696952      0.0540385199741403      
1.22023733771673        99.5978722099614        -0.00594166514704875    5.0016568367352         28.8141856979981        5.00165683673511        -0.0121983831123259     -0.0105789217767063     -0.00807639238207671    0.0948213636846089      
1.23022641019691        99.5998802409281        -0.00529881255591987    5.00144547989033        28.8138673450999        5.00144547989028        -0.0105789217767063     -0.00773718735022054    0.0540385199741403      0.0478668306007873      
1.24021656474485        99.601218741433         -0.00473332516654098    5.00129089160084        28.8136156496621        5.00129089160084        -0.00773718735022054    -0.00630257221918184    0.0948213636846089      -0.0899674021883277     
1.25020699865361        99.6022872674243        -0.00414809543286949    5.0011649576866         28.8134074343663        5.00116495768658        -0.00630257221918184    -0.00899915643210764    0.0478668306007873      0.101264304654358       
1.26019868036482        99.6043461939302        -0.00371001555104211    5.00098513106489        28.8131872096003        5.00098513106492        -0.00899915643210764    -0.00596381309572031    -0.0899674021883277     0.0594651126831996      
1.27019010044296        99.6062279312157        -0.00335756344608815    5.0008659537606         28.8131160539702        5.00086595376056        -0.00596381309572031    -0.00418132444834143    0.101264304654358       -0.0557965061895421     
1.28018239257582        99.6086923794161        -0.00306371551359886    5.00078239493663        28.8132317762066        5.00078239493671        -0.00418132444834143    -0.00585387777804626    0.0594651126831996      -0.0116036175315223     
1.29017402283069        99.6128857963666        -0.00278165261623598    5.00066541048829        28.8135012462564        5.00066541048831        -0.00585387777804626    -0.00620170798789029    -0.0557965061895421     0.0320918959995293      
1.30016665976904        99.6192263066258        -0.00245726771709863    5.00054147522399        28.8140611760996        5.00054147522397        -0.00620170798789029    -0.00523972365612356    -0.0116036175315223     0.0528346281451319      
1.31015786267489        99.6288864490934        -0.00221251292767427    5.000436765669          28.8151565072593        5.00043676566893        -0.00523972365612356    -0.00365577350381712    0.0320918959995293      0.09040629708582        
1.32015040673121        99.6412526848614        -0.0019971964303539     5.00036369598956        28.8167342166637        5.00036369598953        -0.00365577350381712    -0.000944597188258336   0.0528346281451319      0.0972311483373245      
1.33014906456126        99.6482972700581        -0.00178648796123792    5.00034480694939        28.8176984327249        5.00034480694945        -0.000944597188258336   0.00197242845535137     0.09040629708582        0.00203437871907324     
1.34015305685424        99.6499085361713        -0.00163043569596545    5.00038426604526        28.8180451209863        5.00038426604533        0.00197242845535137     0.00203347819826709     0.0972311483373245      -0.107147514722176      
1.35015708836           99.6519534796577        -0.00155572556357603    5.00042495128809        28.8184580498992        5.00042495128802        0.00203347819826709     -0.00118195425695834    0.00203437871907324     -0.115771739228535      
1.3601604536519         99.655166503866         -0.00150036925816484    5.00040130583621        28.8188544972227        5.0004013058363         -0.00118195425695834    -0.00465558017861591    -0.107147514722176      0.0180734913342662      
1.37016046453295        99.6565028998682        -0.00136666706441888    5.00030819240005        28.8187794061485        5.00030819240001        -0.00465558017861591    -0.00411341260055403    -0.115771739228535      0.0494438272368783      
1.38015786479953        99.6557018803547        -0.00102725809087438    5.00022593954959        28.8184265579672        5.00022593954962        -0.00411341260055403    -0.00263039316279214    0.0180734913342662      0.00204042594621435     
1.390155564895          99.6553375457012        -0.000686078185426119   5.00017334399556        28.8182223134049        5.00017334399559        -0.00263039316279214    -0.00256919311333198    0.0494438272368783      0.00400402336917403     
1.40015340521216        99.6550474446784        -0.000493124622915426   5.00012196986685        28.8180323216865        5.00012196986683        -0.00256919311333198    -0.00244909379169598    0.00204042594621435     0.0947085809353617      
1.41015244738595        99.6542024974464        -0.000455103276898977   5.00007299560698        28.8177690209308        5.00007299560694        -0.00244909379169598    0.000391645175005019    0.00400402336917403     -0.0568172354439302     
1.42015030333034        99.6522545204406        -0.00040398886559153    5.00008082697695        28.8175099315411        5.00008082697694        0.000391645175005019    -0.00131243523904773    0.0947085809353617      0.00571254400498287     
1.43014771821535        99.6509110834366        -0.000361193680005932   5.00005458632291        28.8172400654537        5.00005458632292        -0.00131243523904773    -0.00114112276306856    -0.0568172354439302     0.0334675298686701      
1.44014276407261        99.6477227723886        -0.00036527523010174    5.0000317739228         28.816713323492         5.00003177392272        -0.00114112276306856    -0.000137593620110804   0.00571254400498287     -0.0287900963884333     
1.45013763437112        99.6448322941257        -0.000399212999270748   5.00002902357398        28.8162874522896        5.00002902357392        -0.000137593620110804   -0.00100072305354932    0.0334675298686701      -0.0305354139284765     
1.46013070149988        99.6391595848942        -0.000405440550595495   5.00000902400025        28.8154095658403        5.00000902400027        -0.00100072305354932    -0.00191589567565209    -0.0287900963884333     0.0703093840084262      
1.47011994360195        99.6148529455924        -0.000301185981234147   4.99997075036031        28.8117843665113        4.99997075036026        -0.00191589567565209    0.000190163798313333    -0.0305354139284765     0.0796567548942522      
1.48010217524855        99.5537156972           -0.000218506294472541   4.99997454660378        28.8029525253294        4.99997454660372        0.000190163798313333    0.00257404813881137     0.0703093840084262      0.00582006439066155     
1.49007450724409        99.4252638804964        -0.000172000503713585   5.00002587626622        28.7845123911303        5.00002587626627        0.00257404813881137     0.00274804924826058     0.0796567548942522      0.00582006439066155     
1.50003005341487        99.260223442304         -7.25013912776385e-05   5.00008061599275        28.7607695531307        5.00008061599275        0.00274804924826058     0.00274804924826058     0.00582006439066155     0.00582006439066155     
