x                       V                     vel                       p                      cs                  dd1[i]             dd2_left[i]            dd2_right[i]             dd3_left[i]            dd3_right[i]
-1.50010989445845       98.393818785976         2.88850232374537e-05    5.00050432889531        28.6361868031754        5.00051067557286        0.000541767167978108    0.000541767167978108    -0.00143021250180684    -0.00143021250180684    
-1.49022264043695       98.689456098666         0.000115888565042736    5.00051067557286        28.6791933518552        5.00051067557286        0.000541767167978108    0.000541767167978108    -0.00143021250180684    -0.00143021250180684    
-1.48029615912078       98.9644262975539        0.000238458959986052    5.00052142757797        28.7191496586302        5.00052142757797        0.000541767167978108    0.000499139606417293    -0.00143021250180684    -0.00342748270439637    
-1.47034402916446       99.1264727026528        0.000377170369546092    5.00053135955111        28.7426812513871        5.00053135955111        0.000499139606417293    0.000396760925504246    -0.00143021250180684    0.00234104426324822     
-1.4603783967339        99.1997436423692        0.000499022648413527    5.00053926724552        28.7533248333811        5.00053926724552        0.000396760925504246    0.000466781293947633    -0.00342748270439637    0.000971099932914372    
-1.45040053555522       99.2184380704606        0.000575917179676844    5.00054858000164        28.7560607989349        5.00054858000164        0.000466781293947633    0.000495849108980328    0.00234104426324822     -0.00964492481641637    
-1.44041987952656       99.2236853980803        0.000603871562719667    5.00055847771036        28.7568496538082        5.00055847771036        0.000495849108980328    0.000207016765249703    0.000971099932914372    -0.0196194239140846     
-1.4304367919886        99.2280514330312        0.000617376140216821    5.00056261127702        28.7574942112454        5.00056261127702        0.000207016765249703    -0.000380719728737737   -0.00964492481641637    -0.0195737739743868     
-1.42044901531959       99.2305598405401        0.000665405170775501    5.00055500640185        28.7578358248864        5.00055500640185        -0.000380719728737737   -0.000967289933782828   -0.0196194239140846     -0.00437665465504645    
-1.41045766360345       99.2329238967578        0.000759806637593234    5.00053567828804        28.7581228063359        5.00053567828804        -0.000967289933782828   -0.00109847751482559    -0.0195737739743868     0.0196165408113748      
-1.40046470951707       99.2349058437886        0.000859362042223988    5.00051372539935        28.758346866912         5.00051372539935        -0.00109847751482559    -0.000510384052797138   -0.00437665465504645    0.0339195769892402      
-1.39047230521664       99.2363873656263        0.000910355525114803    5.00050352419235        28.7585322049513        5.00050352419235        -0.000510384052797138   0.000506632996082518    0.0196165408113748      0.0243490013819031      
-1.38047543724728       99.2378159364072        0.000892880125644584    5.00051365204365        28.7587683263441        5.00051365204365        0.000506632996082518    0.00123673099610169     0.0339195769892402      -0.00428152023826737    
-1.37048056016034       99.2406223438245        0.000843261771488566    5.00053837440055        28.7592460590123        5.00053837440055        0.00123673099610169     0.00110834192606656     0.0243490013819031      -0.0328171464237496     
-1.36048701364493       99.2418901991107        0.000831452526694899    5.00056053117816        28.7594934809705        5.00056053117816        0.00110834192606656     0.000124146126314294    -0.00428152023826737    -0.0325178024384558     
-1.35048713864996       99.240990400357         0.000912414597472009    5.00056301361404        28.7593702420171        5.00056301361404        0.000124146126314294    -0.000851184936101756   -0.0328171464237496     0.00940037728507005     
-1.34048827500771       99.2398320603897        0.00107102801078766     5.00054599242957        28.7591534558699        5.00054599242957        -0.000851184936101756   -0.000569241480284901   -0.0325178024384558     0.0542987483044818      
-1.33049178492655       99.237146079866         0.0012154164973421      5.00053461135039        28.7587315350777        5.00053461135039        -0.000569241480284901   0.00105899065189002     0.00940037728507005     0.0546584216786008      
-1.32049680566868       99.2292128789105        0.00127311086970044     5.00055577938021        28.7576428665779        5.00055577938021        0.00105899065189002     0.00269752429569867     0.0542987483044818      0.0157393973431578      
-1.31050550794459       99.2169461795387        0.00126624267310823     5.00060968121106        28.7560202857766        5.00060968121106        0.00269752429569867     0.00316922331804588     0.0546584216786008      -0.0244282920826118     
-1.30051915651763       99.2078369680223        0.0012770217169599      5.00067299018865        28.7548822156351        5.00067299018864        0.00316922331804588     0.00243723860623734     0.0157393973431578      -0.0500391763063472     
-1.29053079575962       99.2024439615624        0.00138412562952174     5.00072167599062        28.7542406098599        5.00072167599062        0.00243723860623734     0.000937731063518239    -0.0244282920826118     -0.0434291143386025     
-1.28054225965311       99.1990823170681        0.00163934412338233     5.000740411215          28.7538072753971        5.000740411215          0.000937731063518239    -0.000363845741923299   -0.0500391763063472     0.0173475670950448      
-1.27054906243997       99.1971784011689        0.00201247437609342     5.00073314096019        28.753510438451         5.0007331409602         -0.000363845741923299   0.000156067509661397    -0.0434291143386025     0.0854491986528555      
-1.26056060207117       99.1958760701781        0.00235405527855923     5.00073625911376        28.7533306539925        5.00073625911375        0.000156067509661397    0.00271687012836637     0.0173475670950448      0.0957537822045023      
-1.25057168484807       99.1939550087811        0.00251772202548621     5.00079053643403        28.753208269669         5.00079053643403        0.00271687012836637     0.00558638780677984     0.0854491986528555      0.0403728927458778      
-1.24058220871257       99.19156947824          0.00249431877511741     5.00090214676705        28.7531833815818        5.00090214676705        0.00558638780677984     0.00679627621740623     0.0957537822045023      -0.0588120633608151     
-1.23059211721769       99.1888027682573        0.00241412389032725     5.00103792714896        28.7531727116781        5.00103792714896        0.00679627621740623     0.00503380062410995     0.0403728927458778      -0.134600632038663      
-1.22060448868697       99.1865477980493        0.00248636675874159     5.00113849313618        28.7531349651395        5.00113849313618        0.00503380062410995     0.00100030651853487     -0.0588120633608151     -0.103263736109547      
-1.21061355183333       99.1852219527501        0.00285412551787369     5.00115847678274        28.753000235934         5.00115847678275        0.00100030651853487     -0.00209382176357387    -0.134600632038663      0.0280335945336559      
-1.20062800789095       99.1848776732729        0.00343362521277594     5.00111665462939        28.7528301105353        5.00111665462939        -0.00209382176357387    -0.00125391483493183    -0.103263736109547      0.164100106084255       
-1.19064188223372       99.1844361659752        0.00394274542930465     5.00109161082965        28.7526941240448        5.00109161082965        -0.00125391483493183    0.00366237879847429     0.0280335945336559      0.187047942898998       
-1.18065470029207       99.1830510846751        0.0041052458649148      5.00116476054053        28.7527036388919        5.00116476054053        0.00366237879847429     0.00926635354167901     0.164100106084255       0.0589402741125808      
-1.17066863328699       99.1806258332573        0.00389680474715565     5.00134984153807        28.7528841247508        5.00134984153808        0.00926635354167901     0.0110322014291706      0.187047942898998       -0.133118213306693      
-1.1606810603752        99.1779094434929        0.00361225319865325     5.00157019133007        28.7531237581533        5.00157019133007        0.0110322014291706      0.00704385535764026     0.0589402741125808      -0.248039752058772      
-1.1506956146144        99.176199976393         0.0036627312333825      5.00171088610389        28.7532803654453        5.0017108861039         0.00704385535764026     -0.000387529463255669   -0.133118213306693      -0.173286343353185      
-1.14070584993624       99.176138032553         0.00427660796766267     5.00170314560991        28.7532491371805        5.00170314560991        -0.000387529463255669   -0.00557904742909373    -0.248039752058772      0.0735705451229223      
-1.13072292573426       99.1774850603309        0.00529058302269612     5.0015917232079         28.75312413189          5.00159172320789        -0.00557904742909373    -0.00337508195370559    -0.173286343353185      0.31933138815638        
-1.1207353752464        99.1783628359311        0.00620995763872687     5.00152432002816        28.7530576271025        5.00152432002815        -0.00337508195370559    0.00619080069558156     0.0735705451229223      0.354556714641362       
-1.11075174527686       99.177209050659         0.00654853912307015     5.00164795487637        28.7532457535543        5.00164795487636        0.00619080069558156     0.0168121705001143      0.31933138815638        0.127770693072602       
-1.10076508309329       99.1737271700813        0.00623304763831489     5.00198371355907        28.7537060833816        5.00198371355908        0.0168121705001143      0.0206399532172538      0.354556714641362       -0.201883088822429      
-1.09077970128524       99.1695805045449        0.0057053047372059      5.00239595690026        28.7542897832489        5.00239595690027        0.0206399532172538      0.0145916579840531      0.127770693072602       -0.41419991325224       
-1.08079097634976       99.1673738366242        0.00562448718435839     5.00268740153021        28.7548074744415        5.0026874015302         0.0145916579840531      0.00218396120262688     -0.201883088822429      -0.33139797628357       
-1.07080706170982       99.1701841598518        0.00642807994314309     5.00273101253513        28.7553402522995        5.00273101253512        0.00218396120262688     -0.0077418786264004     -0.41419991325224       0.0137361840518267      
-1.06082608877191       99.1786869816222        0.00795135816984638     5.00257644515592        28.7561287193923        5.00257644515591        -0.0077418786264004     -0.00733048258658579    -0.33139797628357       0.395282294376849       
-1.05084174974294       99.1835655559371        0.00948652204464344     5.00243007475903        28.756415262768         5.00243007475904        -0.00733048258658579    0.0045093503889752      0.0137361840518267      0.55049966757386        
-1.04085667744037       99.1817775468947        0.0102564535374301      5.00252012738064        28.7564148915139        5.00252012738065        0.0045093503889752      0.0210009455507393      0.395282294376849       0.353775570341288       
-1.03087076441747       99.177648055785         0.00995307824178796     5.00293957499924        28.757021763204         5.00293957499923        0.0210009455507393      0.0316002779603083      0.55049966757386        -0.115547019685137      
-1.02088206911855       99.1721683882429        0.00898410173930074     5.00357079430576        28.75804134949          5.00357079430574        0.0316002779603083      0.0281386103217582      0.353775570341288       -0.611759159356163      
-1.01089513513043       99.1651840420969        0.00831939471031748     5.00413276872713        28.7586435407373        5.00413276872714        0.0281386103217582      0.00981698810504765     -0.115547019685137      -0.755333861353628      
-1.00091440234557       99.1580165634666        0.00899196494008994     5.00432872820303        28.7581672723938        5.00432872820303        0.00981698810504765     -0.012795923226164      -0.611759159356163      -0.320629925815539      
-0.99094027703452       99.1564738490004        0.0113087976518004      5.00407340085754        28.757209916547         5.00407340085754        -0.012795923226164      -0.0223934697898147     -0.755333861353628      0.457118544101084       
-0.980961652218354      99.1607056511493        0.0143806074242648      5.00362651723337        28.7565394378294        5.00362651723338        -0.0223934697898147     -0.00870885503541688    -0.320629925815539      0.997692409599726       
-0.970981068152299      99.1632255416513        0.0166056822514895      5.00345268577071        28.7564052912872        5.00345268577069        -0.00870885503541688    0.0211609533161838      0.457118544101084       0.804537536300727       
-0.961000237325153      99.1587708748067        0.0168765079907815      5.00387504338768        28.7569730359277        5.00387504338766        0.0211609533161838      0.0452463677249704      0.997692409599726       0.0192383745827716      
-0.951023901810857      99.1486949305897        0.0155959717257038      5.00477799168713        28.7581062859708        5.00477799168713        0.0452463677249704      0.0458222683970279      0.804537536300727       -0.800904497003539      
-0.941044882734423      99.138562263624         0.0143803342575098      5.00569243980603        28.7592637717618        5.00569243980603        0.0458222683970279      0.0218464644639422      0.0192383745827716      -1.18191970994302       
-0.931066430132192      99.1343541525948        0.014914015389883       5.00612845660007        28.7599058688183        5.00612845660008        0.0218464644639422      -0.0135369545486611     -0.800904497003539      -0.87643087290413       
-0.921085891520491      99.1385556034958        0.0179824588826523      5.00585827917918        28.759739201229         5.00585827917919        -0.0135369545486611     -0.0397762965335272     -1.18191970994302       0.00638154785186171     
-0.911108404571916      99.1486901843532        0.0229544322730749      5.00506436954701        28.7589283681017        5.00506436954701        -0.0397762965335272     -0.0395852369456412     -0.87643087290413       1.06282697621647        
-0.90112518651176       99.1588096202892        0.02801274144904        5.00427423367018        28.7581256929881        5.00427423367017        -0.0395852369456412     -0.00776543000205749    0.00638154785186171     1.45675764009028        
-0.891148374589043      99.1614220476449        0.0309845174328365      5.00411924743142        28.758059179741         5.00411924743144        -0.00776543000205749    0.0358452216216477      1.06282697621647        0.821520568610203       
-0.881168241211774      99.1540154437147        0.0310737711231023      5.00483460255465        28.7590405343822        5.00483460255466        0.0358452216216477      0.0604372378360199      1.45675764009028        -0.368429642484213      
-0.871191764282191      99.1408428462685        0.0295953642855288      5.00604070508335        28.7605949991967        5.00604070508334        0.0604372378360199      0.0494082720339562      0.821520568610203       -1.5923738263705        
-0.8612122886066        99.1304230406503        0.0289980335163324      5.00702673417066        28.7619157432817        5.00702673417066        0.0494082720339562      0.00174150418637158     -0.368429642484213      -2.0800268791408        
-0.851234194445403      99.1310751468283        0.0317925921547636      5.00706148838003        28.7621101645142        5.00706148838005        0.00174150418637158     -0.0605211684914026     -1.5923738263705        -1.19866622221248       
-0.841256994997708      99.1462164822692        0.0389847653693515      5.00585380023366        28.7608375097271        5.00585380023364        -0.0605211684914026     -0.096402824771992      -2.0800268791408        0.552491392473007       
-0.831279877036677      99.1700183901148        0.0487741662172436      5.00392988855443        28.7587615365819        5.00392988855441        -0.096402824771992      -0.0798624595892329     -1.19866622221248       1.99572883625354        
-0.821297301924386      99.1900463000841        0.0575663779746496      5.0023357843262         28.7570837086529        5.00233578432622        -0.0798624595892329     -0.0201058409302016     0.552491392473007       2.40291727315626        
-0.811318329607415      99.1961633040784        0.0623847220395535      5.00193442334797        28.7568166960669        5.00193442334797        -0.0201058409302016     0.0518497439818622      1.99572883625354        1.29862681106625        
-0.801334035500459      99.1852761469507        0.0623974803421881      5.00296956827146        28.7582138464762        5.00296956827144        0.0518497439818622      0.0907361950492702      2.40291727315626        -1.13132590558465       
-0.791352954384265      99.1655554911924        0.0598937499425074      5.00478090331881        28.7605597531678        5.00478090331879        0.0907361950492702      0.0568652934107026      1.29862681106625        -3.10551690093294       
-0.781374107566134      99.1549102266019        0.0598891660889851      5.0059157316815         28.7622763638072        5.00591573168149        0.0568652934107026      -0.0360863075953592     -1.13132590558465       -3.5669337120812        
-0.771400018262735      99.1687508224574        0.0664347855032874      5.00519576810495        28.7622151425795        5.00519576810497        -0.0360863075953592     -0.142836657753912      -3.10551690093294       -1.53485914153722       
-0.761424730345416      99.2108844213312        0.0804750421812246      5.00234599168238        28.7601335768893        5.00234599168237        -0.142836657753912      -0.188784608838532      -3.5669337120812        2.2314530488269         
-0.751446803706054      99.259339351372         0.0978433925187721      4.99857755315828        28.756318309289         4.99857755315829        -0.188784608838532      -0.121942258608218      -1.53485914153722       4.17768688862478        
-0.741454790707846      99.2858470223258        0.110789290800023       4.99614138795656        28.7531485101071        4.99614138795654        -0.121942258608218      0.00328134083194387     2.2314530488269         3.26792619875397        
-0.731460698088226      99.2832730470985        0.115277591815893       4.99620698004412        28.7529645369986        4.99620698004411        0.00328134083194387     0.101267096540478       4.17768688862478        0.860628279704577       
-0.721462063937687      99.2592670063118        0.113194300660574       4.99823141317374        28.7553121584965        4.99823141317373        0.101267096540478       0.127065934928048       3.26792619875397        -2.27813767838571       
-0.711471373456084      99.230437698868         0.109530706280118       5.00077023962071        28.7584370144669        5.0007702396207         0.127065934928048       0.0588022122976386      0.860628279704577       -5.50634099174725       
-0.701490616260394      99.2179170064413        0.110770315728446       5.00194452228823        28.7599987390825        5.00194452228821        0.0588022122976386      -0.106149404338272      -2.27813767838571       -5.58717235306064       
-0.691502736513326      99.2427852943599        0.123568185478296       4.99982461869946        28.7575068791625        4.99982461869946        -0.106149404338272      -0.273534043490874      -5.50634099174725       -0.796181226717409      
-0.681517369365694      99.3057876776393        0.148094843094565       4.9943609346428         28.750911480077         4.99436093464283        -0.273534043490874      -0.297392470105287      -5.58717235306064       5.08414964329987        
-0.671527142036049      99.3751770030129        0.174487738053459       4.98841919609678        28.7438410961764        4.98841919609675        -0.297392470105287      -0.144993033719294      -0.796181226717409      9.73718559517537        
-0.661534060082024      99.4096149430277        0.190586025604454       4.98552113244598        28.7404690308162        4.98552113244599        -0.144993033719294      0.146952606676501       5.08414964329987        7.88743441338126        
-0.65153523904337       99.3753773711627        0.18673117531263        4.9884588464239         28.7439843087178        4.98845884642386        0.146952606676501       0.38338347410353        9.73718559517537        12.0989097898921        
-0.641544175145796      99.2850631693268        0.166789027033471       4.99611872749799        28.7529698020075        4.99611872749801        0.38338347410353        0.7457478160518         7.88743441338126        8.085551057246          
-0.631565753836891      99.1092016601698        0.12221706033714        5.01100029096102        28.7702461568668        5.01100029096102        0.7457478160518         0.987536686053377       12.0989097898921        12.3768027433508        
-0.621603215714841      98.8773121459363        0.0614516360054252      5.03067111144687        28.7929168891146        5.03067111144691        0.987536686053377       1.35679432443502        8.085551057246          9.58161481978244        
-0.611668556845522      98.561456617577         -0.0237950544560218     5.0576227115715         28.8237940330157        5.05762271157146        1.35679432443502        1.64177623990186        12.3768027433508        6.59974180504266        
-0.60177206237459       98.183216810267         -0.127452751434924      5.09011999498534        28.8607101742698        5.09011999498537        1.64177623990186        1.83735148413651        9.58161481978244        -6.41185943142337       
-0.591911753405679      97.7656066232153        -0.242901638680262      5.12634925052969        28.9015756271897        5.12634925052973        1.83735148413651        1.64806195584359        6.59974180504266        -10.3557369099994       
-0.582092475056151      97.396847015182         -0.344651206943107      5.15872276132349        28.9379604089611        5.15872276132345        1.64806195584359        1.34344640950662        -6.41185943142337       -7.89946368398399       
-0.572304576438427      97.100578809361         -0.425228965592755      5.18502120244646        28.9674691074994        5.18502120244646        1.34344640950662        1.11182852702085        -10.3557369099994       -12.4148539429611       
-0.562548940931532      96.8583151599097        -0.489960107212898      5.206720894724          28.9917865774333        5.20672089472399        1.11182852702085        0.748717622949434       -7.89946368398399       -8.06896568442071       
-0.55281386787155       96.697054299461         -0.530537744838895      5.2213031692971         29.0081780444604        5.22130316929706        0.748717622949434       0.513131682037677       -12.4148539429611       -9.57374330956658       
-0.543086981293191      96.5876729370912        -0.555665103062181      5.23128419285545        29.0194637746375        5.23128419285546        0.513131682037677       0.233928064999477       -8.06896568442071       -3.8886550076126        
-0.533373440821296      96.5387284481953        -0.562530371455416      5.23582999868932        29.0247127589687        5.2358299986893         0.233928064999477       0.120597708224157       -9.57374330956658       -1.55552997676521       
-0.523662419366148      96.5141965357792        -0.561966073059357      5.23817244406774        29.0275158184741        5.23817244406776        0.120597708224157       0.0752774710344384      -3.8886550076126        -0.607599773227145      
-0.513950740840092      96.4995057075057        -0.558295008219922      5.23963453100998        29.0293570468024        5.23963453101001        0.0752774710344384      0.0575769596791307      -1.55552997676521       -0.216115762138183      
-0.504239846727118      96.4889144887678        -0.55335816088397       5.24075270491524        29.0308611538751        5.24075270491524        0.0575769596791307      0.0512819738432389      -0.607599773227145      -0.0531498008312664     
-0.494532294034313      96.4798530543426        -0.547865035331311      5.2417484242306         29.0322555593372        5.24174842423064        0.0512819738432389      0.0497341184244266      -0.216115762138183      -0.0147206027997637     
-0.484825181592411      96.4719291191711        -0.542114811547005      5.2427139267499         29.0337368800937        5.24271392674991        0.0497341184244266      0.0493055315056231      -0.0531498008312664     -0.0282625671397583     
-0.475120393026348      96.4658103633942        -0.536205429700797      5.24367082061373        29.0354655260708        5.24367082061371        0.0493055315056231      0.0484830058239012      -0.0147206027997637     -0.0304984927093206     
-0.465422213981155      96.4623180878676        -0.530131290617313      5.2446112482038         29.0375434702342        5.24461124820376        0.0484830058239012      0.0475957033421743      -0.0282625671397583     -0.0245380672548423     
-0.455729248182284      96.4591494679472        -0.523881946429557      5.24553421640173        29.0396214684674        5.24553421640173        0.0475957033421743      0.0468817769828999      -0.0304984927093206     -0.0355775293544333     
-0.446029681595783      96.4492021177979        -0.517476224309371      5.24644367940274        29.0406412588278        5.2464436794027         0.0468817769828999      0.0458462634702401      -0.0245380672548423     -0.0578135377679774     
-0.436323635125743      96.4350501272595        -0.510871783184233      5.24733353536786        29.0409731390453        5.24733353536784        0.0458462634702401      0.0441630178906582      -0.0355775293544333     -0.0583407622182773     
-0.426616167518359      96.4232846617374        -0.504062980548734      5.24819083979749        29.0415736288777        5.24819083979751        0.0441630178906582      0.0424643032415359      -0.0578135377679774     -0.0560000890074994     
-0.41691260909602       96.4140901537773        -0.497046132166139      5.24901508709956        29.042469300037         5.24901508709957        0.0424643032415359      0.040833797985329       -0.0583407622182773     -0.0914504122510634     
-0.407206478776502      96.4062546364954        -0.489785954476561      5.24980769586362        29.0434816989992        5.24980769586362        0.040833797985329       0.038171337415424       -0.0560000890074994     -0.0814970838867095     
-0.397501085844242      96.3993983387015        -0.482300004331698      5.25054855813404        29.0444981006805        5.25054855813401        0.038171337415424       0.0357992152758788      -0.0914504122510634     -0.0768035552873449     
-0.387800275401126      96.3930212116787        -0.474554052776447      5.25124310132136        29.0454582695629        5.25124310132132        0.0357992152758788      0.033564429130736       -0.0814970838867095     -0.09099736175239       
-0.378105143308884      96.3865958107203        -0.46654026576964       5.25189406091067        29.0462903566508        5.25189406091071        0.033564429130736       0.0309173330668608      -0.0768035552873449     -0.105238390354434      
-0.368407559452097      96.3808417217411        -0.458254958666435      5.25249360488156        29.0470811722551        5.25249360488155        0.0309173330668608      0.0278561555675118      -0.09099736175239       -0.090688962502434      
-0.358714179595473      96.3758841597611        -0.449715005008941      5.25303378232572        29.0478276667044        5.25303378232574        0.0278561555675118      0.0252181648794583      -0.105238390354434      -0.0817889135115275     
-0.349015178286561      96.3718780349316        -0.440890217764297      5.25352283442873        29.0485760366234        5.25352283442871        0.0252181648794583      0.022839223527397       -0.090688962502434      -0.0812538096338117     
-0.339320859635351      96.368674850102         -0.431784783709379      5.25396569072206        29.0493175858684        5.2539656907221         0.022839223527397       0.020476089156354       -0.0817889135115275     -0.0942185117098192     
-0.3296281699355        96.3663330059008        -0.422416175226228      5.25436265466484        29.0500619997388        5.25436265466482        0.020476089156354       0.01773608577544        -0.0812538096338117     -0.0812306454445208     
-0.319934453815717      96.3650130065159        -0.412785094016806      5.25470651951253        29.0508135886716        5.25470651951252        0.01773608577544        0.0153736541749362      -0.0942185117098192     -0.081600359265638      
-0.310238844508847      96.3645952932305        -0.402870652624775      5.25500461168742        29.0515746179479        5.25500461168738        0.0153736541749362      0.0130004385770405      -0.0812306454445208     -0.0799604344668059     
-0.300544166865896      96.3657065786798        -0.392707676531503      5.25525667372923        29.052438871124         5.25525667372923        0.0130004385770405      0.0106750722118943      -0.081600359265638      -0.0682469956353057     
-0.290851664012018      96.3691309965775        -0.382303654610787      5.25546362408321        29.0535271076514        5.25546362408324        0.0106750722118943      0.00869039617544143     -0.0799604344668059     -0.0620260830338444     
-0.281158709594784      96.3757379703732        -0.371645453292252      5.25563210646462        29.0549887501072        5.25563210646465        0.00869039617544143     0.00688658115940997     -0.0682469956353057     -0.066359711215098      
-0.271462736776907      96.3871482605455        -0.3607452685546        5.25576562919885        29.0570777644125        5.25576562919886        0.00688658115940997     0.00495652496842462     -0.0620260830338444     -0.0533973895499624     
-0.261769981816544      96.4060510566413        -0.349643243598795      5.25586173768076        29.0601925615752        5.2558617376808         0.00495652496842462     0.00340320080168572     -0.066359711215098      -0.0457581027085283     
-0.252070874303081      96.4360655470332        -0.338318769690133      5.25592774454943        29.0648984310353        5.25592774454944        0.00340320080168572     0.00207175452611008     -0.0533973895499624     -0.0508881840979672     
-0.242370792876015      96.4820835525982        -0.326784687588099      5.255967939832          29.0719434598792        5.25596793983199        0.00207175452611008     0.00059032246469986     -0.0457581027085283     -0.0291221530248967     
-0.23266693087437       96.5510890770219        -0.315066903060584      5.25597939912388        29.0823696636468        5.25597939912391        0.00059032246469986     -0.0002581021974587     -0.0508881840979672     -0.0295813884487837     
-0.222950898125314      96.6520912788399        -0.303142980026807      5.25597438385327        29.0975633546703        5.25597438385324        -0.0002581021974587     -0.00112089325767608    -0.0291221530248967     -0.0297377702435237     
-0.213224152472704      96.7973672253249        -0.291039091426516      5.25595257492644        29.1193627309518        5.25595257492641        -0.00112089325767608    -0.00198962560285026    -0.0295813884487837     -0.0281109767431586     
-0.203480199826156      97.0019561153979        -0.278755444193865      5.25591379372701        29.1500119829999        5.25591379372697        -0.00198962560285026    -0.00281257326512569    -0.0297377702435237     -0.0140156927826673     
-0.193711436620415      97.2848202661803        -0.266283964008577      5.25585883714561        29.1923301090123        5.25585883714563        -0.00281257326512569    -0.00322401967685836    -0.0281109767431586     -0.00995232751668016    
-0.183913698064368      97.6677023849876        -0.253625391762544      5.25579564711496        29.2495437303085        5.25579564711496        -0.00322401967685836    -0.00351725276324799    -0.0140156927826673     -0.00283419824720042    
-0.174078406739814      98.1743641857748        -0.240777745160597      5.25572642575559        29.3251200674703        5.2557264257556         -0.00351725276324799    -0.00360118053030656    -0.00995232751668016    0.000540249102395637    
-0.164185690214478      98.8293422586386        -0.227723458068899      5.25565513674885        29.4225803395715        5.25565513674882        -0.00360118053030656    -0.0035850728369499     -0.00283419824720042    0.00811600986908256     
-0.154214394040983      99.6502947733552        -0.214448697713499      5.25558360987069        29.5443298544641        5.2555836098707         -0.0035850728369499     -0.00334096868858051    0.000540249102395637    -0.00426120655958377    
-0.144147094866792      100.64720017928         -0.200925240435413      5.25551630652244        29.6915532811392        5.25551630652246        -0.00334096868858051    -0.00347048317760636    0.00811600986908256     -0.000595153545114227   
-0.133963268342231      101.832995981203        -0.18713750452659       5.2554455969683         29.8657487867374        5.2554455969683         -0.00347048317760636    -0.00348878802299647    -0.00426120655958377    0.013221132006688       
-0.123649108387266      103.208833906508        -0.173076598006848      5.25537361997036        30.066620003479         5.25537361997033        -0.00348878802299647    -0.00307679339440827    -0.000595153545114227   0.0127819904660759      
-0.113199362441801      104.756945139732        -0.158739040882475      5.2553092755015         30.2910918001216        5.2553092755015         -0.00307679339440827    -0.00267272957743632    0.013221132006688       0.00196075150579653     
-0.102587346729158      106.445301587138        -0.14409336762582       5.2552525334242         30.5340504147121        5.25525253342419        -0.00267272957743632    -0.00260977470236024    0.0127819904660759      0.0064538725577205      
-0.091801102859358      108.22565254389         -0.129144250317235      5.25519622324797        30.7881752330121        5.25519622324795        -0.00260977470236024    -0.00239920270151463    0.00196075150579653     0.0142310197269113      
-0.0808323209431224     110.037339023273        -0.113873965901658      5.25514361328456        31.0446457914775        5.25514361328455        -0.00239920270151463    -0.0019274384887498     0.0064538725577205      0.00624206851275626     
-0.0696999231102371     111.812716862392        -0.0982994690320503     5.25510068363536        31.2939580116962        5.25510068363537        -0.0019274384887498     -0.00171729877471252    0.0142310197269113      0.00784473132885794     
-0.0583876960644592     113.474848142566        -0.0824265932687636     5.25506184780515        31.5255807548801        5.25506184780519        -0.00171729877471252    -0.00144938469050317    0.00624206851275626     0.00626431073187148     
-0.046915574726135      114.93691832905         -0.0662796561410353     5.25502861371558        31.7279265682314        5.2550286137156         -0.00144938469050317    -0.00123276701235809    0.00784473132885794     0.0141129942000541      
-0.0353124603038278     116.087789473759        -0.0499015523864421     5.25500002895923        31.886291125561         5.25500002895924        -0.00123276701235809    -0.000739885827279717   0.00626431073187148     0.0119996332388087      
-0.0236158571002922     116.836413546437        -0.0333711843479679     5.25498272576025        31.9888870007046        5.25498272576026        -0.000739885827279717   -0.000317875767562023   0.0141129942000541      0.00734193803068016     
-0.0118395588564231     117.168253178255        -0.0167347125675272     5.25497524972873        32.0342595384399        5.25497524972876        -0.000317875767562023   -5.86547602217824e-05   0.0119996332388087      0.00472221696401855     
-5.13164755505895e-05   117.23255392198         -7.95749386335517e-05   5.25497386721018        32.0430441553835        5.25497386721022        -5.86547602217824e-05   0.000108281239082693    0.00734193803068016     0.00872764443798832     
0.0117367814970025      117.169994115869        0.0165939516068986      5.25497641928229        32.0345010919565        5.25497641928228        0.000108281239082693    0.00041641044658309     0.00472221696401855     0.0113902185549888      
0.0235101868613031      116.837847331202        0.0332496501262965      5.25498621192256        31.9890938903709        5.25498621192256        0.00041641044658309     0.000816968802403916    0.00872764443798832     0.0116528315919649      
0.0352088737842296      116.089021372458        0.0497802786333964      5.25500531765312        31.8864763558005        5.25500531765313        0.000816968802403916    0.00122390712788519     0.0113902185549888      0.00539602291482001     
0.0468103348589168      114.937424317312        0.066151369935948       5.255033694912          31.7280117455084        5.25503369491203        0.00122390712788519     0.00141047762395298     0.0116528315919649      0.011301272256998       
0.0582803143712334      113.474947353849        0.0823104739307329      5.25506603079234        31.5256070833738        5.25506603079235        0.00141047762395298     0.00179638830673227     0.00539602291482001     0.00829710336441787     
0.0695898596083014      111.812726536802        0.0981843076659941      5.25510665040658        31.2939771314876        5.25510665040664        0.00179638830673227     0.00207567651106506     0.011301272256998       0.0080208027292783      
0.0807244354646627      110.037273948632        0.113752795511546       5.25515287814334        31.0446639777327        5.25515287814335        0.00207567651106506     0.00234153389017722     0.00829710336441787     0.00451821190273108     
0.0916880710610147      108.225546468621        0.12902951956231        5.25520421374733        30.7881835514051        5.25520421374733        0.00234153389017722     0.00248892462175815     0.0080208027292783      0.00625457152400786     
0.102474065976456       106.445169987843        0.144002534602477       5.25525790574553        30.534047147052         5.25525790574558        0.00248892462175815     0.00268970646175842     0.00451821190273108     0.011076535881134       
0.113083176861678       104.756896700202        0.158655239180122       5.25531499960295        30.2911012934059        5.25531499960299        0.00268970646175842     0.00303981728614661     0.00625457152400786     0.00952713094928108     
0.123532557408563       103.208815430879        0.172993238604249       5.25537856455104        30.0666314565983        5.25537856455099        0.00303981728614661     0.00333666571760745     0.011076535881134       0.00459513249313087     
0.133846243781915       101.83304823276         0.187055679624482       5.25544739653856        29.8657615622652        5.25544739653855        0.00333666571760745     0.00347798225976704     0.00952713094928108     -0.00201967637355049    
0.144027436825607       100.647273959259        0.200836502330072       5.25551824997895        29.6915696537899        5.25551824997898        0.00347798225976704     0.00341660098901776     0.00459513249313087     0.00465930123832204     
0.154095356216426       99.6503280909718        0.214361542266777       5.25558707466253        29.5443445321546        5.2555870746626         0.00341660098901776     0.00355673491840073     -0.00201967637355049    0.0013627728097052      
0.164066718525317       98.8293355783083        0.227644067506871       5.25565803725884        29.4225874640864        5.25565803725887        0.00355673491840073     0.00359736857654962     0.00465930123832204     -0.00193094104509236    
0.1739592991882         98.1744111750619        0.2406923587861         5.25572925529036        29.3251349793335        5.2557292552904         0.00359736857654962     0.0035401846484389      0.0013627728097052      -0.0164163658173385     
0.183797290271711       97.6677343698712        0.253531445928676       5.25579893521237        29.2495576691846        5.25579893521233        0.0035401846484389      0.00305647474226551     -0.00193094104509236    -0.0125590919968715     
0.193593861666417       97.2848986231529        0.266190235383099       5.25585884155776        29.1923418775812        5.25585884155768        0.00305647474226551     0.00268778863428829     -0.0164163658173385     -0.024971814137698      
0.203362361618239       97.0020381077633        0.278662348370206       5.25591135780423        29.1500175477578        5.25591135780422        0.00268778863428829     0.00195679089504491     -0.0125590919968715     -0.0329658837044161     
0.213106451315958       96.7974562644427        0.290946042532376       5.25594949639689        29.1193675957428        5.25594949639684        0.00195679089504491     0.000993838159226591    -0.024971814137698      -0.0295237878637135     
0.222830526344928       96.6522690849593        0.303058176486383       5.2559688308124         29.0975747482454        5.25596883081241        0.000993838159226591    0.000132762186844433    -0.0329658837044161     -0.0250326479664171     
0.232546866197771       96.5512772551648        0.314996591007684       5.25597141056964        29.0823759032605        5.25597141056963        0.000132762186844433    -0.000596550145399901   -0.0295237878637135     -0.0515888603558258     
0.242252942498692       96.4822614665631        0.326716372975426       5.2559598290028         29.0719478329082        5.25595982900275        -0.000596550145399901   -0.00209839933656198    -0.0250326479664171     -0.0525327816733035     
0.251952927308382       96.4362633768697        0.338240125962595       5.25591911862614        29.064904392622         5.25591911862617        -0.00209839933656198    -0.00362692439615675    -0.0515888603558258     -0.0475874167462241     
0.261648243809898       96.4062398310899        0.349565313851698       5.25584877963509        29.0601851899766        5.25584877963505        -0.00362692439615675    -0.00501116933044884    -0.0525327816733035     -0.0522159602173321     
0.271344754392521       96.3873318351734        0.36068026776609        5.25575160897798        29.0570666785726        5.25575160897798        -0.00501116933044884    -0.00652989137141551    -0.0475874167462241     -0.0662266315509001     
0.281038046584154       96.3758315230595        0.371565666986714       5.25562499774373        29.0549832022819        5.25562499774371        -0.00652989137141551    -0.00845608042316652    -0.0522159602173321     -0.0809733405321866     
0.290733922682641       96.3691597715819        0.382221442754075       5.2554610351099         29.0535242889691        5.25546103510991        -0.00845608042316652    -0.0108110522772715     -0.0662266315509001     -0.0764402984789747     
0.300428697215563       96.3657838583723        0.392642624754408       5.25525142270264        29.0524360057685        5.25525142270265        -0.0108110522772715     -0.0130340564402922     -0.0809733405321866     -0.0750639602393284     
0.310120701276473       96.3647131626602        0.402803719504168       5.25499874124889        29.0515761583484        5.25499874124889        -0.0130340564402922     -0.0152169174397088     -0.0764402984789747     -0.0865253552692174     
0.319814415106556       96.365110196916         0.412705036395309       5.25470373658448        29.0508205457296        5.25470373658444        -0.0152169174397088     -0.0177330750853352     -0.0750639602393284     -0.0905433029926463     
0.329508232385634       96.3664182606517        0.422352025478753       5.25435994289198        29.0500673535864        5.25435994289199        -0.0177330750853352     -0.0203661430415361     -0.0865253552692174     -0.0805313911221534     
0.339201173373578       96.3687125054393        0.431736674105725       5.25396510461423        29.0493216409661        5.25396510461421        -0.0203661430415361     -0.0227083886111112     -0.0905433029926463     -0.0956048505885941     
0.348895460629693       96.3718849139621        0.440842384131632       5.2535247549551         29.0485823830006        5.25352475495501        -0.0227083886111112     -0.0254893363163421     -0.0805313911221534     -0.0867307409171691     
0.358596939972122       96.3759721587008        0.449694341451379       5.25303040658065        29.0478315947285        5.25303040658069        -0.0254893363163421     -0.0280123110581499     -0.0956048505885941     -0.087002032530392      
0.368288336323155       96.380947952261         0.458249541331863       5.25248719584641        29.04707945855          5.25248719584636        -0.0280123110581499     -0.030543054915276      -0.0867307409171691     -0.0887009346798053     
0.377987778568381       96.3866825493357        0.466510740887411       5.25189490821085        29.0463057691276        5.25189490821091        -0.030543054915276      -0.0331231852734743     -0.087002032530392      -0.092284946225677      
0.387681282590002       96.392921257154         0.474506161996209       5.25125256507472        29.0454693829828        5.25125256507473        -0.0331231852734743     -0.0358082909083307     -0.0887009346798053     -0.0896388732955501     
0.397379938919654       96.3993511397083        0.482266678194156       5.25055790783189        29.0445168501864        5.25055790783181        -0.0358082909083307     -0.0384171573888312     -0.092284946225677      -0.0804837422077694     
0.407087804068845       96.4062306364672        0.489768781597555       5.2498123035589         29.0434908294171        5.2498123035589         -0.0384171573888312     -0.0407602490552137     -0.0896388732955501     -0.0493769856842805     
0.416789629965862       96.4140817986419        0.497014733064956       5.24902117371579        29.0424848800694        5.24902117371582        -0.0407602490552137     -0.0421979492184453     -0.0804837422077694     -0.0597220194217735     
0.426496808267286       96.4231842201351        0.504037398773989       5.24820202875041        29.041589460711         5.24820202875048        -0.0421979492184453     -0.043937029115666      -0.0493769856842805     -0.067927845719625      
0.436204548754456       96.4349180809522        0.510863022335068       5.24734898807299        29.0409960173254        5.24734898807307        -0.043937029115666      -0.0459148954103262     -0.0597220194217735     -0.0407569030719396     
0.445912037742219       96.4490742732065        0.517456408351185       5.24645779346841        29.0406610747034        5.24645779346839        -0.0459148954103262     -0.0471011192915295     -0.067927845719625      -0.0150534072267589     
0.45560873057182        96.45912831841          0.523869146003653       5.24554416159401        29.0396458134703        5.24554416159403        -0.0471011192915295     -0.0475390627731463     -0.0407569030719396     -0.0193309391623986     
0.465302342684229       96.4622347220663        0.530149270250252       5.24462235267076        29.037561663356         5.24462235267073        -0.0475390627731463     -0.0481014389327145     -0.0150534072267589     -0.0250261464760865     
0.474999540339641       96.4656456564661        0.53622230746244        5.24368933520579        29.0354919980861        5.24368933520577        -0.0481014389327145     -0.0488297786599962     -0.0193309391623986     -0.0186719513174612     
0.484705277372484       96.4716271982985        0.542123817592587       5.24274165924418        29.0337682376801        5.24274165924411        -0.0488297786599962     -0.0493734257121945     -0.0250261464760865     -0.074827617264019      
0.494412098478146       96.4794867056991        0.547870457740741       5.24178311175514        29.0322965001834        5.24178311175506        -0.0493734257121945     -0.0515526527764146     -0.0186719513174612     -0.226249284320436      
0.504121197316153       96.4886502884689        0.553376312160807       5.24078211287334        29.0309028602022        5.24078211287331        -0.0515526527764146     -0.0581428017869135     -0.074827617264019      -0.602616116762649      
0.513830218213755       96.4993347104422        0.558311836344279       5.2396529876514         29.0293824547343        5.23965298765148        -0.0581428017869135     -0.0756984582922197     -0.226249284320436      -1.56076444307631       
0.523542802778853       96.5141690094537        0.561943381186268       5.23818267040367        29.0275400138596        5.23818267040373        -0.0756984582922197     -0.121173917783408      -0.602616116762649      -3.89251989364167       
0.533255302126819       96.5387431740502        0.562469660707287       5.23582876343823        29.0247115488644        5.23582876343824        -0.121173917783408      -0.234616577130031      -1.56076444307631       -9.30754413167403       
0.542969429011888       96.5879368356309        0.555555256782357       5.23126987794685        29.0194637137809        5.23126987794685        -0.234616577130031      -0.50603603505006       -3.89251989364167       -9.84230964160323       
0.552691108780276       96.6957355400053        0.530940840954046       5.22142852995962        29.0083284671263        5.22142852995966        -0.50603603505006       -0.793375026694337      -9.30754413167403       -8.76048767766663       
0.562429461016295       96.8667867027396        0.48732505386583        5.20597647133943        28.9909817135352        5.20597647133939        -0.793375026694337      -1.04960915320579       -9.84230964160323       -12.230079796213        
0.572183799259861       97.0954528961822        0.426736348183024       5.1854893321233         28.9680121050454        5.18548933212338        -1.04960915320579       -1.40824739739184       -8.76048767766663       -7.42348050904284       
0.581974424035514       97.4061623623943        0.341877612102633       5.15791876107757        28.9370890120148        5.15791876107763        -1.40824739739184       -1.62662899085349       -12.230079796213        -7.12029955796646       
0.591794699190299       97.7702494693463        0.241527061685265       5.12596330743991        28.9011738902049        5.12596330743985        -1.62662899085349       -1.83684085325099       -7.42348050904284       6.74318410358751        
0.601653926301848       98.187757591859         0.12611776496802        5.08974549728419        28.8603158071077        5.0897454972842         -1.83684085325099       -1.63702374669438       -7.12029955796646       9.70051476983666        
0.611550088729157       98.5649094733914        0.0227998250769124      5.05734436933139        28.8235057415215        5.05734436933131        -1.63702374669438       -1.34853580477592       6.74318410358751        12.3656389727244        
0.621483946587755       98.8788019157777        -0.0618591192431242     5.03056008571309        28.7928160669938        5.03056008571315        -1.34853580477592       -0.979657238539376      9.70051476983666        7.92062579806943        
0.631443572295802       99.1088126070707        -0.122067299098332      5.01104930625527        28.7703303960418        5.01104930625532        -0.979657238539376      -0.742815904641256      12.3656389727244        11.9538920894947        
0.641422311733675       99.2839519664799        -0.166433918987899      4.99622633736488        28.7531185465912        4.99622633736493        -0.742815904641256      -0.384815100940763      7.92062579806943        7.92633515223687        
0.65141541585105        99.3745840794315        -0.186477712601187      4.98853800504974        28.7440976380733        4.98853800504976        -0.384815100940763      -0.147230220960485      11.9538920894947        9.86056051758318        
0.661409047227798       99.4089429401004        -0.190368170631181      4.98559513897113        28.7405852031705        4.98559513897106        -0.147230220960485      0.14839672926361        7.92633515223687        4.87240942774751        
0.67140506644807        99.3736887052988        -0.174047964246875      4.98856120037886        28.7440349699951        4.98856120037879        0.14839672926361        0.29444891493345        9.86056051758318        -1.04421679627198       
0.681394151093932       99.3049805090945        -0.147859452266972      4.99444444466399        28.7510350025616        4.99444444466407        0.29444891493345        0.263159731676725       4.87240942774751        -5.19236151942428       
0.691381015157805       99.2444353716593        -0.124038105615667      4.99970019391863        28.7573881165933        4.99970019391865        0.263159731676725       0.107629747779025       -1.04421679627198       -5.41155882585067       
0.701361617899159       99.219294861495         -0.111130393095009      5.00184909049544        28.7599240773965        5.00184909049542        0.107629747779025       -0.054474442200902      -5.19236151942428       -2.50774422833186       
0.711344824251867       99.2307549028133        -0.109578561561246      5.00076115737134        28.758456864449         5.00076115737128        -0.054474442200902      -0.12962276914027       -5.41155882585067       0.855311019932497       
0.72134069138222        99.260244740213         -0.113404835729863      4.99817069827645        28.7552791316737        4.99817069827638        -0.12962276914027       -0.103980576880449      -2.50774422833186       3.20714500017557        
0.731334949268071       99.2849044342818        -0.115669296446614      4.99609208227929        28.7528701446763        4.99609208227923        -0.103980576880449      -0.0078183128851282     0.855311019932497       4.27879373126136        
0.741331417781024       99.2885670396998        -0.111488807006252      4.99593580439288        28.7529507772825        4.99593580439289        -0.0078183128851282     0.120435385301331       3.20714500017557        2.33873901197481        
0.751321616621349       99.2623652882201        -0.0986382435226572     4.9983419711575         28.7560789682367        4.99834197115743        0.120435385301331       0.190495793270554       4.27879373126136        -1.5076240625607        
0.761302554498837       99.213521611908         -0.0811375018432942     5.00214486814343        28.7599376442718        5.00214486814339        0.190495793270554       0.145357837070285       2.33873901197481        -3.46285206049745       
0.771276789253087       99.1708411244936        -0.066920438199756      5.00504537144832        28.7620861364628        5.00504537144839        0.145357837070285       0.0417068719386305      -1.5076240625607        -3.161772724928         
0.781255836250534       99.1556412390941        -0.059998596224126      5.00587761819028        28.7622728933837        5.00587761819027        0.0417068719386305      -0.0529394721498058     -3.46285206049745       -1.33696414246938       
0.79123284153689        99.1653300641188        -0.0597534184392964     5.00482105533552        28.760642432098         5.00482105533555        -0.0529394721498058     -0.092968437008587      -3.161772724928         1.27242823564249        
0.801215665701851       99.185626658496         -0.0624224985190603     5.00296520385567        28.7582521170033        5.00296520385569        -0.092968437008587      -0.0548656310100306     -1.33696414246938       2.55709220631759        
0.811197346398897       99.1972432550344        -0.0626150743511418     5.00186980933408        28.7567874946225        5.00186980933404        -0.0548656310100306     0.0217136347121026      1.27242823564249        2.02463880756131        
0.821181240982238       99.1908309359445        -0.0576666281004423     5.00230333376884        28.7571041735828        5.00230333376879        0.0217136347121026      0.0823432380717543      2.55709220631759        0.46540947794155        
0.831162850414897       99.1702302966639        -0.0486841517014906     5.00394715994749        28.7588418938226        5.00394715994747        0.0823432380717543      0.0962778603567982      2.02463880756131        -1.26519487293009       
0.841141934117775       99.1464420979278        -0.0388907712713167     5.00586865538853        28.7609129083006        5.00586865538853        0.0962778603567982      0.058403918722002       0.46540947794155        -2.07592059317811       
0.851117781368765       99.1318038545217        -0.0318393912964775     5.00703410072282        28.7621372167692        5.00703410072291        0.058403918722002       -0.00373608709640982    -1.26519487293009       -1.52848438912041       
0.861096836609122       99.1316654196619        -0.0291821516553587     5.00695954245379        28.7619029890905        5.00695954245381        -0.00373608709640982    -0.0494898642140417     -2.07592059317811       -0.315477675440432      
0.871075368693513       99.1421527678021        -0.02979500630805       5.00597189150516        28.7605873264939        5.00597189150509        -0.0494898642140417     -0.0589331688676856     -1.52848438912041       0.842522235460656       
0.881052510895065       99.1549373295602        -0.0311865172431065     5.0047959060842         28.7590630472963        5.00479590608416        -0.0589331688676856     -0.0337145841780756     -0.315477675440432      1.41877316144539        
0.891028813279768       99.1618873818515        -0.0309646606817763     5.00412315141192        28.7581378739197        5.0041231514119         -0.0337145841780756     0.00875514037557306     0.842522235460656       1.00389975968961        
0.901007888479323       99.1590039874389        -0.027925842539797      5.0042978812211         28.7582218260661        5.00429788122101        0.00875514037557306     0.0388113156943675      1.41877316144539        -0.000369564309388079   
0.910988228975246       99.1490519658527        -0.0229165199233467     5.00507262222548        28.7590045468053        5.00507262222539        0.0388113156943675      0.0388002498846025      1.00389975968961        -0.874384132668159      
0.920971932760196       99.1391572115948        -0.0180092145637786     5.00584719724313        28.7597946290972        5.00584719724314        0.0388002498846025      0.0126210608002372      -0.000369564309388079   -1.1743412722076        
0.930950474862874       99.1352189082413        -0.0150066221624845     5.00609908994486        28.7599469505199        5.00609908994494        0.0126210608002372      -0.0225334648567582     -0.874384132668159      -0.740918985861221      
0.940925935717511       99.139603478555         -0.0145177820891294     5.00564944806709        28.75929129383          5.00564944806713        -0.0225334648567582     -0.044710374975077      -1.1743412722076        0.0700596928691378      
0.950905281372922       99.149462596271         -0.0156541590773248     5.00475726931398        28.7581580795567        5.00475726931402        -0.044710374975077      -0.042613275182928      -0.740918985861221      0.779316897209741       
0.960880378620556       99.1589274112457        -0.0167654475309965     5.00390689415035        28.7570872565844        5.00390689415041        -0.042613275182928      -0.0192828560035733     0.0700596928691378      0.932247713673337       
0.97086211775801        99.1629378020833        -0.0163873237124631     5.00352201238642        28.7565627902464        5.00352201238648        -0.0192828560035733     0.00862746923693896     0.779316897209741       0.418668144749254       
0.98084312301364        99.1604159737713        -0.0141825006869391     5.00369421947952        28.7566919808574        5.0036942194796         0.00862746923693896     0.0211611500819421      0.932247713673337       -0.328113075513149      
0.990820024113676       99.1565260144715        -0.011199080968885      5.00411650415109        28.7573413329334        5.00411650415117        0.0211611500819421      0.0113394055353787      0.418668144749254       -0.737854242683616      
1.00079653243496        99.1584383001798        -0.00897788656392186    5.00434278278727        28.7582688126378        5.00434278278719        0.0113394055353787      -0.0107498813027504     -0.328113075513149      -0.580903919269067      
1.01077675554087        99.1657570473426        -0.00836037454637174    5.00412820987866        28.7587135286734        5.00412820987865        -0.0107498813027504     -0.0281469897809289     -0.737854242683616      -0.0963258550212981     
1.02076078292366        99.1728284541641        -0.00902110882436095    5.00356611519726        28.7581236059635        5.00356611519727        -0.0281469897809289     -0.0310327959595594     -0.580903919269067      0.34622591844944        
1.03075245499035        99.1781537023758        -0.00995379044941837    5.00294618339835        28.7571140630684        5.00294618339843        -0.0310327959595594     -0.0206590892217776     -0.0963258550212981     0.535365319698817       
1.04073841540387        99.1823043728042        -0.0102326955100252     5.00253353052791        28.7565297877421        5.00253353052797        -0.0206590892217776     -0.00462084937971226    0.34622591844944        0.399245293398989       
1.05072361851287        99.1841079442421        -0.00946049700158904    5.0024412579608         28.7565260336477        5.00244125796078        -0.00462084937971226    0.00733670599263606     0.535365319698817       0.00941954917071598     
1.06070474371695        99.1792738963376        -0.00791324522501553    5.00258773394656        28.7562462506132        5.00258773394654        0.00733670599263606     0.00761880011044282     0.399245293398989       -0.345346607551438      
1.07068692235377        99.1708591485645        -0.00638437557753658    5.00273983998497        28.7554634816893        5.00273983998503        0.00761880011044282     -0.00272395273925912    0.00941954917071598     -0.413742089125317      
1.08067057209813        99.1681805704761        -0.0056005343378137     5.00268545013052        28.7549188272151        5.00268545013045        -0.00272395273925912    -0.0151166623134411     -0.345346607551438      -0.182897703799905      
1.09065560075757        99.1705194437827        -0.00570723340072688    5.00238357300435        28.7543903138253        5.00238357300439        -0.0151166623134411     -0.020595339608168      -0.413742089125317      0.147720790867634       
1.10064154701253        99.1746207038025        -0.00623867369562076    5.00197227310057        28.753802732731         5.00197227310057        -0.020595339608168      -0.0161702997271468     -0.182897703799905      0.344875912872185       
1.11062569131149        99.1780337410211        -0.00652633790312723    5.00164935313633        28.7533693186877        5.00164935313639        -0.0161702997271468     -0.00583898234488657    0.147720790867634       0.297656978377675       
1.12061134250062        99.1791020312068        -0.00617410363888534    5.00153273945207        28.7531889790373        5.00153273945211        -0.00583898234488657    0.00307836679008592     0.344875912872185       0.0695779124959578      
1.13059904940544        99.1783037655092        -0.0052793508805825     5.00159422544894        28.7532500019097        5.0015942254489         0.00307836679008592     0.00516295241955044     0.297656978377675       -0.166346392197688      
1.14058513884917        99.1770622842518        -0.00429720547445146    5.00169734908252        28.7533664555687        5.0016973490825         0.00516295241955044     0.000179229521393213    0.0695779124959578      -0.240022105231291      
1.15057279671708        99.177252593757         -0.00369906288171654    5.0017009288358         28.7534043322867        5.00170092883581        0.000179229521393213    -0.00701159264282773    -0.166346392197688      -0.129431441159344      
1.16055741469711        99.1789881597052        -0.00363898112133998    5.00156089242411        28.7532533964934        5.0015608924242         -0.00701159264282773    -0.01088916872181       -0.240022105231291      0.0583350467591518      
1.17054477283755        99.1816640102179        -0.00389511142594053    5.00134340964638        28.7530161216542        5.0013434096463         -0.01088916872181       -0.00914152707263267    -0.129431441159344      0.179606143259258       
1.18053022838525        99.184084096294         -0.0040719953978866     5.0011608286402         28.7528420684211        5.00116082864028        -0.00914152707263267    -0.00376068993030786    0.0583350467591518      0.154590417009228       
1.19051736533234        99.1855736568918        -0.00390137681708001    5.00108571756076        28.7528420567299        5.00108571756072        -0.00376068993030786    0.00087077916668093     0.179606143259258       0.0336374569552754      
1.20050300812491        99.1860909436883        -0.00342095000331025    5.00110310990895        28.7529670317746        5.001103109909          0.00087077916668093     0.00187858707353471     0.154590417009228       -0.090773178966191      
1.2104912194845         99.1865436821178        -0.0028740652789413     5.00114063373324        28.7531405220426        5.0011406337333         0.00187858707353471     -0.000841153268993616   0.0336374569552754      -0.133596375982081      
1.22047813991197        99.1878464075868        -0.00251799473390387    5.00112383168767        28.7532810441626        5.00112383168772        -0.000841153268993616   -0.00484412882682318    -0.090773178966191      -0.0644317826929868     
1.23046610915486        99.1900429522817        -0.00244819729703569    5.00102706712           28.753321245645         5.00102706712005        -0.00484412882682318    -0.00677476956190351    -0.133596375982081      0.0393345476750284      
1.24045452781114        99.1928522236991        -0.00253044979784467    5.00089172984739        28.7533393523103        5.00089172984734        -0.00677476956190351    -0.00559605425584219    -0.0644317826929868     0.098779509243845       
1.25044304261372        99.1952710637006        -0.00254932486749884    5.00077993064886        28.7533685200716        5.00077993064885        -0.00559605425584219    -0.00263582009122439    0.0393345476750284      0.0866837701889002      
1.26043403272073        99.1971634376732        -0.00237568429007733    5.00072726793134        28.7534913852276        5.00072726793129        -0.00263582009122439    -3.79501940379585e-05   0.098779509243845       0.0159916458241467      
1.27042280330677        99.198435386229         -0.00202827030462459    5.00072650969571        28.7536735495441        5.00072650969571        -3.79501940379585e-05   0.000441313913417889    0.0866837701889002      -0.0464360274294353     
1.28041378203462        99.2003455431355        -0.00165147246537583    5.00073532704818        28.753975737074         5.00073532704823        0.000441313913417889    -0.000950290694775076   0.0159916458241467      -0.0504087415283075     
1.29040260320278        99.2037466454914        -0.00138884946903217    5.00071634182233        28.754414067528         5.00071634182233        -0.000950290694775076   -0.00246085919537698    -0.0464360274294353     -0.0200394425081804     
1.30039065224852        99.2091827913913        -0.00127517681409383    5.00066718246903        28.7550605570707        5.00066718246905        -0.00246085919537698    -0.00306136645674807    -0.0504087415283075     0.0156621585142156      
1.31037873263533        99.2182555439802        -0.00126232840170078    5.00060602300818        28.7561995131946        5.00060602300819        -0.00306136645674807    -0.00259195507301959    -0.0200394425081804     0.0507162363515181      
1.32037018427065        99.2305893037976        -0.00126810899576167    5.00055422800011        28.7578378559668        5.0005542280002         -0.00259195507301959    -0.00107149609561904    0.0156621585142156      0.0547765656281943      
1.33036517728338        99.2384971244536        -0.00120202836843968    5.0005328088338         28.7589221161651        5.00053280883384        -0.00107149609561904    0.000571203087372034    0.0507162363515181      0.0136687927188837      
1.34036366385278        99.2412264029267        -0.00104640470960909    5.00054423053329        28.7593504249836        5.00054423053338        0.000571203087372034    0.000981194035603822    0.0547765656281943      -0.0284656044470639     
1.35036342671751        99.2423286215681        -0.000884265531372058   5.00056385238473        28.7595665571041        5.00056385238476        0.000981194035603822    0.000127405199779532    0.0136687927188837      -0.0343449429314161     
1.36036127795758        99.2432004517044        -0.000801703250283232   5.00056639979781        28.7597002066895        5.00056639979778        0.000127405199779532    -0.000902535127799612   -0.0284656044470639     -0.00952004576965887    
1.37035496568831        99.2418776673879        -0.000812956623031979   5.00054835873911        28.7594566617615        5.00054835873915        -0.000902535127799612   -0.00118799718669575    -0.0343449429314161     0.0217212225585972      
1.38034836823377        99.2390835675529        -0.000868866483866422   5.00052461115444        28.7589835172699        5.00052461115446        -0.00118799718669575    -0.00053669299906831    -0.00952004576965887    0.0319586339980757      
1.39034706889428        99.2376577876266        -0.000894924120968759   5.00051388204541        28.7587460722444        5.00051388204541        -0.00053669299906831    0.000421562856384984    0.0217212225585972      0.0165297704318074      
1.40033856053276        99.23623125901          -0.000850794299879368   5.00052230832992        28.7585636001194        5.00052230832985        0.000421562856384984    0.000917155012693929    0.0319586339980757      -0.00602308118948057    
1.41033328490399        99.2343104754219        -0.000755133369249712   5.00054063922912        28.7583379891301        5.0005406392291         0.000917155012693929    0.000736597628396127    0.0165297704318074      -0.0184010553755502     
1.42032573833114        99.2320029719249        -0.000658960701175211   5.00055535974212        28.7580459558482        5.00055535974208        0.000736597628396127    0.000185096487302752    -0.00602308118948057    -0.0173834979915763     
1.43031504647821        99.2294999259866        -0.000602375328270231   5.00055905752206        28.7576938872677        5.00055905752199        0.000185096487302752    -0.000335705533029235   -0.0184010553755502     -0.0072209062155403     
1.44029913702966        99.2250428042339        -0.000583595762605682   5.00055235392461        28.7570287455369        5.00055235392455        -0.000335705533029235   -0.000551956513280178   -0.0173834979915763     0.00195590649185174     
1.45027901417205        99.219627811038         -0.000563354810426596   5.00054133620957        28.7562123790212        5.00054133620961        -0.000551956513280178   -0.000493409611759675   -0.0072209062155403     0.00240675125722575     
1.46025757146783        99.2007058538833        -0.000496829352246044   5.00053149199672        28.7534419287688        5.00053149199664        -0.000493409611759675   -0.000421421469786784   0.00195590649185174     0.000243828444505238    
1.47022338150413        99.1269106596481        -0.000374977277278278   5.00052309234959        28.742720986563         5.00052309234957        -0.000421421469786784   -0.000414136855120431   0.00240675125722575     0.00229939001095761     
1.48017660775148        98.9638139055634        -0.000232150039613545   5.00051484945232        28.7190419116309        5.00051484945237        -0.000414136855120431   -0.000345564222199395   0.000243828444505238    0.00488011640320657     
1.49011194555677        98.6896927462412        -0.000113557106139986   5.00050798565553        28.6792200230838        5.00050798565561        -0.000345564222199395   -0.000200313237978664   0.00229939001095761     0.00488011640320657     
1.50001320226188        98.3972237292578        -3.5007026818911e-05    5.00050401553661        28.6366813829108        5.00050401553658        -0.000200313237978664   -0.000200313237978664   0.00488011640320657     0.00488011640320657     
