x                       V                     vel                       p                      cs                  dd1[i]             dd2_left[i]            dd2_right[i]             dd3_left[i]            dd3_right[i]
-1.49025011382943       98.4631751703416        0.00613088160079852     5.02293607899841        28.7104578802408        5.02293607899841        0.00533052296383664     0.00533052296383664     0.0843428879062294      0.0843428879062294      
-1.48034701872171       98.7290804772852        0.010256006825458       5.02304162006829        28.7495008753333        5.02304162006829        0.00533052296383664     0.00783830087042781     0.0843428879062294      0.0920590940117993      
-1.47041930922939       98.8832492806634        0.0144088856390256      5.02319720365306        28.7723843663433        5.02319720365306        0.00783830087042781     0.0105811558037083      0.0843428879062294      0.0920072931540955      
-1.46047952968981       98.9507743265996        0.0186035984415328      5.02340754751257        28.7828092960727        5.02340754751257        0.0105811558037083      0.0133258330035006      0.0920590940117993      0.102391207268453       
-1.45052859728348       98.9655274968368        0.0228213363277215      5.02367269612258        28.7857145804196        5.02367269612258        0.0133258330035006      0.0163823476331479      0.0920072931540955      0.0900170676756309      
-1.44057556464356       98.96719673326          0.0270835982734351      5.02399880285505        28.7868916322985        5.02399880285505        0.0163823476331479      0.0190705111301339      0.102391207268453       0.0894109752652049      
-1.43062059645423       98.9672141209817        0.0313896556870988      5.02437851270447        28.7879819858821        5.02437851270447        0.0190705111301339      0.021741310278585       0.0900170676756309      0.0889326639019134      
-1.42066189033997       98.9643778776845        0.0357508497663353      5.02481153532214        28.7888099657306        5.02481153532213        0.021741310278585       0.0243986332411947      0.0894109752652049      0.087433876149705       
-1.41070018420844       98.9607890944002        0.0401742335456787      5.02529763737117        28.7896804320714        5.02529763737117        0.0243986332411947      0.0270116867020691      0.0889326639019134      0.0908726548096864      
-1.40073564033762       98.9563041559305        0.0446508700113255      5.02583586810561        28.7905697177057        5.02583586810561        0.0270116867020691      0.0297277572400212      0.087433876149705       0.0973356370338809      
-1.39077474035892       98.9506300160344        0.0491644252466027      5.02642821240431        28.7914408099519        5.02642821240431        0.0297277572400212      0.0326370635956012      0.0908726548096864      0.0788094319377379      
-1.38080982370208       98.9443710253307        0.0537383364688049      5.0270785615243         28.7923926979838        5.0270785615243         0.0326370635956012      0.0349925822838551      0.0973356370338809      0.0756033746511582      
-1.3708471481188        98.9392556404427        0.0583958187343677      5.02777581963506        28.793645048914         5.02777581963506        0.0349925822838551      0.0372523086114027      0.0788094319377379      0.077174302814514       
-1.36088564935357       98.9320805470061        0.0631020501514754      5.02851808788646        28.7947262678099        5.02851808788645        0.0372523086114027      0.0395590203665534      0.0756033746511582      0.0832502904669799      
-1.35092046333606       98.9218350579829        0.0678730605118199      5.02930640216323        28.7954920769105        5.02930640216323        0.0395590203665534      0.0420473508775211      0.077174302814514       0.0692646060074109      
-1.34095723815711       98.9105051779621        0.0726910469370128      5.03014425488713        28.7962413452668        5.03014425488713        0.0420473508775211      0.0441173812921408      0.0832502904669799      0.0779160540625053      
-1.33099605591631       98.8973598423731        0.0775631226501121      5.03102314489794        28.7968431816255        5.03102314489795        0.0441173812921408      0.0464452666345063      0.0692646060074109      0.0663143811189604      
-1.32103839173568       98.8787733473983        0.0824674708440783      5.03194808540794        28.7967837970645        5.03194808540794        0.0464452666345063      0.0484256795327317      0.0779160540625053      0.0708066969533321      
-1.31108563330724       98.8557162253138        0.0874396249775244      5.03291197822578        28.7961837259289        5.03291197822578        0.0484256795327317      0.0505393939498207      0.0663143811189604      0.0781737211514092      
-1.30113965411638       98.8354924697682        0.0924620400815425      5.03391754479999        28.7961143094143        5.0339175448            0.0505393939498207      0.0528724311408846      0.0708066969533321      0.0693345553837806      
-1.29119099409184       98.8182074871516        0.0975439607918423      5.03496943628897        28.7966043845066        5.03496943628897        0.0528724311408846      0.0549415620048743      0.0781737211514092      0.0595349788359661      
-1.28124450246092       98.8020840238553        0.102659533414872       5.03606251998283        28.7973804436194        5.03606251998283        0.0549415620048743      0.0567182059554043      0.0693345553837806      0.0649964150638533      
-1.27129536973109       98.7866786789861        0.107840137538295       5.03719089708988        28.7983610238364        5.03719089708988        0.0567182059554043      0.0586575722694989      0.0595349788359661      0.072656124288775       
-1.26135124111733       98.7715552383452        0.113075820653755       5.03835761018075        28.7994912282753        5.03835761018076        0.0586575722694989      0.060825076960815       0.0649964150638533      0.0611291471880386      
-1.25140815446311       98.7561477386587        0.118367842887808       5.03956716206432        28.8007013570769        5.03956716206431        0.060825076960815       0.0626483669868687      0.072656124288775       0.0572408361050938      
-1.24146696922949       98.740507246597         0.123700375020714       5.04081281485423        28.8019795116543        5.04081281485423        0.0626483669868687      0.0643554291850986      0.0611291471880386      0.061458462330633       
-1.23152593761927       98.724386801373         0.129071155998251       5.0420922212512         28.8032828782588        5.04209222125121        0.0643554291850986      0.0661880336287527      0.0572408361050938      0.0577328101536875      
-1.22158855008121       98.7079367820087        0.134503717468847       5.04340787240476        28.8046404084253        5.04340787240476        0.0661880336287527      0.0679092496030277      0.061458462330633       0.0356475922721787      
-1.21164940163675       98.6910083392859        0.140009787171186       5.04475751918803        28.8060238606401        5.04475751918804        0.0679092496030277      0.0689717750264829      0.0577328101536875      0.0434043023207559      
-1.20171654544015       98.6740902949181        0.145570466312431       5.04612785764073        28.8074665050731        5.04612785764073        0.0689717750264829      0.0702651809011686      0.0356475922721787      0.047998706951104       
-1.19178519672944       98.6569289348222        0.151167852964469       5.0475235364978         28.8089445264576        5.04752353649781        0.0702651809011686      0.0716951632565914      0.0434043023207559      0.0509236632127005      
-1.18185470569251       98.6396680662849        0.156831963318525       5.04894740238078        28.8104869753756        5.04894740238078        0.0716951632565914      0.0732120600793806      0.047998706951104       0.0353200829957933      
-1.1719270381316        98.6222598031043        0.162534956921704       5.0504011553139         28.8120916413366        5.0504011553139         0.0732120600793806      0.0742639612328576      0.0509236632127005      0.0496770265482264      
-1.16199938179719       98.6048065511735        0.168281743643248       5.05187550857072        28.8137469287152        5.05187550857072        0.0742639612328576      0.0757432069552896      0.0353200829957933      0.0513636202145802      
-1.15207660886372       98.5871415638926        0.174075568533485       5.05337898076397        28.8154527106718        5.05337898076397        0.0757432069552896      0.0772723949305232      0.0496770265482264      0.0535290830179862      
-1.14215061548867       98.569163460135         0.179961153092649       5.0549125747692         28.8171969449701        5.05491257476921        0.0772723949305232      0.0788657296129843      0.0513636202145802      0.0446348918531441      
-1.13223218314377       98.5509973782421        0.185881840204677       5.05647738067465        28.8190009393689        5.05647738067464        0.0788657296129843      0.0801940053345626      0.0535290830179862      0.0515792862733084      
-1.12231225597065       98.5325281767494        0.191849004640001       5.05806814688998        28.8208328067087        5.05806814688998        0.0801940053345626      0.081728534182581       0.0446348918531441      0.041182731740312       
-1.11239759681743       98.5139618537573        0.197829145345741       5.05968896219237        28.8227342391759        5.05968896219239        0.081728534182581       0.0829535491220092      0.0515792862733084      0.0467064047297786      
-1.10248345377269       98.4952555250071        0.203871714698917       5.06133381050695        28.8246817549139        5.06133381050693        0.0829535491220092      0.0843427456558316      0.041182731740312       0.0518454016161955      
-1.09256930581192       98.476498364867         0.209956641069717       5.06300622331517        28.8266983908901        5.06300622331515        0.0843427456558316      0.0858846496234171      0.0467064047297786      0.0527406885028696      
-1.08265420706797       98.4578751564405        0.216107185944479       5.06470899586827        28.8288190883966        5.06470899586829        0.0858846496234171      0.0874527650409022      0.0518454016161955      0.0400472683713982      
-1.07274600551071       98.4409922222442        0.222321017497263       5.06644212878136        28.8312790268317        5.06644212878136        0.0874527650409022      0.0886430850885865      0.0527406885028696      0.0375086072004213      
-1.06284164423182       98.4271667490676        0.22862332005876        5.0681982570834         28.8342503216598        5.06819825708342        0.0886430850885865      0.0897576453455559      0.0400472683713982      0.0383424706039065      
-1.05293611386424       98.4095730648197        0.235007846881497       5.06997622186239        28.8367299186953        5.06997622186241        0.0897576453455559      0.0908968405450636      0.0375086072004213      0.0360366644061952      
-1.04303452560265       98.3879473382229        0.241456264488465       5.07177653448338        28.8386801184909        5.07177653448337        0.0908968405450636      0.0919674796341281      0.0383424706039065      0.0358471167017829      
-1.03313101692743       98.3675777503996        0.247982173302229       5.07359805685615        28.8408723669516        5.07359805685614        0.0919674796341281      0.0930324343967394      0.0360366644061952      0.0371412823102535      
-1.02322730783836       98.3482042346022        0.254576553837473       5.07544062859659        28.84326817826          5.07544062859661        0.0930324343967394      0.0941355964883007      0.0358471167017829      0.0599513829497831      
-1.01332685071762       98.326210521558         0.261244356285649       5.07730434097923        28.8453374485705        5.07730434097922        0.0941355964883007      0.0959153026312722      0.0371412823102535      0.0575561665366127      
-1.00343513744155       98.2993857226143        0.267986158832048       5.07920190437861        28.8467914784744        5.07920190437862        0.0959153026312722      0.097622874521486       0.0599513829497831      0.056023510490712       
-0.993551541320278      98.2724224806938        0.274838227559304       5.08113208797399        28.8483147754362        5.08113208797398        0.097622874521486       0.0992843381560028      0.0575561665366127      0.0372924926505585      
-0.983666772165915      98.2485698977107        0.281776336891983       5.08309482894137        28.8503840990589        5.08309482894138        0.0992843381560028      0.100390135781534       0.056023510490712       0.0573278466862724      
-0.973782130470265      98.2259675764436        0.288801253896283       5.08507932451572        28.852695912558         5.08507932451572        0.100390135781534       0.102089754952529       0.0372924926505585      0.0545858548548538      
-0.963900514319201      98.2032236468897        0.295867388162928       5.0870968888332         28.8550779323006        5.08709688883321        0.102089754952529       0.103707715521801       0.0573278466862724      0.0640144692304758      
-0.954023083972244      98.1802264899945        0.303019180665933       5.08914589687446        28.8575090399871        5.08914589687449        0.103707715521801       0.105604821507779       0.0545858548548538      0.0435725303714829      
-0.944144505819281      98.1569345445722        0.310240767397089       5.09123223182354        28.8599996803627        5.09123223182356        0.105604821507779       0.106895971520175       0.0640144692304758      0.058610288792571       
-0.934266977034973      98.1335114374344        0.317556303961508       5.09334387596101        28.8625397215377        5.09334387596102        0.106895971520175       0.108632399938753       0.0435725303714829      0.050774421086502       
-0.924392217679815      98.1097641960754        0.324904065602375       5.09548921693057        28.8651244450434        5.09548921693058        0.108632399938753       0.110136280588484       0.058610288792571       0.050965525298667       
-0.914522007067798      98.0853816758686        0.332309745193328       5.09766360662229        28.86769476164          5.09766360662228        0.110136280588484       0.111645383119857       0.050774421086502       0.0318675163221618      
-0.904651748696688      98.060703429675         0.339778257656727       5.09986723824295        28.8703010254499        5.09986723824294        0.111645383119857       0.112588707543759       0.050965525298667       0.0320392253025013      
-0.894786923026168      98.035853781244         0.347322350337188       5.10208874935151        28.8729292651541        5.10208874935151        0.112588707543759       0.113536803257706       0.0318675163221618      0.0413300578245182      
-0.884924418486671      98.0110736939954        0.354930763666772       5.10432816921729        28.8756149819501        5.10432816921731        0.113536803257706       0.11475944615461        0.0320392253025013      0.0341883802026663      
-0.875065901661251      97.9861036494815        0.362599254331317       5.10659108196294        28.8783356818665        5.10659108196294        0.11475944615461        0.115770594821296       0.0413300578245182      0.026672752065251       
-0.865207941302119      97.9610518982993        0.370334929786672       5.10887353263776        28.8810960454693        5.10887353263776        0.115770594821296       0.116559287447898       0.0341883802026663      0.0290000933431909      
-0.855351801878688      97.9357774940423        0.378119471837353       5.11117103125316        28.8838625317207        5.11117103125318        0.116559287447898       0.11741654507384        0.026672752065251       0.0198392267770798      
-0.845500066813401      97.9101161906942        0.385938736066869       5.11348454377555        28.8866135611977        5.11348454377558        0.11741654507384        0.118002804100598       0.0290000933431909      0.00795099269029416     
-0.835652750862372      97.884457746014         0.393814859099506       5.11580879314948        28.8893916415042        5.11580879314947        0.118002804100598       0.118237677276001       0.0198392267770798      0.0325253571290092      
-0.825805996766001      97.8589013252223        0.401787827485828       5.11813696177783        28.8921921376575        5.11813696177783        0.118237677276001       0.119198226067656       0.00795099269029416     0.0165973606629437      
-0.815965657781473      97.8333607036883        0.409767542451508       5.12048341112915        28.8950428429702        5.12048341112914        0.119198226067656       0.119688299914147       0.0325253571290092      0.0230026265652029      
-0.806122548376271      97.8078377625319        0.417782052137248       5.12283931601355        28.8979190918704        5.12283931601355        0.119688299914147       0.120367389297064       0.0165973606629437      -0.0078628078331425     
-0.796281768075505      97.7824713012319        0.425822020844331       5.12520820999986        28.9008513342644        5.12520820999985        0.120367389297064       0.12013533207916        0.0230026265652029      0.0224208451723456      
-0.786445378577074      97.7582757128492        0.433948650144577       5.12757143190253        28.903936922654         5.12757143190252        0.12013533207916        0.120796734359091       -0.0078628078331425     -0.00794746354095339    
-0.776616275532635      97.7363293325589        0.442074752081915       5.12994639847085        28.9073846003439        5.12994639847086        0.120796734359091       0.120562399803867       0.0224208451723456      0.0144654064473656      
-0.766789169570001      97.7174358216961        0.450241105182659       5.13231577584323        28.9112647435401        5.13231577584321        0.120562399803867       0.120988813720673       -0.00794746354095339    0.0129863335825794      
-0.756967072965254      97.6938564153041        0.458387976137581       5.13469321568377        28.9144710525614        5.13469321568376        0.120988813720673       0.121371622953464       0.0144654064473656      0.0185529735132971      
-0.747138212602987      97.6642193246651        0.466551293786226       5.13707856274496        28.9167992534893        5.13707856274494        0.121371622953464       0.121918591067983       0.0129863335825794      0.00788068998064338     
-0.737311526432695      97.6351409075516        0.47470390630836        5.1394749881644         28.9192370997885        5.13947498816442        0.121918591067983       0.122150924531882       0.0185529735132971      0.00455464834211429     
-0.727481864231206      97.607865839421         0.482858122951764       5.14187569204005        28.9219499317164        5.14187569204005        0.122150924531882       0.122285153626896       0.00788068998064338     -0.00320427585406367    
-0.717660699933245      97.5818668641453        0.490993356945997       5.1442776926064         28.9248515096191        5.14427769260635        0.122285153626896       0.122190767709409       0.00455464834211429     0.00024739583420693     
-0.707847454623666      97.5559385787506        0.499128921875043       5.14667639835597        28.9277504195862        5.14667639835593        0.122190767709409       0.122198051206967       -0.00320427585406367    -0.00250580844045583    
-0.698033456724547      97.5282530137489        0.50727217024612        5.14907434679202        28.9303826936474        5.149074346792          0.122198051206967       0.12212431362341        0.00024739583420693     -0.00674061484148508    
-0.688227780023357      97.4989262540281        0.515384693194792       5.15146957615853        28.9327597573451        5.15146957615851        0.12212431362341        0.121926058004894       -0.00250580844045583    -0.00966297367454079    
-0.678427046109865      97.4704382820495        0.523466871758141       5.153859602429          28.9352424761715        5.15385960242904        0.121926058004894       0.121641960716523       -0.00674061484148508    -0.0265492597742729     
-0.668629670953907      97.4433598689152        0.531516115474887       5.15624346875703        28.9379130754631        5.15624346875705        0.121641960716523       0.120861557980169       -0.00966297367454079    -0.014827774985379      
-0.658830352432569      97.4174305095949        0.53957785606324        5.15861180719216        28.9407068346392        5.15861180719215        0.120861557980169       0.120425781890214       -0.0265492597742729     -0.0185854662116075     
-0.649035434534298      97.3919028451455        0.54761025003105        5.1609710481217         28.9435309670767        5.1609710481217         0.120425781890214       0.119879673964239       -0.014827774985379      0.00381496563319606     
-0.639242930364687      97.3666737804214        0.555622597917131       5.1633190693083         28.9463642923013        5.16331906930827        0.119879673964239       0.119991751097798       -0.0185854662116075     -0.0128170082021324     
-0.629449890762071      97.341368623796         0.563564108090185       5.16566905619009        28.9491881229605        5.16566905619014        0.119991751097798       0.119615289425648       0.00381496563319606     -0.00422199291517553    
-0.619659333585665      97.3163564127937        0.571442707318525       5.16801103596155        28.9520294027001        5.16801103596151        0.119615289425648       0.119491316237292       -0.0128170082021324     -0.0473465751427933     
-0.609874952162852      97.2910151091409        0.579217557398522       5.17034970414223        28.9548087884449        5.17034970414221        0.119491316237292       0.118101398928082       -0.00422199291517553    -0.040263990150404      
-0.600090537655246      97.2660107474419        0.586977758620636       5.17266080305325        28.9575574839755        5.17266080305321        0.118101398928082       0.116919595399993       -0.0473465751427933     -0.0465632529191919     
-0.590306211502117      97.2414306925377        0.594695640968395       5.17494856624868        28.9603004802068        5.17494856624868        0.116919595399993       0.115553210086152       -0.040263990150404      -0.0205760881656672     
-0.580525321554729      97.2172590784618        0.60236371015027        5.17720882668562        28.9630238927497        5.17720882668561        0.115553210086152       0.114949635752974       -0.0465632529191919     -0.0277952381933819     
-0.570750741379369      97.1933496993497        0.609925702910628       5.17945622616339        28.9657470195969        5.17945622616339        0.114949635752974       0.114134567036679       -0.0205760881656672     -0.0317991403655439     
-0.56097845850256       97.1696714339392        0.617384708442504       5.18168713537778        28.9684551543608        5.18168713537775        0.114134567036679       0.113202332087542       -0.0277952381933819     -0.0638703945528682     
-0.551204991697515      97.1462752269718        0.624727994413755       5.18389944010967        28.9711500680084        5.18389944010969        0.113202332087542       0.111330312343534       -0.0317991403655439     -0.0827921221158215     
-0.541438357369411      97.1231952021549        0.631990449378489       5.18607447684454        28.9737848105112        5.18607447684458        0.111330312343534       0.108904280370242       -0.0638703945528682     -0.0841235729362293     
-0.531671516387678      97.1006716144052        0.639202510979245       5.18820166499694        28.9763658332723        5.18820166499695        0.108904280370242       0.106439739993883       -0.0827921221158215     -0.0653906352632271     
-0.521906551771397      97.0787717885085        0.6463299141375         5.19028042569119        28.9789017782489        5.19028042569115        0.106439739993883       0.104524278109907       -0.0841235729362293     -0.0169662228905957     
-0.512143461555326      97.0576033476126        0.653326570402366       5.19232143987801        28.9814387371465        5.19232143987805        0.104524278109907       0.104027395341325       -0.0653906352632271     -0.0383026529720866     
-0.502381207263287      97.0367207679422        0.660094151191687       5.19435232093777        28.9839874107857        5.19435232093773        0.104027395341325       0.102905927582182       -0.0169662228905957     -0.066850466141313      
-0.492623686207932      97.0169150357497        0.666660611715335       5.19636067852241        28.9866314716319        5.19636067852241        0.102905927582182       0.100949383309754       -0.0383026529720866     -0.124139013222656      
-0.482868098269243      96.9993227945414        0.673054540544052       5.19832995732099        28.9894948076803        5.19832995732096        0.100949383309754       0.0973181404461002      -0.066850466141313      -0.136119995441076      
-0.473121622766274      96.9849664887225        0.679369277182754       5.20022716173236        28.992638635073         5.20022716173234        0.0973181404461002      0.0933383807819141      -0.124139013222656      -0.118683777866365      
-0.463380423463192      96.9716978721215        0.685618135978468       5.20204596373301        28.9957246708317        5.20204596373303        0.0933383807819141      0.0898687764664922      -0.136119995441076      -0.0293425980094105     
-0.453637076596176      96.9521655621491        0.691761364047251       5.20379752288353        28.9976849360573        5.20379752288357        0.0898687764664922      0.0890107610933359      -0.118683777866365      -0.0416355422358245     
-0.443884598042494      96.9283656440616        0.697614646205961       5.20553314508444        28.9989603278873        5.20553314508448        0.0890107610933359      0.0877929946104281      -0.0293425980094105     -0.0378282160738701     
-0.434134871226263      96.9068269156375        0.703176319911406       5.20724513753167        29.0005058361079        5.20724513753165        0.0877929946104281      0.086686597924493       -0.0416355422358245     -0.132488252636153      
-0.424386141576599      96.8877773867512        0.708433473743036       5.2089352504061         29.0023607936592        5.20893525040611        0.086686597924493       0.0828121277941122      -0.0378282160738701     -0.19020844742407       
-0.414639690499758      96.8705264191809        0.713564220194431       5.21054964373009        29.0042722979854        5.21054964373007        0.0828121277941122      0.0772506381309345      -0.132488252636153      -0.21135228500121       
-0.404892025277055      96.8549277051959        0.718692902947187       5.21205536141733        29.0061270891041        5.2120553614173         0.0772506381309345      0.071072828030948       -0.19020844742407       -0.0852618727346862     
-0.395151146625519      96.8406861127288        0.723861260707893       5.21344006341215        29.0078470058368        5.21344006341217        0.071072828030948       0.0685814966857671      -0.21135228500121       0.0197039338553732      
-0.385414848123305      96.8266973511794        0.728831412563136       5.21477572144106        29.0094671482217        5.21477572144109        0.0685814966857671      0.0691570534178355      -0.0852618727346862     0.072517504562458       
-0.375677350310668      96.8125815019309        0.733407164934297       5.21612232381284        29.0110975202643        5.21612232381286        0.0691570534178355      0.0712750527957444      0.0197039338553732      -0.0251506090717808     
-0.365945331927964      96.7981799232777        0.737496569517872       5.21751003730381        29.012798191558         5.21751003730378        0.0712750527957444      0.0705405626253443      0.072517504562458       -0.160286225263304      
-0.356207197253117      96.784292549028         0.741308769055132       5.21888338553521        29.01453475889          5.21888338553522        0.0705405626253443      0.0658604167477796      -0.0251506090717808     -0.27059307642484       
-0.346477654598999      96.7716873674721        0.74510870711719        5.22016526643882        29.0162081479287        5.22016526643881        0.0658604167477796      0.0579611784896865      -0.160286225263304      -0.214117300957642      
-0.33674767166127       96.7611238552427        0.749130238524408       5.22129310264472        29.0177586025503        5.22129310264476        0.0579611784896865      0.0517117687252559      -0.27059307642484       -0.0830619879665076     
-0.327020228005558      96.7523056123768        0.753284943505661       5.22229926309121        29.0192319649657        5.22229926309121        0.0517117687252559      0.0492875628946748      -0.214117300957642      0.111768591458974       
-0.317290921801183      96.744437781967         0.75729472377397        5.22325824079681        29.020716218359         5.22325824079685        0.0492875628946748      0.0525493405397175      -0.0830619879665076     0.0548203761495926      
-0.30756340010608       96.7369602817587        0.760660955765137       5.2242805848954         29.0224345246279        5.2242805848954         0.0525493405397175      0.0541490290267211      0.111768591458974       -0.457335264389602      
-0.297837876120923      96.7308628428989        0.763051107006007       5.22533389893766        29.024445348892         5.22533389893771        0.0541490290267211      0.0408051883259093      0.0548203761495926      -1.7862718375018        
-0.288112182450751      96.730606513544         0.764133535258732       5.22612759446182        29.0266111217925        5.22612759446178        0.0408051883259093      -0.0113130661658583     -0.457335264389602      -4.73038750250127       
-0.278387397367592      96.7461785238021        0.762641320817949       5.22590753831285        29.0283362610427        5.22590753831287        -0.0113130661658583     -0.149369752722133      -1.7862718375018        -10.4932644688328       
-0.268659653710055      96.7987039352172        0.753441738289975       5.22300082834566        29.028138958501         5.22300082834563        -0.149369752722133      -0.455835137418509      -4.73038750250127       -9.36907125004548       
-0.258920266481507      96.9287305340985        0.725329021942451       5.21412131936088        29.022926579299         5.21412131936087        -0.455835137418509      -0.729826974550436      -10.4932644688328       -10.2550510621281       
-0.249167484376145      97.1351200342169        0.67953810993257        5.19988186624994        29.0141100513163        5.19988186624996        -0.729826974550436      -1.03037089170519       -9.36907125004548       -8.6639469624084        
-0.239390986602253      97.4322650489009        0.612104969389714       5.17972695531805        29.0020841087753        5.17972695531809        -1.03037089170519       -1.2850847267507        -10.2550510621281       -10.4864903332424       
-0.229575102154639      97.8214470871723        0.52573427037082        5.1544947744566         28.9890823656255        5.15449477445662        -1.2850847267507        -1.59467596245819       -8.6639469624084        -7.64621644780086       
-0.21971408122547       98.3303288750437        0.416894356693217       5.12303712220056        28.9755622627367        5.12303712220052        -1.59467596245819       -1.82158427606135       -10.4864903332424       2.60667013053793        
-0.209798660272574      98.9592910392377        0.292236128871767       5.08690154988718        28.965386554853         5.08690154988716        -1.82158427606135       -1.7437613211961        -7.64621644780086       10.6045112692219        
-0.199815639229536      99.659239223181         0.173196701933091       5.05208370556596        28.9679943670175        5.05208370556599        -1.7437613211961        -1.42505162267632       2.60667013053793        9.27589262915222        
-0.189762916439357      100.394167087896        0.077501387166082       5.0234331269145         28.9920501947897        5.02343312691455        -1.42505162267632       -1.14430206481864       10.6045112692219        13.0724911055613        
-0.179641501265436      101.195331387565        0.000673521004053146    5.00026248702292        29.0402944027517        5.00026248702292        -1.14430206481864       -0.745613681408092      9.27589262915222        10.2357500283138        
-0.169439635751514      102.056420522548        -0.050530667262876      4.9850436151435         29.1191720209191        4.9850436151435         -0.745613681408092      -0.430726687131335      13.0724911055613        9.07874219768343        
-0.159142376842137      103.013511648068        -0.0843720419150112     4.97616986549773        29.2293440570207        4.97616986549775        -0.430726687131335      -0.148674101700174      10.2357500283138        9.13862328615895        
-0.148735138895389      104.081925806564        -0.100681557759611      4.97307479756804        29.3713920368945        4.97307479756804        -0.148674101700174      0.138328049781336       9.07874219768343        5.19566683334486        
-0.138211270801486      105.269989026371        -0.0943060803321623     4.97598703944705        29.547196737817         4.97598703944702        0.138328049781336       0.303410602916323       9.13862328615895        -1.21401472564866       
-0.12755993484793       106.608139264617        -0.0699472207096198     4.98245198162079        29.75370942521          4.98245198162076        0.303410602916323       0.264347534007844       5.19566683334486        -5.32745255431035       
-0.116771338056811      108.131910445547        -0.042712993645596      4.98815902413193        29.9827496205619        4.98815902413192        0.264347534007844       0.0905245041694637      -1.21401472564866       -5.04362906252141       
-0.105821537727849      109.847093337345        -0.0276019471739667     4.9901422194563         30.2256132594869        4.99014221945628        0.0905245041694637      -0.0765729787048991     -5.32745255431035       -1.23817347914324       
-0.094694077912514      111.705974483983        -0.0300844028704096     4.98843761242744        30.4750795637124        4.98843761242745        -0.0765729787048991     -0.118259424287099      -5.04362906252141       2.91753832169084        
-0.0833763812793228     113.611784022778        -0.042885055867615      4.98576151237736        30.7257020568908        4.98576151237739        -0.118259424287099      -0.0184366597446073     -1.23817347914324       3.57601030851356        
-0.0718811068809067     115.449877892176        -0.0517411502958662     4.98533761403352        30.9719394181099        4.98533761403353        -0.0184366597446073     0.10581649776683        2.91753832169084        1.19476678089509        
-0.0602050634285441     117.130399675442        -0.0475023075527857     4.98780735236411        31.2042697048154        4.98780735236414        0.10581649776683        0.147917608236096       3.57601030851356        -1.9312849865087        
-0.0483727786891066     118.591416928899        -0.0301070306744365     4.99130594001283        31.4092885346504        4.99130594001285        0.147917608236096       0.0790365602460151      1.19476678089509        -2.89897912697794       
-0.0364088456582293     119.759234062986        -0.00843227424661014    4.99319584262824        31.5695346190924        4.99319584262827        0.0790365602460151      -0.0253721569379297     -1.9312849865087        -1.30915802125865       
-0.0243454927659632     120.554266779486        0.00634255445282089     4.99258392771851        31.672209025715         4.99258392771853        -0.0253721569379297     -0.0728558218938498     -2.89897912697794       1.00321571733845        
-0.0122009806451551     120.938572416038        0.00790116929679848     4.99081668286876        31.7170365580891        4.99081668286873        -0.0728558218938498     -0.0363209125588348     -1.30915802125865       2.0809465138295         
-3.98744675112599e-05   121.02557012266         -0.000372591932892832   4.98993358101411        31.7256351792584        4.98993358101411        -0.0363209125588348     0.0395607850533601      1.00321571733845        0.932879156921281       
0.0121211360116742      120.939015857545        -0.00822611097511506    4.9908953900471         31.7173448006044        4.99089539004707        0.0395607850533601      0.0735322267822298      2.0809465138295         -1.35932137607035       
0.0242623742244586      120.554173332245        -0.00619454673082584    4.99267888740295        31.6724979539088        4.99267888740293        0.0735322267822298      0.0242307274893219      0.932879156921281       -2.99672587896665       
0.0363281582586347      119.759428126249        0.00824254603921857     4.99326328592954        31.5697734023839        4.99326328592951        0.0242307274893219      -0.0836975400400047     -1.35932137607035       -1.87002899166962       
0.0482915039328174      118.592569642869        0.0299174421865412      4.99126192003522        31.409302678707         4.99126192003525        -0.0836975400400047     -0.150391374390768      -2.99672587896665       1.10325876542983        
0.0601227971653365      117.131991463789        0.0473518151343053      4.98770515887602        31.2041620646285        4.98770515887601        -0.150391374390768      -0.111517317291731      -1.87002899166962       4.16875735490051        
0.0717969335792416      115.453240821646        0.0522075948338287      4.98510252910653        30.971660240009         4.98510252910652        -0.111517317291731      0.033317995580431       1.10325876542983        2.64130635008886        
0.0832940601205392      113.6103619363          0.0424197385550779      4.98586852073383        30.7258394842564        4.9858685207338         0.033317995580431       0.123678353484233       4.16875735490051        -1.65211231453428       
0.0946063254588347      111.702882226824        0.0293875444072171      4.98866672473933        30.4753575757647        4.9886667247394         0.123678353484233       0.0680632611786363      2.64130635008886        -4.87636266331411       
0.105734365164753       109.846485870878        0.0275549539357139      4.99018169896297        30.2256492482861        4.99018169896298        0.0680632611786363      -0.093473353961353      -1.65211231453428       -5.28365021741135       
0.116682671463621       108.13223039337         0.042855291376537       4.98813404326693        29.982718900492         4.98813404326694        -0.093473353961353      -0.265857378011695      -4.87636266331411       -1.21570668053564       
0.127470626908832       106.608902286279        0.0701041988260087      4.98239477769183        29.7536450990074        4.98239477769182        -0.265857378011695      -0.304972365006616      -5.28365021741135       5.31264248400337        
0.138121932009247       105.271198610781        0.0945397151161219      4.9758968656088         29.5470987635635        4.97589686560876        -0.304972365006616      -0.136185501949327      -1.21570668053564       9.26787517098861        
0.148644486951529       104.082567962154        0.100655267425848       4.97303000248674        29.3713503608436        4.97303000248677        -0.136185501949327      0.154853716290263       5.31264248400337        9.18938882421436        
0.159050396824239       103.012503062853        0.0838118148400936      4.9762534505245         29.2294464485641        4.97625345052457        0.154853716290263       0.440324332484175       9.26787517098861        11.2312262285755        
0.16934819106381        102.05297268344         0.0493559996352266      4.98532457768935        29.1195007095765        4.98532457768932        0.440324332484175       0.785832100524635       9.18938882421436        9.63165658050412        
0.179548718107955       101.181941314049        -0.0045000073014269     5.00136442179312        29.0415725416757        5.00136442179312        0.785832100524635       1.07958456959327        11.2312262285755        12.8163462234714        
0.189672442675998       100.396744309668        -0.0766567808248978     5.02322545200483        28.9918230229015        5.02322545200478        1.07958456959327        1.46747797050211        9.63165658050412        9.76008464221904        
0.199723434019718       99.6516271414195        -0.175490433593927      5.05272674217262        28.968731457627         5.05272674217256        1.46747797050211        1.76078209607341        12.8163462234714        2.03991251564971        
0.209704517954006       98.947869687267         -0.29520465145416       5.08787905516751        28.966497709575         5.0878790551675         1.76078209607341        1.82167477906399        9.76008464221904        -7.95397071795597       
0.219619426017412       98.3190927272293        -0.420163771168891      5.12401124008815        28.976661190505         5.12401124008811        1.82167477906399        1.58567257914188        2.03991251564971        -10.465419039421        
0.229477719750805       97.8125213342919        -0.528430437198309      5.15528545370293        28.9899829948404        5.15528545370299        1.58567257914188        1.27674088498328        -7.95397071795597       -8.71935070943599       
0.239292215815928       97.4252789665131        -0.61421690309107       5.18035130501798        29.0027921367328        5.18035130501796        1.27674088498328        1.02040723424042        -10.465419039421        -10.0020573545276       
0.249070299472112       97.1303472751733        -0.680994118110082      5.20031236333161        29.0145982162364        5.20031236333154        1.02040723424042        0.727284161768344       -8.71935070943599       -9.60450596396364       
0.258823346009198       96.9245450622027        -0.726581584295763      5.21450166863392        29.0233584651639        5.21450166863383        0.727284161768344       0.446422137918262       -10.0020573545276       -10.3999016906181       
0.268559145371243       96.7965471205789        -0.754002280718953      5.2231967085156         29.0283598777667        5.22319670851567        0.446422137918262       0.142700794078756       -9.60450596396364       -4.5928512167754        
0.278288840154181       96.7454787599631        -0.762775447368348      5.22597364149273        29.0284148704094        5.22597364149273        0.142700794078756       0.00865536024214393     -10.3999016906181       -1.73121990611043       
0.288013308190863       96.7304648617537        -0.764148955762822      5.22614201353691        29.0266299112547        5.22614201353687        0.00865536024214393     -0.0418620489225252     -4.5928512167754        -0.425363478076199      
0.297740520517907       96.7309599204185        -0.76300290831164       5.22532766453734        29.0244425984208        5.22532766453737        -0.0418620489225252     -0.054273834086035      -1.73121990611043       0.0652044953897304      
0.30746794132409        96.7370758522766        -0.76057712562477       5.22427185366903        29.0224276086987        5.22427185366897        -0.054273834086035      -0.0523711581684554     -0.425363478076199      0.0791292973810333      
0.317192697127556       96.7445724401414        -0.757200999783874      5.22325308708662        29.020722098093         5.22325308708656        -0.0523711581684554     -0.0500620278462674     0.0652044953897304      -0.0483395676346509     
0.326921399725526       96.7526102620523        -0.753252332381255      5.2222790978743         29.0192216251084        5.22227909787436        -0.0500620278462674     -0.0514727864337989     0.0791292973810333      -0.214621816621699      
0.336650535535648       96.7613621934813        -0.749088072850609      5.22127756020526        29.0177511509684        5.22127756020532        -0.0514727864337989     -0.0577370229429385     -0.0483395676346509     -0.267189915424989      
0.346378791614001       96.7718582348657        -0.745065094079245      5.22015408983843        29.0162027019962        5.22015408983851        -0.0577370229429385     -0.0655371584888613     -0.214621816621699      -0.168564947953828      
0.356109953331648       96.7843802215187        -0.741266308818712      5.21887843985716        29.0145341525307        5.21887843985714        -0.0655371584888613     -0.070459064584274      -0.267189915424989      -0.0331149866387921     
0.365848433630114       96.79826513642          -0.737467843351474      5.21750666093855        29.0128015743788        5.21750666093855        -0.070459064584274      -0.0714261404142067     -0.168564947953828      0.0718776221553102      
0.375578634629518       96.8127039698262        -0.733394971046108      5.21611608334036        29.0110985155877        5.21611608334028        -0.0714261404142067     -0.0693269518319024     -0.0331149866387921     0.0330705112974606      
0.385317250290624       96.8269054161768        -0.728836368372398      5.21476623934335        29.0094719423493        5.21476623934328        -0.0693269518319024     -0.0683610220235576     0.0718776221553102      -0.0748803489784194     
0.395051209774794       96.8407762644176        -0.723873404201298      5.21343499166163        29.00784639819          5.21343499166165        -0.0683610220235576     -0.0705488891331535     0.0330705112974606      -0.229499427922039      
0.404792240357894       96.854931183908         -0.718690994605297      5.21206056617448        29.0061420927588        5.21206056617456        -0.0705488891331535     -0.0772566209303329     -0.0748803489784194     -0.185513523759483      
0.414539993736488       96.8705207330271        -0.71357894460488       5.21055482170351        29.004285858197         5.21055482170352        -0.0772566209303329     -0.0826805315957699     -0.229499427922039      -0.140867035576346      
0.424283791101748       96.8877613739202        -0.70845964009723       5.20894313943661        29.0023803593215        5.20894313943664        -0.0826805315957699     -0.0868000773221891     -0.185513523759483      -0.0355461228051335     
0.434034217171175       96.9068112181734        -0.703223095315788      5.20725067346064        29.0005189027931        5.2072506734607         -0.0868000773221891     -0.087839806843821      -0.140867035576346      -0.0340484894962992     
0.443786444816423       96.9283728995626        -0.697671437518646      5.20553753010378        28.9989736272558        5.20553753010374        -0.087839806843821      -0.0888357494799003     -0.0355461228051335     -0.0460574155351185     
0.453537645516836       96.9521099546017        -0.691815779522643      5.20380528741254        28.9976982536993        5.20380528741246        -0.0888357494799003     -0.0901825206532478     -0.0340484894962992     -0.107319744118122      
0.463281791207853       96.971743227484         -0.685694973923979      5.20204768218319        28.9957362409774        5.20204768218318        -0.0901825206532478     -0.0933198233349523     -0.0460574155351185     -0.132997367078767      
0.473021143729718       96.9850129219698        -0.679444113073517      5.20022929353558        28.9926515181219        5.20022929353561        -0.0933198233349523     -0.0972082615589664     -0.107319744118122      -0.127230190696197      
0.482769405082074       96.9993235822701        -0.673119363092297      5.19833419832483        28.9895067507794        5.19833419832483        -0.0972082615589664     -0.100930041772748      -0.132997367078767      -0.0719220329168647     
0.49252394446393        97.0169353405443        -0.666731596590664      5.19636520173013        28.9866471207608        5.19636520173014        -0.100930041772748      -0.103035082381217      -0.127230190696197      -0.0339248357765356     
0.502283661313422       97.036731239899         -0.660176989946752      5.19435426924513        28.9839944104087        5.19435426924514        -0.103035082381217      -0.104028370882549      -0.0719220329168647     -0.0157726815506279     
0.512043625771652       97.0576537350732        -0.653413447434337      5.19232343079772        28.9814518162586        5.19232343079764        -0.104028370882549      -0.104490309067104      -0.0339248357765356     -0.0593767975768432     
0.521807914468341       97.0787989519517        -0.646412007882526      5.1902830076359         28.9789130404051        5.19028300763584        -0.104490309067104      -0.106229671238401      -0.0157726815506279     -0.0914331178005955     
0.531574155400297       97.1006924373545        -0.639269485509005      5.18820818203246        28.9763871392007        5.18820818203252        -0.106229671238401      -0.108908442904028      -0.0593767975768432     -0.078477136176987      
0.541340399515978       97.1231369090349        -0.632064237578795      5.18608094492356        28.9737941835707        5.18608094492359        -0.108908442904028      -0.111207911688999      -0.0914331178005955     -0.0643682991455796     
0.551106357207146       97.1462803410908        -0.624803088420594      5.18390851085995        28.9711761773252        5.18390851085987        -0.111207911688999      -0.113094375616844      -0.078477136176987      -0.0261270917071031     
0.560877973064708       97.169651001031         -0.617467388792482      5.18169850609915        28.9684838928509        5.18169850609913        -0.113094375616844      -0.113860283373179      -0.0643682991455796     -0.0311640624171998     
0.570651271159367       97.1933232808998        -0.610000155086852      5.17947300331153        28.9657899954282        5.17947300331161        -0.113860283373179      -0.114774156268696      -0.0261270917071031     -0.0233975793798072     
0.58042487799068        97.217196293086         -0.602431009320757      5.17722892542584        28.9630707596578        5.17722892542584        -0.114774156268696      -0.115460525569157      -0.0311640624171998     -0.054095081158798      
0.590208602913885       97.2413547623555        -0.594748824226074      5.17497033240493        28.9603500778234        5.17497033240497        -0.115460525569157      -0.117047922475563      -0.0233975793798072     -0.032525464464758      
0.599990753232462       97.2659827884889        -0.587038777794773      5.17268018395291        28.9576075710316        5.17268018395293        -0.117047922475563      -0.118002535745692      -0.054095081158798      -0.0448326735032483     
0.609774536312669       97.2909723252101        -0.579264422370842      5.17037125403308        28.9548627633654        5.17037125403316        -0.118002535745692      -0.119318539493088      -0.032525464464758      -0.00920041282246313    
0.619558384297848       97.316253678722         -0.571470961697543      5.16803610564873        28.9520843428732        5.16803610564865        -0.119318539493088      -0.119588678322529      -0.0448326735032483     -0.0206729544528634     
0.62934832274071        97.3412752151887        -0.56358767525084       5.16569482443161        28.9492464375924        5.16569482443162        -0.119588678322529      -0.120195838848225      -0.00920041282246313    0.00319666600601986     
0.639140164264064       97.3666497606783        -0.555650930228804      5.1633410405932         28.946422308994         5.16334104059313        -0.120195838848225      -0.120101928503322      -0.0206729544528634     -0.0160678969235106     
0.648932355186122       97.3918837938687        -0.547632464064227      5.16098864008758        28.9435774653862        5.16098864008751        -0.120101928503322      -0.120574042315561      0.00319666600601986     -0.0150672727436599     
0.658729532861091       97.4174404430619        -0.53959576753136       5.15862654504073        28.9407496510688        5.15862654504065        -0.120574042315561      -0.12101682827212       -0.0160678969235106     -0.021530728836875      
0.668523808621746       97.4434234596682        -0.531550638583404      5.15625551290894        28.937956314923         5.15625551290896        -0.12101682827212       -0.121649656138604      -0.0150672727436599     -0.0135266810420356     
0.678323243431996       97.4705240305621        -0.523496563141993      5.15387165173529        28.9352890280161        5.15387165173526        -0.121649656138604      -0.122047329185625      -0.021530728836875      -0.0051673861560111     
0.68812233663776        97.4990223250308        -0.515419249000472      5.15147924291805        28.9328011580916        5.15147924291809        -0.122047329185625      -0.122199303215302      -0.0135266810420356     0.00426503156377465     
0.697929322892875       97.52837819883          -0.507314105609868      5.14908279619963        28.930424997594         5.14908279619961        -0.122199303215302      -0.12207381655555       -0.0051673861560111     -0.00786689413911888    
0.707738194707193       97.5560812382825        -0.499183743835026      5.14668780905196        28.9278036384822        5.14668780905187        -0.12207381655555       -0.122305409638525      0.00426503156377465     -0.00731492789041386    
0.717551807906684       97.5820107127934        -0.491044924998687      5.14428682930575        28.924898515725         5.14428682930579        -0.122305409638525      -0.122520885627639      -0.00786689413911888    0.0174450540621325      
0.727377746477859       97.608121760219         -0.482901562718125      5.14187981104844        28.92199943161          5.14187981104838        -0.122520885627639      -0.12200671826848       -0.00731492789041386    0.00869630375315272     
0.737203814388658       97.635350164844         -0.474759110664774      5.13948192076313        28.9192875949482        5.13948192076307        -0.12200671826848       -0.121750337838786      0.0174450540621325      0.0184299822286382      
0.747033252227126       97.664385157452         -0.466613766896658      5.13708885248383        28.9168527643493        5.13708885248385        -0.121750337838786      -0.121207002836017      0.00869630375315272     0.011472577430126       
0.756859382788385       97.6939484166566        -0.458440742354007      5.13470673672193        28.9145227371982        5.13470673672194        -0.121207002836017      -0.120868816101102      0.0184299822286382      0.0212014618963388      
0.766684253681729       97.7175305076262        -0.450273495670295      5.13233165844644        28.9113234854874        5.1323316584465         -0.120868816101102      -0.12024380492881       0.011472577430126       -0.00878527499234895    
0.776508481261259       97.7364299753675        -0.442110465282822      5.12996837161322        28.9074613934426        5.12996837161317        -0.12024380492881       -0.120502867968909      0.0212014618963388      0.016874755483439       
0.78634340621982        97.7582701488579        -0.433991514548241      5.12759883029459        28.9040133218816        5.12759883029466        -0.120502867968909      -0.120005027090939      -0.00878527499234895    -0.0150692027984313     
0.796176879319216       97.7824294190546        -0.425883574168506      5.12523802745456        28.9009292144569        5.12523802745463        -0.120005027090939      -0.12044977545756       0.016874755483439       0.0211608890377772      
0.806020073902145       97.8078101920805        -0.417844021549411      5.12286763249671        28.8979948854124        5.12286763249665        -0.12044977545756       -0.1198250680584        -0.0150692027984313     0.011689957365374       
0.815859271443778       97.8333783071659        -0.409836189173553      5.12050906058807        28.8951178128124        5.12050906058806        -0.1198250680584        -0.119479873110009      0.0211608890377772      0.0427094174805366      
0.825704601351425       97.8590649485564        -0.401865151577441      5.11815674181331        28.8922721217399        5.11815674181327        -0.119479873110009      -0.118218413817535      0.011689957365374       0.0152734614715515      
0.835550727807745       97.8846225465963        -0.393899147899838      5.11582859632869        28.8894718760058        5.11582859632873        -0.118218413817535      -0.117767179602014      0.0427094174805366      0.0126444367624752      
0.845400333655516       97.9102449169222        -0.386011242456947      5.1135088244283         28.8867011323151        5.11350882442832        -0.117767179602014      -0.117393512137596      0.0152734614715515      0.0210794101452861      
0.855250893550101       97.9358815790129        -0.378194232582593      5.11119569559397        28.8839475710082        5.1111956955939         -0.117393512137596      -0.116770363971328      0.0126444367624752      0.0300885917174914      
0.86510828838431        97.9612587529774        -0.37041830071802       5.10889393537026        28.8811842077249        5.10889393537029        -0.116770363971328      -0.115880643545906      0.0210794101452861      0.0448534033494989      
0.874966644380198       97.9863522514097        -0.362684038782913      5.10660922701994        28.8784236218287        5.10660922702001        -0.115880643545906      -0.114554076272243      0.0300885917174914      0.0299887498875263      
0.884824633896995       98.0112508236543        -0.354995380818057      5.10435047884836        28.8757041782605        5.10435047884842        -0.114554076272243      -0.113666999716607      0.0448534033494989      0.0332128452991871      
0.894685790734697       98.0361030406497        -0.347394162717227      5.10210872253802        28.8730224848772        5.10210872253798        -0.113666999716607      -0.112684277782324      0.0299887498875263      0.0381536827312954      
0.904549764527498       98.0609473773643        -0.339847882570815      5.09988557024608        28.8703888247249        5.09988557024602        -0.112684277782324      -0.111554898308939      0.0332128452991871      0.0521617070168992      
0.914418734215464       98.0856002338636        -0.332362458128089      5.09768367365369        28.8677837428014        5.09768367365374        -0.111554898308939      -0.110010288525782      0.0381536827312954      0.0420839360139214      
0.924293287354534       98.1099553247457        -0.324934674809376      5.09551146805562        28.8652155857665        5.09551146805559        -0.110010288525782      -0.108763788955997      0.0521617070168992      0.0614512595078538      
0.934166164957523       98.1337764877581        -0.317592642901311      5.09336364358665        28.8626347079462        5.0933636435867         -0.108763788955997      -0.106943341984616      0.0420839360139214      0.0452414662519106      
0.94404106893476        98.1572049041092        -0.310285469101714      5.09125145628296        28.8600939133581        5.09125145628303        -0.106943341984616      -0.10560292848419       0.0614512595078538      0.0588954789464847      
0.953919436261458       98.1805094610293        -0.303067179176456      5.08916536604537        28.8576058249745        5.08916536604538        -0.10560292848419       -0.103857658350433      0.0452414662519106      0.0523338585683897      
0.963795986799308       98.2035504184498        -0.295914690318488      5.08711348032208        28.8551729951836        5.08711348032202        -0.103857658350433      -0.102306469107794      0.0588954789464847      0.0577777650352295      
0.973677940054018       98.226341429411         -0.288839875624452      5.08509161779247        28.8527856959289        5.08509161779242        -0.102306469107794      -0.100593515963321      0.0523338585683897      0.0441238472355531      
0.983563087735875       98.2489668761969        -0.281821637680077      5.08310308309623        28.8504658090476        5.0831030830962         -0.100593515963321      -0.0992851176221771     0.0577777650352295      0.06182614187503        
0.993446880326005       98.2728722246199        -0.274896585984146      5.08114028470214        28.8484040562011        5.08114028470211        -0.0992851176221771     -0.0974515178482203     0.0441238472355531      0.0619334916368407      
1.00333276999062        98.299821077091         -0.268042064034827      5.07921338716057        28.8468879653204        5.07921338716061        -0.0974515178482203     -0.0956141228297751     0.06182614187503        0.0486458835164404      
1.01322296573182        98.3265347645063        -0.261283911597745      5.0773219115904         28.8454349204683        5.07732191159042        -0.0956141228297751     -0.0941700877036945     0.0619334916368407      0.0299981527385987      
1.02312145836943        98.3485705486029        -0.254606105482183      5.07545766508741        28.8433703024137        5.07545766508736        -0.0941700877036945     -0.093279115277241      0.0486458835164404      0.0389479396520122      
1.03302745494322        98.3680171983477        -0.247994992359726      5.0736101261773         28.840971092918         5.07361012617737        -0.093279115277241      -0.0921220216677216     0.0299981527385987      0.0376910389706512      
1.04293010023239        98.3884743346429        -0.24145383954816       5.07178551320604        28.8387828799138        5.07178551320607        -0.0921220216677216     -0.0910022593908596     0.0389479396520122      0.0369615678293484      
1.05283177289736        98.4101350594129        -0.234997257238638      5.06998324459571        28.8368322303735        5.06998324459567        -0.0910022593908596     -0.0899041646119182     0.0376910389706512      0.0448160645770909      
1.06273509796928        98.4277786454402        -0.2286216729615        5.06820251843987        28.8343520710761        5.06820251843994        -0.0899041646119182     -0.088572547417461      0.0369615678293484      0.0434209703517899      
1.07264064985504        98.4416450869651        -0.222328596684456      5.06644785689383        28.8313909301406        5.06644785689387        -0.088572547417461      -0.0872820715476271     0.0448160645770909      0.0502207833107031      
1.08254711026514        98.4585132245866        -0.216136510393358      5.06471830432645        28.8289389949674        5.06471830432653        -0.0872820715476271     -0.0857890747188651     0.0434209703517899      0.0455863083201545      
1.09245997390759        98.4770966938893        -0.209999319505108      5.06301773678963        28.8268187407927        5.0630177367896         -0.0857890747188651     -0.0844334980068564     0.0502207833107031      0.0470179409014438      
1.10237310334647        98.4958800117565        -0.203915853045771      5.06134368851523        28.8248012610164        5.06134368851515        -0.0844334980068564     -0.0830350849670334     0.0455863083201545      0.0462021842074977      
1.11228763284751        98.5146523633562        -0.19787138389415       5.0596971759181         28.8228586469555        5.05969717591818        -0.0830350849670334     -0.0816607046507209     0.0470179409014438      0.0510611342336676      
1.12220368279143        98.5332256976412        -0.191883649549832      5.05807757826865        28.820961689244         5.05807757826868        -0.0816607046507209     -0.0801415009357192     0.0462021842074977      0.0392515376877715      
1.13212356513387        98.5516593002183        -0.18590245737863       5.05648778297583        28.8191273648697        5.05648778297579        -0.0801415009357192     -0.0789733959939394     0.0510611342336676      0.0537268519495776      
1.1420424577249         98.5698891105707        -0.179971585438404      5.0549208320678         28.8173265553797        5.05492083206777        -0.0789733959939394     -0.0773742030487095     0.0392515376877715      0.0541078890463988      
1.15196779707365        98.5879547006421        -0.174084412008328      5.05338527460855        28.8155894883886        5.05338527460853        -0.0773742030487095     -0.0757633817213626     0.0537268519495776      0.055826554738047       
1.16188994211255        98.6056344635567        -0.168284393109528      5.05188149052906        28.8138849517704        5.05188149052907        -0.0757633817213626     -0.0741010997572516     0.0541078890463988      0.0362177632218791      
1.17181717006744        98.623083247263         -0.162533518367249      5.05041042904223        28.8122383770126        5.05041042904226        -0.0741010997572516     -0.0730224800141734     0.055826554738047       0.0429459116102876      
1.1817447433248         98.6404186460622        -0.156838649814074      5.04896043441276        28.8106337711697        5.04896043441278        -0.0730224800141734     -0.0717432006022691     0.0362177632218791      0.0413896198921117      
1.19167601947885        98.657774504949         -0.151177638416962      5.04753556042595        28.8091022978912        5.04753556042602        -0.0717432006022691     -0.0705100514436817     0.0429459116102876      0.0467247176586112      
1.20160739991813        98.6749881643903        -0.145592254624379      5.0461349306472         28.8076177586626        5.04613493064715        -0.0705100514436817     -0.0691176824798287     0.0413896198921117      0.0442771285008887      
1.21154187676963        98.692008782397         -0.140048610163997      5.04476169496548        28.8061817874981        5.04476169496554        -0.0691176824798287     -0.0677980032649555     0.0467247176586112      0.0587259008246347      
1.22147770368879        98.7089048465975        -0.13454873098341       5.0434144091258         28.8048003236832        5.04341440912584        -0.0677980032649555     -0.0660473586277486     0.0442771285008887      0.056177133671119       
1.23141568860184        98.7253199565058        -0.129107963806788      5.04210169918772        28.8034460758185        5.04210169918779        -0.0660473586277486     -0.064372422991967      0.0587259008246347      0.0570958846531031      
1.24135445767239        98.7414698291214        -0.123738491647193      5.04082208161173        28.802146375037         5.04082208161173        -0.064372422991967      -0.062669762460022      0.056177133671119       0.0647986414149361      
1.25129563528555        98.7571434607724        -0.118412453991207      5.03957603778933        28.8008719123059        5.03957603778933        -0.062669762460022      -0.0607369959360245     0.0570958846531031      0.0703786956923077      
1.26123990257441        98.7725393839754        -0.113121767032174      5.03836814317909        28.7996648086143        5.03836814317906        -0.0607369959360245     -0.0586374118536937     0.0647986414149361      0.0596339124022078      
1.27118478218378        98.7876591760277        -0.107888124903108      5.03720184840054        28.7985352463353        5.03720184840057        -0.0586374118536937     -0.0568581487129176     0.0703786956923077      0.0677460276806918      
1.2811306416439         98.8031250901304        -0.102714370616994      5.03607083417901        28.7975559319463        5.03607083417895        -0.0568581487129176     -0.0548366345893737     0.0596339124022078      0.0721295869687357      
1.2910777591594         98.8192646997974        -0.0975878594938597     5.03497990173002        28.7967883529633        5.03497990173002        -0.0548366345893737     -0.0526841518529759     0.0677460276806918      0.0628545418454502      
1.30102611839432        98.8365336791203        -0.0925047834508515     5.0339317297143         28.7963065612675        5.03393172971425        -0.0526841518529759     -0.0508082251635759     0.0721295869687357      0.0723677986186996      
1.31097307257681        98.8568291565519        -0.0874945889650781     5.03292075858055        28.7963709400294        5.03292075858057        -0.0508082251635759     -0.0486477857058432     0.0628545418454502      0.0753921760650012      
1.32092637470688        98.8800167528743        -0.0825120982446934     5.03195237841959        28.7969771410645        5.03195237841966        -0.0486477857058432     -0.046396113427851      0.0723677986186996      0.0820416087349472      
1.3308847068511         98.8985831417332        -0.0775853233290979     5.03102835349508        28.7970361873854        5.031028353495          -0.046396113427851      -0.0439447802247877     0.0753921760650012      0.0720498128587667      
1.34084673739923        98.9117316368836        -0.072709919305529      5.03015282718802        28.796444414063         5.03015282718806        -0.0439447802247877     -0.0417913747824741     0.0820416087349472      0.0744762340205511      
1.35081100182588        98.9229877843242        -0.0678937741607878     5.02932002748214        28.7956988582807        5.02932002748213        -0.0417913747824741     -0.0395652427687859     0.0720498128587667      0.0743755600555258      
1.36077554220373        98.9332699740051        -0.0631190213400431     5.02853159686751        28.7949380402676        5.02853159686749        -0.0395652427687859     -0.0373422449014194     0.0744762340205511      0.0787322616792646      
1.3707369058249         98.9404700825297        -0.0584052658530875     5.02778757431546        28.7938554231591        5.02778757431551        -0.0373422449014194     -0.0349890734670876     0.0743755600555258      0.0824894223718862      
1.38069847717746        98.9456136203523        -0.0537572046812289     5.02709040574927        28.792607411216         5.02709040574923        -0.0349890734670876     -0.0325235481129481     0.0787322616792646      0.08869639832842        
1.39066461547761        98.9518419036725        -0.0491751846174393     5.02644229207763        28.7916574440004        5.02644229207755        -0.0325235481129481     -0.0298723692418813     0.0824894223718862      0.0825529670515109      
1.40062580852045        98.9575828588195        -0.0446529146472513     5.02584703625238        28.7907877200821        5.02584703625241        -0.0298723692418813     -0.0274048342412973     0.08869639832842        0.0980448579376007      
1.41059055592042        98.9621848947057        -0.0401785037116052     5.02530094946135        28.7898929519873        5.02530094946128        -0.0274048342412973     -0.0244744812994938     0.0825529670515109      0.0947865913692579      
1.42055318638821        98.9657732712398        -0.0357468314719337     5.02481329763129        28.7890179739801        5.02481329763122        -0.0244744812994938     -0.0216420031295299     0.0980448579376007      0.0828953323651282      
1.43051299747007        98.9685466554561        -0.0313750596223652     5.02438221058348        28.7881863855927        5.02438221058344        -0.0216420031295299     -0.0191656505110742     0.0947865913692579      0.090530429140028       
1.4404687436775         98.9684312148207        -0.0270759839478676     5.02400058367571        28.7870762724273        5.02400058367569        -0.0191656505110742     -0.0164620293288017     0.0828953323651282      0.104233191515295       
1.45042148972542        98.9666266305063        -0.0228192018572875     5.02367288315802        28.7858749661849        5.02367288315794        -0.0164620293288017     -0.0133504469983879     0.090530429140028       0.0971366734694103      
1.4603731458359         98.9516845581144        -0.0185983361731426     5.02340723757193        28.7829407919334        5.02340723757194        -0.0133504469983879     -0.010452681753707      0.104233191515295       0.0858874988059344      
1.47031284661932        98.8836225144912        -0.0144077973096622     5.02319944208199        28.7724450775923        5.02319944208204        -0.010452681753707      -0.00789328338374312    0.0971366734694103      0.0856328002307489      
1.48024105738672        98.72842864857          -0.0102604651100646     5.02304273080756        28.7494091489214        5.02304273080753        -0.00789328338374312    -0.00534583792809834    0.0858874988059344      0.0882585487171599      
1.49015243494762        98.4634245553534        -0.00613380687980325    5.02293680558415        28.7104963153125        5.02293680558423        -0.00534583792809834    -0.00272521213117249    0.0856328002307489      0.0882585487171599      
1.50003051308491        98.177850081352         -0.00204236398774925    5.02288292049353        28.6686776332753        5.02288292049349        -0.00272521213117249    -0.00272521213117249    0.0882585487171599      0.0882585487171599      
