x                       V                     vel                       p                      cs                  dd1[i]             dd2_left[i]            dd2_right[i]             dd3_left[i]            dd3_right[i]
-1.49010752119042       99.1777327082368        4.48833527654653e-05    5.00001030618153        28.7486140444167        5.00001030618153        0.00138742865112467     0.00138742865112467     0.0120216854061029      0.0120216854061029      
-1.48014798998746       99.3633420771801        0.000111003399898766    5.00003793153906        28.7755822237765        5.00003793153906        0.00138742865112467     0.00174675121514257     0.0120216854061029      -0.032032805314045      
-1.47017528653736       99.4529396146566        0.000148858273503075    5.00007276954699        28.7886532977446        5.00007276954699        0.00174675121514257     0.000787968404515713    0.0120216854061029      -0.0157522131979983     
-1.46019130671943       99.4860856057468        0.00016814953164451     5.00008850146303        28.7934955818399        5.00008850146303        0.000787968404515713    0.000316099574512493    -0.032032805314045      0.00182089349636218     
-1.4502016478558        99.4932953404897        0.000178195306509867    5.00009481630267        28.7945570750461        5.00009481630266        0.000316099574512493    0.00037067125322677     -0.0157522131979983     -0.028309237674562      
-1.44021019602497       99.4969883040304        0.000189589995791439    5.00010222339163        28.7951127925022        5.00010222339163        0.00037067125322677     -0.000477948322705296   0.00182089349636218     -0.0230993131499409     
-1.43021694572264       99.5005163645259        0.000271992207585345    5.00009267101269        28.7955958043426        5.00009267101269        -0.000477948322705296   -0.00117049844868233    -0.028309237674562      0.0397267439443742      
-1.42022246395762       99.5028069141585        0.000412033305826499    5.00006927384273        28.7958598735012        5.00006927384273        -0.00117049844868233    2.07489113374646e-05    -0.0230993131499409     0.0463005869616974      
-1.41022654713401       99.5047716829294        0.000447950219113618    5.00006968865838        28.7961453661391        5.00006968865838        2.07489113374646e-05    0.00140927900463456     0.0397267439443742      -0.00979058157399405    
-1.40022853339018       99.506030851625         0.000344149890100112    5.0000978661652         28.7964087035108        5.0000978661652         0.00140927900463456     0.00111565148113114     0.0463005869616974      -0.0468166252580161     
-1.39023193501032       99.5070315830619        0.000284836021187671    5.00012017233356        28.7966177385326        5.00012017233357        0.00111565148113114     -0.000288373081922885   -0.00979058157399405    -0.0213081914353433     
-1.38023544551436       99.5082990780634        0.000362684103706312    5.00011440701593        28.7967845380312        5.00011440701593        -0.000288373081922885   -0.000927380004578011   -0.0468166252580161     0.0212983839828015      
-1.37023989254372       99.5109326200669        0.000509218790179178    5.00009586660476        28.7971122069436        5.00009586660476        -0.000927380004578011   -0.000288636912335196   -0.0213081914353433     0.0288901034211562      
-1.36024299168741       99.511504366288         0.00066923308112557     5.00009009554271        28.7971783158938        5.00009009554271        -0.000288636912335196   0.000577884266761353    0.0212983839828015      0.00960014966356909     
-1.35024396095517       99.5095076557041        0.000790878291945327    5.00010165176946        28.7969226827003        5.00010165176946        0.000577884266761353    0.000865877870003457    0.0288901034211562      0.0258303008178906      
-1.34024397127992       99.5078992108092        0.000895434284964165    5.00011897010632        28.7967398189273        5.00011897010632        0.000865877870003457    0.00164084178333684     0.00960014966356909     0.0165158915266789      
-1.33024118097106       99.5052008134978        0.000924651207762991    5.00015179123241        28.7964438801203        5.00015179123242        0.00164084178333684     0.00213631365366012     0.0258303008178906      0.0147865392347994      
-1.32024152171741       99.4969847815798        0.000961342976432553    5.00019451390539        28.7953780277027        5.00019451390539        0.00213631365366012     0.00257978080575843     0.0165158915266789      0.0143963722549278      
-1.31024700091597       99.4843361843872        0.000958641099125139    5.0002460838511         28.7936961391004        5.00024608385109        0.00257978080575843     0.00301141521156097     0.0147865392347994      0.01120620441108        
-1.30025560301096       99.4748860849073        0.000960210298493013    5.00030626720934        28.7925018109547        5.00030626720934        0.00301141521156097     0.00334734745307781     0.0143963722549278      -0.00402442897149042    
-1.29026277003122       99.4688641872927        0.000982625009435409    5.00037316188748        28.7918228821301        5.00037316188747        0.00334734745307781     0.00322671162812201     0.01120620441108        -0.023943178459414      
-1.28027106514622       99.46473251102          0.00104627966240937     5.00043764375302        28.7914105441747        5.00043764375302        0.00322671162812201     0.00250902188039616     -0.00402442897149042    -0.00571492616063812    
-1.27027976633777       99.4618676303146        0.00111537380420022     5.00048778012617        28.7911402365935        5.00048778012618        0.00250902188039616     0.00233772616412661     -0.023943178459414      0.000336706862902074    
-1.26028919364362       99.4597698331997        0.00115607433260222     5.00053449231122        28.790971086096         5.00053449231123        0.00233772616412661     0.00234781800923778     -0.00571492616063812    -0.00956569023546361    
-1.2502978595616        99.4579796848477        0.00123508605974007     5.000581404681          28.7908470339444        5.00058140468101        0.00234781800923778     0.00206112817786574     0.000336706862902074    -0.000319150112098102   
-1.2403085738535        99.4564555220919        0.00139733578215312     5.00062258537025        28.7907449754443        5.00062258537025        0.00206112817786574     0.00205156368884355     -0.00956569023546361    0.0211500193879073      
-1.23031911177862       99.4550174291145        0.00161643814540481     5.0006635721496         28.7906548126667        5.00066357214962        0.00205156368884355     0.00268537203819345     -0.000319150112098102   0.0220940783009567      
-1.22033069773071       99.4535977634887        0.00188820866525915     5.0007172202342         28.7906037608952        5.0007172202342         0.00268537203819345     0.00334745733074022     0.0211500193879073      0.0161730034382639      
-1.21034119494233       99.4522501266006        0.00221890482932129     5.0007840947393         28.7906012041875        5.00078409473931        0.00334745733074022     0.00383209779908557     0.0220940783009567      0.0116136919107655      
-1.20035321051144       99.4511062955639        0.00259370714447771     5.00086064877498        28.7906560059169        5.00086064877499        0.00383209779908557     0.0041801058631051      0.0161730034382639      0.0167186878840432      
-1.19036456841429       99.4501284800773        0.00297254515926891     5.00094415300411        28.79075483953          5.00094415300411        0.0041801058631051      0.00468107164647836     0.0116136919107655      0.0116055777081063      
-1.18037667228461       99.4492542233073        0.00333535539785358     5.00103766259033        28.7908974587247        5.00103766259033        0.00468107164647836     0.00502881712125131     0.0167186878840432      0.0136441884862416      
-1.17038889343631       99.4485013695769        0.00371252928901395     5.00113811513046        28.7910776309836        5.00113811513046        0.00502881712125131     0.00543762221569336     0.0116055777081063      -0.0168006641441616     
-1.16040158440728       99.447726153968         0.00406857570878793     5.00124672625092        28.791278044477         5.00124672625093        0.00543762221569336     0.00493425234078732     0.0136441884862416      0.0150755097561907      
-1.15041596132738       99.4470782201544        0.00448804531253448     5.00134528184356        28.7914679332118        5.00134528184356        0.00493425234078732     0.00538594120345299     -0.0168006641441616     0.0140330433968898      
-1.14042698816994       99.4463891993824        0.00489996689486892     5.0014528676228         28.7916778611455        5.0014528676228         0.00538594120345299     0.00580640098481565     0.0150755097561907      0.0340439491940015      
-1.13043996204896       99.445657380175         0.00538149240672672     5.00156884946941        28.7919057539815        5.00156884946941        0.00580640098481565     0.00682640699016788     0.0140330433968898      0.0246590288268905      
-1.12045333639721       99.444686418321         0.00591841784352676     5.00170519635529        28.7921576361932        5.00170519635528        0.00682640699016788     0.00756517538104096     0.0340439491940015      0.0359164930366585      
-1.11046671757823       99.4435824440595        0.00649791455004372     5.0018562919771         28.792432702146         5.00185629197711        0.00756517538104096     0.00864117812685051     0.0246590288268905      0.0513994396727334      
-1.100481539487         99.442234092595         0.00708410474389433     5.00202887216693        28.7927342120642        5.00202887216691        0.00864117812685051     0.0101809887867898      0.0359164930366585      0.0332352129641367      
-1.09049484308928       99.4406493011841        0.0077087983685972      5.0022322051845         28.7930899823447        5.00223220518449        0.0101809887867898      0.0111765497464769      0.0513994396727334      0.0397586003564115      
-1.08050974605839       99.4391948305727        0.00845173702863639     5.00245539046001        28.7935217309728        5.00245539046001        0.0111765497464769      0.0123673059423775      0.0332352129641367      0.0611208846837794      
-1.07052850165853       99.4392495845312        0.00929683771801123     5.00270228831422        28.7942402065871        5.00270228831421        0.0123673059423775      0.0141976071344562      0.0397586003564115      0.0645034373886075      
-1.06054857937161       99.4421413005839        0.0102383945472963      5.00298570695617        28.7954745170121        5.00298570695616        0.0141976071344562      0.0161292781590933      0.0611208846837794      0.0575550542856811      
-1.05056482195874       99.4416083037771        0.0113130228375007      5.00330774748982        28.7963241071129        5.00330774748984        0.0161292781590933      0.017853240845311       0.0645034373886075      0.0619197826614694      
-1.04057984170003       99.4377907762733        0.0125208418842682      5.0036643024301         28.7967973919483        5.0036643024301         0.017853240845311       0.0197084253613461      0.0575550542856811      0.066646712252187       
-1.03059067829515       99.4351974995834        0.0138451938246477      5.00405801225472        28.7975547789484        5.00405801225474        0.0197084253613461      0.0217055187492857      0.0619197826614694      0.0727450807804115      
-1.02060053221687       99.4328647075127        0.0153007135550961      5.00449165157891        28.7984646963839        5.00449165157891        0.0217055187492857      0.0238851709106082      0.066646712252187       0.0771378939249621      
-1.01061339156136       99.4275849266773        0.0169435528375767      5.00496871548946        28.7990726706808        5.00496871548944        0.0238851709106082      0.0261956121586953      0.0727450807804115      0.0909086727686749      
-1.00063136746307       99.4170949457231        0.0188126056643047      5.00549167023106        28.799057873172         5.00549167023107        0.0261956121586953      0.0289174355310944      0.0771378939249621      0.0760652347390885      
-0.990655660278945      99.4062816429699        0.0208716285817497      5.00606873536701        28.7991515682887        5.00606873536702        0.0289174355310944      0.0311943561618385      0.0909086727686749      0.103130126151652       
-0.980677873883977      99.3983680723352        0.0231256383058655      5.00669121633044        28.7997956111191        5.00669121633042        0.0311943561618385      0.0342813417439639      0.0760652347390885      0.051713412913358       
-0.970699308617373      99.3910820673691        0.0254509090332075      5.00737534064651        28.8007075556695        5.00737534064651        0.0342813417439639      0.0358293064123471      0.103130126151652       0.0824669395177325      
-0.960721883654101      99.3836524032995        0.0279648698440427      5.00809032691806        28.8016871107334        5.00809032691804        0.0358293064123471      0.0382977028986259      0.051713412913358       0.0866334724987366      
-0.950744603211954      99.3756281889794        0.0306105753753022      5.0088545176356         28.8027216363675        5.0088545176356         0.0382977028986259      0.0408906900324969      0.0824669395177325      0.141144031241842       
-0.940768675021479      99.3670184443488        0.0334477795655694      5.00967041747791        28.8038195607699        5.00967041747793        0.0408906900324969      0.0451150322160002      0.0866334724987366      0.139969183961983       
-0.930791425247507      99.3574630425243        0.0364860645463387      5.01057058402783        28.805022178563         5.01057058402781        0.0451150322160002      0.0493038900760991      0.141144031241842       0.105603357867503       
-0.920816459786989      99.3468745775244        0.039792796334773       5.01155421693191        28.806314360686         5.0115542169319         0.0493038900760991      0.0524639420414403      0.139969183961983       0.0994004050598369      
-0.910842817136604      99.3355547938679        0.0433598105289015      5.01260075061728        28.8076805881905        5.01260075061726        0.0524639420414403      0.0554379834316373      0.105603357867503       0.085986212545489       
-0.900869717123998      99.3235293100196        0.0471137694184915      5.01370648933283        28.8091138196776        5.01370648933285        0.0554379834316373      0.0580102953035852      0.0994004050598369      0.0887447187740043      
-0.890898544753898      99.3109309871109        0.0510993112211952      5.01486333225709        28.8106099177478        5.01486333225707        0.0580102953035852      0.0606646872283058      0.085986212545489       0.110135675188774       
-0.880929933817293      99.2976526381842        0.0553358176556437      5.01607288208573        28.8121578115086        5.01607288208572        0.0606646872283058      0.0639583581706729      0.0887447187740043      0.135663907600221       
-0.870961757887479      99.2836356470798        0.0597830363750607      5.01734793580551        28.8137856003321        5.0173479358055         0.0639583581706729      0.0680148362082242      0.110135675188774       0.117254709360577       
-0.860995349489902      99.2686975617801        0.0644183320567036      5.01870364453315        28.8155101245077        5.01870364453313        0.0680148362082242      0.0715203271545879      0.135663907600221       0.0833983260670576      
-0.851031253854385      99.2529475062943        0.0692690458380582      5.02012897917018        28.8173153400406        5.0201289791702         0.0715203271545879      0.0740131803533026      0.117254709360577       0.0337700603309545      
-0.841067684698207      99.2366244877804        0.0743411048421281      5.02160374167747        28.8191777826063        5.02160374167747        0.0740131803533026      0.0750224371645287      0.0833983260670576      0.116903735133698       
-0.831107570541992      99.2201110905646        0.0796736444279206      5.023098361882          28.8210680314698        5.02309836188199        0.0750224371645287      0.0785156781607065      0.0337700603309545      0.0344088459529591      
-0.821146749227133      99.2027928950497        0.0851085236497604      5.02466235529966        28.8230387884514        5.02466235529966        0.0785156781607065      0.0795436986782176      0.116903735133698       0.235844763314343       
-0.811189496676113      99.1852022064712        0.0909078809744146      5.02624656087548        28.8250262064066        5.02624656087547        0.0795436986782176      0.0865889049436799      0.0344088459529591      0.182467083304058       
-0.801232489366014      99.1660642721204        0.0967744014168811      5.02797082144796        28.8271884869722        5.02797082144797        0.0865889049436799      0.092038501721319       0.235844763314343       0.161652729991407       
-0.79127739371132       99.1459115030906        0.102900248475833       5.02980322160777        28.8295110690268        5.02980322160778        0.092038501721319       0.0968650756405206      0.182467083304058       0.166914425042311       
-0.781326470011432      99.1253863075706        0.109414517086043       5.03173099342232        28.8320504103438        5.03173099342233        0.0968650756405206      0.101846527800459       0.161652729991407       0.302105739620648       
-0.771380175380919      99.105618713583         0.116457440095302       5.03375685714717        28.8349784053243        5.03375685714718        0.101846527800459       0.11085830585318        0.166914425042311       0.327891103954718       
-0.761441012022855      99.0865911782546        0.123926058716614       5.03596086118408        28.838521547918         5.03596086118408        0.11085830585318        0.120636283133332       0.302105739620648       0.306409085350741       
-0.751503091087358      99.0617380859326        0.131975952027133       5.03835887861289        28.8417691209607        5.0383588786129         0.120636283133332       0.12977363156655        0.327891103954718       0.384073953451802       
-0.74156194059716       99.0300233684412        0.140856145165281       5.04093906480306        28.8445348199139        5.04093906480305        0.12977363156655        0.14122848095802        0.306409085350741       0.502157569750476       
-0.73161774875665       98.9962551995021        0.150677632239572       5.04374740125507        28.8476488035701        5.04374740125508        0.14122848095802        0.156204641744891       0.384073953451802       0.577560756574295       
-0.721677168104293      98.9603236136333        0.161485801547405       5.0468528990663         28.8512910202763        5.04685289906629        0.156204641744891       0.173424202481115       0.502157569750476       0.615502835374434       
-0.71174060666717       98.9216501480366        0.173355601885515       5.05029916717981        28.8554999771471        5.05029916717981        0.173424202481115       0.191764971177081       0.577560756574295       0.655879693876954       
-0.70181051360463       98.8787674323655        0.186365404456283       5.05410751473904        28.8601201639925        5.05410751473902        0.191764971177081       0.211295299735264       0.615502835374434       0.631787639421412       
-0.691888353841501      98.8293597542857        0.200568737042882       5.05830045360177        28.8648747117287        5.05830045360175        0.211295299735264       0.230093016074064       0.655879693876954       0.695995183726756       
-0.681974814374794      98.7737903970492        0.216092204863955       5.06286252925953        28.8697685671983        5.06286252925952        0.230093016074064       0.250785130160306       0.631787639421412       0.580492415145193       
-0.672069866815625      98.714176539452         0.232781733450371       5.06783118584907        28.8752137756025        5.06783118584904        0.250785130160306       0.268032238510192       0.695995183726756       0.62964004344755        
-0.662168491218803      98.6523531126781        0.250823559135164       5.07313874031047        28.8812821275509        5.07313874031045        0.268032238510192       0.286729052953964       0.580492415145193       0.54405769871786        
-0.652272338651964      98.5872274477569        0.270064787262238       5.07881347753963        28.8878907582091        5.07881347753961        0.286729052953964       0.302875063536612       0.62964004344755        0.604801938814925       
-0.642383443632345      98.5187753103092        0.290598793894624       5.08480381771049        28.8948854993989        5.08480381771045        0.302875063536612       0.320811972285729       0.54405769871786        0.493108240173956       
-0.63250087669359       98.4464101467054        0.312182099257001       5.09114465618927        28.9022754277069        5.09114465618924        0.320811972285729       0.335426517533524       0.604801938814925       0.518668467411545       
-0.622624968889054      98.3707932637383        0.334858568050518       5.09776995714861        28.9099658295878        5.09776995714857        0.335426517533524       0.350787382705683       0.493108240173956       0.421325139808735       
-0.612755611493782      98.2919544501603        0.358394698315602       5.10469335082024        28.9179957327861        5.10469335082026        0.350787382705683       0.363255338236467       0.518668467411545       0.387716172506823       
-0.602896786564668      98.2104984086713        0.382794491168723       5.11185660423117        28.9262851888267        5.11185660423113        0.363255338236467       0.374719194218295       0.421325139808735       0.377438268745512       
-0.593044574861897      98.1266572530493        0.407972094624551       5.11923990581942        28.9348088996188        5.11923990581944        0.374719194218295       0.385869800845332       0.387716172506823       0.342355254778885       
-0.583200706068725      98.0405714295512        0.433782205956803       5.12683665714457        28.9435656491624        5.12683665714461        0.385869800845332       0.395975018588429       0.377438268745512       0.301871945871418       
-0.573365968307823      97.9525295337989        0.46013867026904        5.13462497864403        28.9525331322843        5.13462497864406        0.395975018588429       0.404876806068191       0.342355254778885       0.285869215885656       
-0.563541873977205      97.8627904267277        0.487018567290633       5.14258053174899        28.9616781520892        5.142580531749          0.404876806068191       0.413298608108011       0.301871945871418       0.248942553048252       
-0.55372616444044       97.771401992753         0.514389651082746       5.15069396203397        28.9709788668957        5.15069396203395        0.413298608108011       0.420625564175062       0.285869215885656       0.211837438102569       
-0.543919845717483      97.6786819196735        0.542202286938257       5.15894344506934        28.9804185561134        5.15894344506938        0.420625564175062       0.426854564158604       0.248942553048252       0.178153266544607       
-0.534123363122324      97.5849099994254        0.570370081724014       5.16730706640128        28.9899751355006        5.16730706640131        0.426854564158604       0.432088167057728       0.211837438102569       0.139153646014269       
-0.524335429495007      97.4903074561452        0.59881932866878        5.17576543762807        28.9996253951452        5.17576543762803        0.432088167057728       0.436172231747523       0.178153266544607       0.173293239749198       
-0.514556643666601      97.3951339156389        0.627516363361066       5.18429570615198        29.0093425916245        5.18429570615196        0.436172231747523       0.441253347359865       0.139153646014269       0.0615720067802411      
-0.504787927993753      97.2992509283742        0.656330584103513       5.19291671592968        29.0191576547112        5.19291671592971        0.441253347359865       0.443056897124307       0.173293239749198       0.18939311103889        
-0.495029043168849      97.2034369877459        0.685481823984838       5.20156428525484        29.0290063625872        5.2015642852548         0.443056897124307       0.448598832594608       0.0615720067802411      0.0924462017752817      
-0.485279597073995      97.1071974858243        0.71475050778437        5.21031095180442        29.0390167005079        5.21031095180439        0.448598832594608       0.45130084371453        0.18939311103889        0.173379498480693       
-0.475541880056667      97.0120236068847        0.744262129644519       5.21909947819931        29.049251332457         5.21909947819932        0.45130084371453        0.456361750694692       0.0924462017752817      0.0468598232170306      
-0.465819230983302      96.919094336264         0.773747738046864       5.22797397295102        29.0600098265633        5.22797397295098        0.456361750694692       0.457727833209396       0.173379498480693       0.148822814644758       
-0.456109877371283      96.8278768144783        0.803407640122034       5.23686412283798        29.0710174738896        5.236864122838          0.457727833209396       0.462062357394341       0.0468598232170306      0.0406098798562594      
-0.446406534954638      96.7297168373292        0.833106658569247       5.24583247589388        29.0811476724837        5.24583247589386        0.462062357394341       0.463244439950682       0.148822814644758       0.0684518861503827      
-0.436703773675881      96.6268390500655        0.863032014147789       5.25482029935294        29.0905676380562        5.25482029935291        0.463244439950682       0.4652357889482         0.0406098798562594      0.075992760163579       
-0.427008833643744      96.5251595865029        0.892968906622546       5.26384036986217        29.1002013663944        5.2638403698622         0.4652357889482         0.46744459636635        0.0684518861503827      0.0779671626156188      
-0.417325135231501      96.4253107959581        0.922896508202586       5.27289345055761        29.1101468496236        5.2728934505576         0.46744459636635        0.469708341202584       0.075992760163579       0.083027390622349       
-0.407653124677666      96.3262804300285        0.952899084321984       5.28198008702791        29.1202534068895        5.28198008702789        0.469708341202584       0.472116242351126       0.0779671626156188      0.0639955439335413      
-0.397990296582312      96.2274649380713        0.983032511525253       5.29110299317378        29.130437339644         5.29110299317379        0.472116242351126       0.473970007958586       0.083027390622349       0.0401821830464575      
-0.388341099154286      96.1285073629427        1.01322585486736        5.30025046510108        29.1406121492529        5.30025046510111        0.473970007958586       0.475132620923817       0.0639955439335413      0.0374417440865705      
-0.378702951792305      96.0295467736289        1.04344469778884        5.30940984909107        29.1507638963275        5.30940984909109        0.475132620923817       0.476214701071501       0.0401821830464575      0.00407040919730961     
-0.369073381266547      95.9307041891747        1.07367402921054        5.31858017018737        29.1609082223861        5.31858017018734        0.476214701071501       0.476332210235128       0.0374417440865705      0.00921463757593861     
-0.359457280338543      95.8323247258063        1.1039053960534         5.32774254835253        29.1710459745394        5.3277425483525         0.476332210235128       0.476597950250456       0.00407040919730961     0.0421119497852898      
-0.349848514855029      95.7344238989206        1.13414608512563        5.33690088539028        29.1811906219422        5.33690088539031        0.476597950250456       0.477811163873564       0.00921463757593861     -0.0332314078462739     
-0.340250017392369      95.6368016542582        1.16435860230565        5.34607333801379        29.1913616062681        5.34607333801382        0.477811163873564       0.476854758008411       0.0421119497852898      0.100571212251847       
-0.330662147358808      95.5399637930694        1.1946878904385         5.35521776592864        29.2015214061649        5.35521776592863        0.476854758008411       0.479746268562193       -0.0332314078462739     -0.0548202795354901     
-0.3210832899001        95.4432293845087        1.22488869868135        5.36440859778331        29.2117693264907        5.36440859778328        0.479746268562193       0.478171726054615       0.100571212251847       0.0521872384967231      
-0.311513488335607      95.3477115056885        1.25521901535996        5.37356010400702        29.2220424381818        5.37356010400702        0.478171726054615       0.479669156541715       -0.0548202795354901     -0.0539002046535772     
-0.301954879305468      95.2531876835412        1.28546511632451        5.38273094324958        29.2324671323786        5.38273094324958        0.479669156541715       0.478124081439234       0.0521872384967231      0.122247153905423       
-0.29240371280762       95.1611030313883        1.3158728842246         5.39186372146463        29.2431102748864        5.39186372146462        0.478124081439234       0.481624990922565       -0.0539002046535772     -0.00517322771944232    
-0.282862110474887      95.0715688793116        1.34609381758788        5.40105460745289        29.254251404237         5.40105460745289        0.481624990922565       0.481476978894375       0.122247153905423       0.0248940270052051      
-0.27333033095461       94.9870645859358        1.37639570014763        5.41023385634739        29.2660848291979        5.41023385634736        0.481476978894375       0.482188585296386       -0.00517322771944232    -0.123207813868531      
-0.26380594804293       94.9098567462638        1.4067507934752         5.41941893964615        29.2790105482239        5.41941893964617        0.482188585296386       0.478669364011707       0.0248940270052051      -0.0939690007681616     
-0.25428902041067       94.8443666616189        1.43739472686222        5.42853051390803        29.2935015118507        5.42853051390804        0.478669364011707       0.475987033722592       -0.123207813868531      0.0451779591312728      
-0.244776828570179      94.7953217645652        1.46824327291971        5.4375857801648         29.310342135304         5.43758578016476        0.475987033722592       0.47727599045474        -0.0939690007681616     0.0172213477525263      
-0.235269766229639      94.7685501421395        1.49899083730554        5.44666170551311        29.3306504344912        5.44666170551311        0.47727599045474        0.477767207642453       0.0451779591312728      -0.567862929395386      
-0.225763893703934      94.7731155489468        1.52948728135296        5.45574602353381        29.3558071567358        5.45574602353378        0.477767207642453       0.461567241739147       0.0172213477525263      -2.52319184402348       
-0.216254482016131      94.8240445441673        1.55951221815397        5.46452571730155        29.3873110381037        5.46452571730158        0.461567241739147       0.389533657775882       -0.567862929395386      -9.20391816423572       
-0.206736210506162      94.9470047761469        1.58597974616923        5.47194280962305        29.4263085259909        5.47194280962309        0.389533657775882       0.126363652717825       -2.52319184402348       -14.4633772369113       
-0.197200257920641      95.1980366273643        1.5969156770672         5.47435375434896        29.4716736663547        5.47435375434898        0.126363652717825       -0.28837710892057       -9.20391816423572       -27.321205265075        
-0.187631602152062      95.6291245600688        1.58200008773462        5.46883187360247        29.5234258524426        5.46883187360249        -0.28837710892057       -1.07565514710284       -14.4633772369113       -44.4623459360574       
-0.178008617538761      96.3433287358302        1.51732795783657        5.44811116637267        29.5772763308588        5.44811116637266        -1.07565514710284       -2.36717534658653       -27.321205265075        -50.3095021490253       
-0.168296569211852      97.4836551261385        1.37060939705976        5.4020656185165         29.625808054359         5.40206561851652        -2.36717534658653       -3.84661380254775       -44.4623459360574       -28.6072079006747       
-0.158440281598808      99.1399749792801        1.12343940119045        5.3261364483199         29.6657219200507        5.32613644831987        -3.84661380254775       -4.70211569422003       -50.3095021490253       8.42848996516681        
-0.148386457824257      101.226774983012        0.810158234620122       5.23152541935905        29.708877641859         5.23152541935909        -4.70211569422003       -4.44494314519796       -28.6072079006747       37.5056355534961        
-0.138108495460539      103.519164260996        0.499858782857092       5.14014967165561        29.7798589146597        5.14014967165561        -4.44494314519796       -3.27592024668889       8.42848996516681        38.4492334462764        
-0.127603770855175      105.775012564912        0.260227783864233       5.07134431733522        29.9004322401068        5.07134431733526        -3.27592024668889       -2.05221736641892       37.5056355534961        27.3170453018165        
-0.11688444896906       107.924755678469        0.105020856608307       5.02735480484427        30.0714715032314        5.0273548048443         -2.05221736641892       -1.165443638826         38.4492334462764        16.3563974816496        
-0.105957590039574      109.99617211116         0.0172741240730449      5.00188955552323        30.2816970140476        5.00188955552321        -1.165443638826         -0.624423611652386      27.3170453018165        9.90199506376186        
-0.0948301049840942     112.018918936312        -0.0281888015884441     4.98799370924442        30.5163798358271        4.98799370924443        -0.624423611652386      -0.290982172490123      16.3563974816496        9.84890282207255        
-0.083504179931114      113.980721853226        -0.0520383362644364     4.9814038373265         30.7620980326143        4.98140383732652        -0.290982172490123      0.0463287937276233      9.90199506376186        4.01680053162872        
-0.0719895243196989     115.801984897872        -0.0505980460234018     4.98247041316327        31.0102123914909        4.98247041316324        0.0463287937276233      0.186074300127317       9.84890282207255        -2.91138983126846       
-0.0603010046111547     117.460448188326        -0.0305833168493158     4.98681896259458        31.2451060269285        4.98681896259462        0.186074300127317       0.0833368700014651      4.01680053162872        -4.50790599369243       
-0.0484527744764314     118.960892303944        -0.0110765484151959     4.98879292281278        31.4502585473582        4.9887929228128         0.0833368700014651      -0.0777209422588559     -2.91138983126846       0.588278464402657       
-0.0364647197303349     120.241501449236        -0.00958268032856392    4.98693076943536        31.6131840466468        4.98693076943536        -0.0777209422588559     -0.0564894665411509     -4.50790599369243       3.31111291587512        
-0.0243700989502709     121.152844467137        -0.0190836741612223     4.98556526551381        31.728415581661         4.98556526551384        -0.0564894665411509     0.06389099283071        0.588278464402657       -0.212948295132338      
-0.0122019600763449     121.608853869005        -0.0180031590744577     4.9871187850351         31.793023332085         4.98711878503513        0.06389099283071        0.0561152676107956      3.31111291587512        -3.12355947239657       
-2.54461278986752e-06   121.720709757611        -0.000266303721839174   4.98848705685696        31.8120046831717        4.98848705685696        0.0561152676107956      -0.0580993857145131     -0.212948295132338      -0.152047227613081      
0.0121969578880648      121.610219374807        0.0176603543911154      4.98707049114419        31.7930478895851        4.98707049114422        -0.0580993857145131     -0.0636511697186673     -3.12355947239657       3.34818934607914        
0.0243620723664061      121.15360532409         0.019185635842014       4.98552287082857        31.7283803091856        4.98552287082856        -0.0636511697186673     0.0580800558823851      -0.152047227613081      0.555718891525107       
0.0364605223701974      120.241875816609        0.0100687538202402      4.98692695744004        31.6132211773018        4.98692695744           0.0580800558823851      0.0781377026294861      3.34818934607914        -4.5554246319044        
0.0484485512892665      118.960966816497        0.0116046008151445      4.98879924387067        31.4502883215258        4.98879924387066        0.0781377026294861      -0.0846263122821208     0.555718891525107       -2.7625406638937        
0.0602967841385093      117.46087854405         0.0308401588067152      4.98679474496007        31.2450873968443        4.98679474496003        -0.0846263122821208     -0.182110381373908      -4.5554246319044        4.59163955291585        
0.071985236694916       115.801125125848        0.0501585920833685      4.98253887989254        31.0103103358339        4.98253887989251        -0.182110381373908      -0.0223685969002261     -2.7625406638937        8.15601230518156        
0.0834994996984223      113.972287978258        0.049596099749538       4.98202392432428        30.762874416458         4.98202392432425        -0.0223685969002261     0.256959141281204       4.59163955291585        11.2892914056288        
0.0948252452769696      112.020958936248        0.0288119181257567      4.98784320587119        30.5161973096622        4.98784320587121        0.256959141281204       0.637109876788714       8.15601230518156        16.0153406567083        
0.10595292973807        109.994386545386        -0.0175361812511475     5.00202117187639        30.28184963218          5.00202117187643        0.637109876788714       1.16683510560005        11.2892914056288        27.2801691945244        
0.116878945080266       107.92266809716         -0.105665217287539      5.02751581731501        30.0716622117155        5.027515817315          1.16683510560005        2.05238244344683        16.0153406567083        38.4051497499563        
0.127598027333317       105.772958620669        -0.26093418384916       5.071507324435          29.9006224676534        5.07150732443505        2.05238244344683        3.27464648127155        27.2801691945244        37.4467205750745        
0.138102570378758       103.517538437774        -0.500477552989766      5.14028464521613        29.7800160438243        5.14028464521617        3.27464648127155        4.44180296379394        38.4051497499563        8.40756959827319        
0.148380353623476       101.226018350681        -0.810521121855267      5.23159320694162        29.7089590855792        5.23159320694169        4.44180296379394        4.69832975325491        37.4467205750745        -28.5635059355844       
0.15843353185476        99.140104871401         -1.12347694845445       5.32612475375199        29.6657087854293        5.32612475375202        4.69832975325491        3.84415298583872        8.40756959827319        -50.2137694174488       
0.168289882608938       97.4842839180577        -1.3704950859866        5.40200448339658        29.6257359623366        5.40200448339657        3.84415298583872        2.36753742606703        -28.5635059355844       -44.4279238515237       
0.178001999673313       96.3439032459265        -1.51718395866857       5.4480574002825         29.5772185713676        5.44805740028245        2.36753742606703        1.07700886635528        -50.2137694174488       -27.3273739753217       
0.187625059040174       95.6294393068127        -1.58193036254108       5.46880431329672        29.523400045818         5.46880431329679        1.07700886635528        0.289549563624778       -44.4279238515237       -14.4691294404206       
0.197193735438338       95.1981107476399        -1.59696621846122       5.47434866076003        29.4716714286287        5.47434866076002        0.289549563624778       -0.125356789132551      -27.3273739753217       -9.23156349322153       
0.206729685347512       94.9468764467662        -1.58613516949897       5.47195692679113        29.4263265985315        5.4719569267911         -0.125356789132551      -0.389316905422677      -14.4691294404206       -2.52995238672257       
0.216247935397476       94.8238819828798        -1.55967286623536       5.46454398026674        29.3873349555856        5.46454398026676        -0.389316905422677      -0.461543249037988      -9.23156349322153       -0.579111085095429      
0.225757296997852       94.7729519895339        -1.52960424162249       5.45576478188257        29.3558322921683        5.45576478188264        -0.461543249037988      -0.478064034090414      -2.52995238672257       0.0151791485161355      
0.23526312213023        94.7684389307231        -1.49902822469243       5.44667485874591        29.3306686401386        5.44667485874586        -0.478064034090414      -0.477631069321728      -0.579111085095429      0.0600635372872193      
0.244770167130249       94.7952765216506        -1.46820295919887       5.43759219773623        29.3103524372185        5.43759219773624        -0.477631069321728      -0.475917418554988      0.0151791485161355      -0.108968233180682      
0.254282371736265       94.8443071372017        -1.43734477375614       5.42853825034588        29.2935131932496        5.42853825034589        -0.475917418554988      -0.479027901734189      0.0600635372872193      -0.136138375582123      
0.26379931431473        94.9098700932198        -1.40671915060003       5.41941984060949        29.2790150407211        5.41941984060944        -0.479027901734189      -0.482916466290257      -0.108968233180682      0.0563317619084504      
0.273323698958133       94.9872253742623        -1.37637682296549       5.41022088528481        29.2660745162691        5.41022088528488        -0.482916466290257      -0.481306197838334      -0.136138375582123      0.0145779438513634      
0.282855488282747       95.0716981906766        -1.34611146994017       5.4010448880971         29.2542449773095        5.40104488809705        -0.481306197838334      -0.480889106052557      0.0563317619084504      0.0992041978872461      
0.292397086707965       95.1610870419882        -1.31592348634225       5.39186804941387        29.2431195545547        5.39186804941385        -0.480889106052557      -0.478048102168049      0.0145779438513634      -0.0661749942167338     
0.301948233089068       95.2531590735517        -1.28548786222374       5.38273673486953        29.2324784688075        5.38273673486959        -0.478048102168049      -0.479945036552344      0.0992041978872461      0.0730575720771752      
0.311506834507937       95.3477408566313        -1.25519737289442       5.37356064010437        29.2220483935807        5.37356064010444        -0.479945036552344      -0.477848784354462      -0.0661749942167338     -0.0437766824813737     
0.321076592015066       95.4431941895604        -1.22488676124926       5.36441543601857        29.2117825592516        5.3644154360186         -0.477848784354462      -0.479106123689144      0.0730575720771752      0.0724425367195966      
0.330655036641715       95.5398072869463        -1.19474571723619       5.35523696600823        29.2015498363916        5.35523696600829        -0.479106123689144      -0.477023336968782      -0.0437766824813737     -0.0581710097415427     
0.340243366695348       95.6366734610204        -1.1644266534893        5.3460891946644         29.1913853332226        5.34608919466432        -0.477023336968782      -0.478697509255135      0.0724425367195966      0.0538477035729327      
0.34984182093862        95.734481395041         -1.13416021472153       5.33689973655518        29.1811962439411        5.33689973655512        -0.478697509255135      -0.477146195255253      -0.0581710097415427     0.0423354616595624      
0.359450173054466       95.8325055749087        -1.10387014948721       5.32773094496545        29.1710417333416        5.32773094496548        -0.477146195255253      -0.47592527308961       0.0538477035729327      0.0228622463219941      
0.369066806264401       95.9307963065553        -1.07365016065758       5.31857612827437        29.1609111426694        5.31857612827428        -0.47592527308961       -0.475265242205835      0.0423354616595624      0.026119000484415       
0.378696843716889       96.0294398333493        -1.04348317083275       5.30942374944472        29.1507858240865        5.30942374944475        -0.475265242205835      -0.474510375320485      0.0228622463219941      0.0135697617940743      
0.388334960658634       96.1282747872903        -1.01331597384755       5.30027626752874        29.1406478277782        5.3002762675288         -0.474510375320485      -0.474117751467761      0.026119000484415       0.0439147167647359      
0.397984145184997       96.2272670632423        -0.983118071906542      5.2911259585311         29.1304706071617        5.29112595853119        -0.474117751467761      -0.472845670826245      0.0135697617940743      0.077413290202584       
0.407646969042487       96.3262410731272        -0.95292978472173       5.2819889637415         29.1202719271576        5.28198896374146        -0.472845670826245      -0.470600585856183      0.0439147167647359      0.0860745998482785      
0.417318973828382       96.4254650548314        -0.922862555004805      5.2728850627848         29.1101469811845        5.2728850627848         -0.470600585856183      -0.468101442135122      0.077413290202584       0.0881332746594689      
0.427002704033227       96.5254646467829        -0.892895919116562      5.26381924357719        29.1001889542252        5.26381924357726        -0.468101442135122      -0.465539753749479      0.0860745998482785      0.0839210680902541      
0.436697660018627       96.6272152897484        -0.862946106386843      5.25479326215386        29.090549434632         5.25479326215387        -0.465539753749479      -0.463098362456622      0.0881332746594689      0.0464241174958426      
0.446400433178901       96.7300650790172        -0.833028580675061      5.24580814656208        29.0811325836583        5.24580814656216        -0.463098362456622      -0.4617470236298        0.0839210680902541      0.146663692504358       
0.456104281396008       96.828140254392         -0.803343650822458      5.2368457812761         29.0710061114742        5.23684578127607        -0.4617470236298        -0.457475377232786      0.0464241174958426      0.0467679532909242      
0.465813186166478       96.9193102626431        -0.773699550213166      5.22796062966325        29.0600051131911        5.22796062966325        -0.457475377232786      -0.456111982968771      0.146663692504358       0.172902397609105       
0.475535811860633       97.0122109556229        -0.744233615633376      5.21909110255175        29.0492560730152        5.21909110255178        -0.456111982968771      -0.451065041214534      0.0467679532909242      0.0866940355176012      
0.485273539461345       97.1073413558824        -0.714738467111225      5.21030716274287        29.0390276530704        5.21030716274279        -0.451065041214534      -0.448531150972944      0.172902397609105       0.191197173631887       
0.495023011607507       97.2035687506021        -0.685472757571473      5.20156179726168        29.0290190949973        5.20156179726172        -0.448531150972944      -0.442936414210138      0.0866940355176012      0.0670544626446681      
0.504781916552788       97.299359056361         -0.656329837459021      5.19291656068963        29.0191733453437        5.19291656068958        -0.442936414210138      -0.44097225820814       0.191197173631887       0.166576867496947       
0.514550650949961       97.3951849213698        -0.627534347071479      5.1843009496711         29.0093648580721        5.18430094967102        -0.44097225820814       -0.436088012416977      0.0670544626446681      0.132497257531115       
0.524329801160842       97.4903550254098        -0.598842622846786      5.17577217876343        28.9996513553263        5.17577217876335        -0.436088012416977      -0.432199268384791      0.166576867496947       0.18423603667487        
0.534117672804946       97.5849936553579        -0.570385815322812      5.16731158560051        28.9900002384754        5.16731158560057        -0.432199268384791      -0.426786955940748      0.132497257531115       0.21846563277986        
0.543914132774839       97.6787570431522        -0.542222691473924      5.15894931596355        28.9804461902602        5.15894931596362        -0.426786955940748      -0.420363074515556      0.18423603667487        0.239827044198387       
0.553720432176482       97.7714256094417        -0.514427000666857      5.1507049980733         28.97101340292          5.15070499807337        -0.420363074515556      -0.413304424745254      0.21846563277986        0.273564328656992       
0.563536121674794       97.8628182427752        -0.487055357732272      5.14259147208234        28.961713074599         5.14259147208231        -0.413304424745254      -0.405245018052139      0.239827044198387       0.303540449320934       
0.573360185978937       97.9526408417539        -0.460149861002387      5.13462851187617        28.9525595437213        5.1346285118761         -0.405245018052139      -0.396293921028982      0.273564328656992       0.358744107435817       
0.583195852635862       98.0407752509736        -0.433770832971085      5.12683376747363        28.9435875784253        5.12683376747361        -0.396293921028982      -0.38570504916284       0.303540449320934       0.381576698803139       
0.593038653202909       98.1268108284307        -0.407971661288741      5.11924053161275        28.9348333107001        5.11924053161277        -0.38570504916284       -0.374432495102762      0.358744107435817       0.377062301391859       
0.602890662361825       98.2106173551885        -0.382814226858806      5.1118631606947         28.9263212561118        5.11186316069469        -0.374432495102762      -0.363283942372888      0.381576698803139       0.406548798946562       
0.612749456048389       98.2920650342768        -0.358412311858217      5.10469939500052        28.9180291200785        5.10469939500045        -0.363283942372888      -0.351253314480023      0.377062301391859       0.515641400585244       
0.622618793411642       98.3710080172948        -0.334844927964321      5.0977668183731         28.9099884861178        5.0977668183731         -0.351253314480023      -0.335982116898885      0.406548798946562       0.504246276687525       
0.632494698439132       98.4467559761408        -0.312131449790931      5.09113054646577        28.9022861422931        5.09113054646569        -0.335982116898885      -0.321037472347891      0.515641400585244       0.620105874721469       
0.642377272044268       98.5191797998773        -0.290533504212248      5.08478525074826        28.8948920619266        5.08478525074826        -0.321037472347891      -0.302646691385258      0.504246276687525       0.552986879053416       
0.652266157984942       98.5875839739437        -0.270015633313356      5.07879942999178        28.8879030417905        5.07879942999175        -0.302646691385258      -0.286235695996668      0.620105874721469       0.62872295861962        
0.662162304783961       98.6526006855752        -0.250808158558111      5.07313446002759        28.8813061832198        5.0731344600276         -0.286235695996668      -0.267566129650637      0.552986879053416       0.573684868834597       
0.672063679366749       98.7143223513184        -0.232798383243941      5.06783614014357        28.8752492157151        5.06783614014361        -0.267566129650637      -0.250521308407703      0.62872295861962        0.688175923146121       
0.681968599407608       98.7738793336826        -0.216126410432164      5.06287272141546        28.8698106236395        5.0628727214154         -0.250521308407703      -0.230061712912725      0.573684868834597       0.627004621613899       
0.691882107763731       98.8294464171715        -0.200605175209341      5.05831127983582        28.8649182570558        5.05831127983574        -0.230061712912725      -0.211406359022328      0.688175923146121       0.65416004522281        
0.701804240537598       98.8788847240273        -0.186393573883275      5.05411614854148        28.8601619316743        5.05411614854157        -0.211406359022328      -0.191927285588769      0.627004621613899       0.6163012472776         
0.711734310590472       98.9218080108084        -0.173372251696877      5.05030458619764        28.8555384825845        5.05030458619771        -0.191927285588769      -0.17356276645967       0.65416004522281        0.579124692705042       
0.721670854471744       98.960519164004         -0.161492109146904      5.04685557166783        28.8513271652563        5.04685557166786        -0.17356276645967       -0.156296607550287      0.6163012472776         0.503844859402381       
0.731611411281385       98.9964755275668        -0.150677388864404      5.04374825026999        28.8476833334747        5.04374825027004        -0.156296607550287      -0.141270140639401      0.579124692705042       0.384976874558621       
0.741555607176352       99.0302656959293        -0.140852588516461      5.04093908668753        28.8445701739415        5.0409390866876         -0.141270140639401      -0.129788373454995      0.503844859402381       0.307130053637935       
0.751496755353391       99.0619810797639        -0.131971549247754      5.03835860997618        28.8418037257995        5.03835860997616        -0.129788373454995      -0.120629541753938      0.384976874558621       0.32774896743277        
0.761434637104139       99.0868188585751        -0.123921492545129      5.03596073315693        28.8385543137775        5.0359607331569         -0.120629541753938      -0.110855825629345      0.307130053637935       0.302105020877631       
0.771373771654365       99.1058724864404        -0.116454097964769      5.03375678375023        28.8350151129405        5.03375678375019        -0.110855825629345      -0.10184408129695       0.32774896743277        0.166974994550088       
0.781320067101221       99.1256588324899        -0.109412968162895      5.03173096936708        28.8320899753023        5.03173096936712        -0.10184408129695       -0.0968608199745746     0.302105020877631       0.162140698053768       
0.791271004670573       99.146187222682         -0.102900398390976      5.02980328001863        28.8295513230778        5.02980328001855        -0.0968608199745746     -0.0920196686581036     0.166974994550088       0.182081949490535       
0.801226117787886       99.1663396199444        -0.0967744202172102     5.02797125105194        28.827229739754         5.02797125105191        -0.0920196686581036     -0.0865815357976041     0.162140698053768       0.235015759086237       
0.811183157925614       99.1854824800381        -0.0909079472560449     5.02624712024197        28.8250685366373        5.02624712024195        -0.0865815357976041     -0.0795610727032288     0.182081949490535       0.0349400070648002      
0.821140719604416       99.2030923084167        -0.0851097317193549     5.02466256352534        28.8230828824182        5.02466256352529        -0.0795610727032288     -0.0785171810132596     0.235015759086237       0.115744700153344       
0.831101018463409       99.2204299554038        -0.0796759863766147     5.02309854940285        28.8211148807061        5.02309854940293        -0.0785171810132596     -0.0750585591326166     0.0349400070648002      0.0338733768325614      
0.84106163326019        99.2369442051956        -0.0743458803747059     5.02160319221465        28.8192226302294        5.02160319221462        -0.0750585591326166     -0.0740462071416103     0.115744700153344       0.0822918946571868      
0.851025185917463       99.2532791568293        -0.0692760313677325     5.02012775453718        28.8173599711477        5.02012775453719        -0.0740462071416103     -0.0715864076891906     0.0338733768325614      0.116405729445234       
0.860989275490607       99.2690526736333        -0.0644287639887702     5.0187011041997         28.8155543721911        5.01870110419978        -0.0715864076891906     -0.068106299827265      0.0822918946571868      0.133538690143435       
0.870955678309443       99.2840176570659        -0.0597983812914479     5.0173435725731         28.8138285044674        5.01734357257316        -0.068106299827265      -0.0641133683413045     0.116405729445234       0.107908398782639       
0.880923865479123       99.2980757072815        -0.0553607444375764     5.01606542851356        28.8121977836129        5.0160654285136         -0.0641133683413045     -0.0608863049270971     0.133538690143435       0.084284388423432       
0.890892462813692       99.3114195076885        -0.0511393170343631     5.01485145992175        28.8106466751741        5.01485145992175        -0.0608863049270971     -0.0583653198255839     0.107908398782639       0.0864574231474119      
0.900863653984109       99.324108249394         -0.0471791146141443     5.01368753457065        28.8091433232672        5.01368753457065        -0.0583653198255839     -0.0557788831331906     0.084284388423432       0.104649694983544       
0.910836816281332       99.3362103167058        -0.0434499712161904     5.01257497828118        28.8077015822389        5.0125749782811         -0.0557788831331906     -0.0526477246741554     0.0864574231474119      0.122210045295883       
0.920810966575733       99.3475676234618        -0.0398961521093334     5.01152475085919        28.8063301516246        5.01152475085924        -0.0526477246741554     -0.0489907027405103     0.104649694983544       0.147059019985671       
0.930785906748449       99.3580954561469        -0.0365679791341822     5.0105473660786         28.8050471123373        5.01054736607852        -0.0489907027405103     -0.0445896639459753     0.122210045295883       0.130850240033756       
0.940762703247094       99.3675517478844        -0.0334932583745841     5.00965769176338        28.8038602715413        5.00965769176331        -0.0445896639459753     -0.0406734071581864     0.147059019985671       0.0677889820912568      
0.950739127256471       99.3761100395061        -0.0306399716241252     5.00884611749575        28.8027673133217        5.00884611749583        -0.0406734071581864     -0.0386444475991592     0.130850240033756       0.0980893148454277      
0.96071635674781        99.3842248839067        -0.028017663674822      5.00807500963369        28.8017260186755        5.00807500963363        -0.0386444475991592     -0.0357084491001884     0.0677889820912568      0.0700427841098944      
0.970693295453554       99.3916406997688        -0.0254958949595877     5.00736244530352        28.8007514085172        5.00736244530356        -0.0357084491001884     -0.0336118433616399     0.0980893148454277      0.0919855357480199      
0.980672313354456       99.3987642689142        -0.0231249467979756     5.00669168294682        28.7998543503367        5.00669168294676        -0.0336118433616399     -0.0308584527645479     0.0700427841098944      0.063233328929073       
0.990649601294815       99.4066153123756        -0.0208480611215485     5.00607590602704        28.7992205280797        5.00607590602706        -0.0308584527645479     -0.0289656282859518     0.0919855357480199      0.104112074839021       
1.00062578033241        99.4174355907226        -0.0187919492825671     5.00549787328973        28.7991250566541        5.0054978732898         -0.0289656282859518     -0.0258484751104956     0.063233328929073       0.0570138988134018      
1.01060776554781        99.4278462698062        -0.0168989016898508     5.00498184394346        28.7991482907273        5.00498184394351        -0.0258484751104956     -0.0241407802920711     0.104112074839021       0.0749845069824915      
1.02059487245225        99.4331882634432        -0.0152741030363823     5.00449967597273        28.7985346399586        5.0044996759728         -0.0241407802920711     -0.0218940321797455     0.0570138988134018      0.0619686651360608      
1.03058501856535        99.4355901339267        -0.0138314549580938     5.00406227075877        28.7976238880865        5.00406227075884        -0.0218940321797455     -0.0200371199668868     0.0749845069824915      0.0651965029270624      
1.04057418936797        99.4382885829366        -0.0125288010326839     5.00366199492414        28.7968628332653        5.0036619949241         -0.0200371199668868     -0.0180837646448915     0.0619686651360608      0.0630872261717835      
1.05055913162426        99.4421583500108        -0.0113352666131676     5.00330083708028        28.7963838619157        5.00330083708023        -0.0180837646448915     -0.0161941010113869     0.0651965029270624      0.0710105868497656      
1.0605428482876         99.4427043241448        -0.0102639255130926     5.00297750350796        28.7955324261042        5.00297750350791        -0.0161941010113869     -0.0140675685673165     0.0630872261717835      0.0647666941938832      
1.07052273842228        99.4398108119387        -0.00931320092304128    5.00269668155036        28.794305327121         5.00269668155044        -0.0140675685673165     -0.0121280959880482     0.0710105868497656      0.0390197662750485      
1.08050397420097        99.4397192145665        -0.00845221562358666    5.00245455963375        28.7935952598724        5.00245455963373        -0.0121280959880482     -0.0109594695651695     0.0647666941938832      0.0285211253255087      
1.09048905321325        99.4411338178729        -0.007694996103443      5.00223570957132        28.7931702140173        5.00223570957134        -0.0109594695651695     -0.0101051203121579     0.0390197662750485      0.0457434007110923      
1.10047573507775        99.4427113260967        -0.00706563780958417    5.00203389207322        28.7928177494779        5.00203389207315        -0.0101051203121579     -0.00873475351594835    0.0285211253255087      0.0329435441176842      
1.11046090348713        99.4440923121721        -0.00648630637356353    5.00185944320531        28.7925155842804        5.00185944320534        -0.00873475351594835    -0.0077478170178291     0.0457434007110923      0.0259832666432982      
1.12044751171667        99.4452532879154        -0.00591973283111443    5.00170469997756        28.7922382700797        5.00170469997748        -0.0077478170178291     -0.00696937683919454    0.0329435441176842      0.0382153118981677      
1.1304341145802         99.4462681331901        -0.00539295629797562    5.0015654978257         28.7919845206522        5.00156549782564        -0.00696937683919454    -0.00582439397310053    0.0259832666432982      0.018457912416011       
1.14042110076112        99.4470184753887        -0.00491289535376015    5.00144915696355        28.7917582743243        5.00144915696351        -0.00582439397310053    -0.00527135742482882    0.0382153118981677      0.0159723364330208      
1.15041004223017        99.4476912682228        -0.00449297660465677    5.00134386035125        28.7915525849288        5.00134386035117        -0.00527135742482882    -0.00479279931029224    0.018457912416011       -0.0195224836633639     
1.16039564652914        99.4483175130397        -0.00406311652115193    5.0012481303137         28.7913676885084        5.00124813031361        -0.00479279931029224    -0.00537771734834902    0.0159723364330208      0.0097040232822551      
1.17038293901457        99.449091327783         -0.00370214802347023    5.00114071590361        28.7911705157152        5.00114071590364        -0.00537771734834902    -0.00508696728353673    -0.0195224836633639     0.0097230280137328      
1.18037070647618        99.4498717913223        -0.00332832086509931    5.00103910191213        28.7909909956961        5.00103910191206        -0.00508696728353673    -0.00479563023591245    0.0097040232822551      0.0181932800304093      
1.19035859465615        99.4507864324401        -0.00297342882676731    5.00094330400472        28.7908476339072        5.00094330400478        -0.00479563023591245    -0.00425047982034101    0.0097230280137328      0.0148958728694491      
1.20034721668858        99.4517953231642        -0.00259961348757883    5.00085839405901        28.7907492505864        5.00085839405901        -0.00425047982034101    -0.00380412088045241    0.0181932800304093      0.0180638397835359      
1.21033519532039        99.4529450804647        -0.00222320727096892    5.00078239905726        28.7906969144779        5.00078239905719        -0.00380412088045241    -0.00326282100550436    0.0148958728694491      0.0210966750689668      
1.22032465755612        99.4542850204588        -0.00188661879566416    5.00071721560647        28.7907032236577        5.00071721560643        -0.00326282100550436    -0.00263062230206301    0.0180638397835359      0.018470141789392       
1.23031302668325        99.4557234726483        -0.00161087390690341    5.00066466096686        28.7907601410755        5.0006646609668         -0.00263062230206301    -0.00207711634263587    0.0210966750689668      -0.00177881078349892    
1.24030287734516        99.4571786688905        -0.00139307897016504    5.00062316289956        28.7908513063987        5.00062316289954        -0.00207711634263587    -0.00213042560129913    0.018470141789392       -0.00851657764254878    
1.25029219051114        99.4587274565874        -0.00123509718381717    5.00058059713646        28.7909529405591        5.00058059713638        -0.00213042560129913    -0.00238567702485642    -0.00177881078349892    0.00236248513540493     
1.26028358175624        99.4605428848745        -0.00115815839536792    5.00053292762516        28.7910784704594        5.00053292762519        -0.00238567702485642    -0.00231486691392437    -0.00851657764254878    -0.00509591049875908    
1.27027457472861        99.462638941314         -0.0011156816391379     5.00048667109771        28.7912486790183        5.00048667109776        -0.00231486691392437    -0.00246761111736116    0.00236248513540493     -0.0246453196003783     
1.28026593775365        99.4655180530386        -0.00104316929004697    5.00043736159809        28.7915234245291        5.00043736159804        -0.00246761111736116    -0.00320635226304169    -0.00509591049875908    -0.00586237120618196    
1.29025759202398        99.4696797130077        -0.000978695222769398   5.00037328672559        28.7919412705498        5.00037328672559        -0.00320635226304169    -0.00338208152653699    -0.0246453196003783     0.0125722701463308      
1.30025037705484        99.47571228202          -0.000956753515705375   5.0003056982249         28.7926197418356        5.00030569822489        -0.00338208152653699    -0.00300520186971419    -0.00586237120618196    0.0127949828179745      
1.31024173429922        99.4851515326588        -0.000959228654694469   5.00024563975478        28.7938128530975        5.0002456397548         -0.00300520186971419    -0.00262158552155124    0.0125722701463308      0.0192141536617827      
1.32023590916452        99.4978404284198        -0.000958392179518332   5.0001932350259         28.7954981611672        5.00019323502588        -0.00262158552155124    -0.00204533106287681    0.0127949828179745      0.0125970490796944      
1.3302356180715         99.506056962814         -0.000924514907999917   5.00015233172135        28.7965693194812        5.00015233172126        -0.00204533106287681    -0.00166741961634588    0.0192141536617827      0.0256749259957328      
1.34023878225745        99.5087787028139        -0.000891517121367027   5.00011897823321        28.7968671008019        5.0001189782332         -0.00166741961634588    -0.000897105233823184   0.0125970490796944      0.0134053355060227      
1.35023885710058        99.5104228686253        -0.000786100470234587   5.00010103509009        28.7970533326955        5.0001010350901         -0.000897105233823184   -0.00049495739422777    0.0256749259957328      0.0236491275523609      
1.36023785828286        99.5124114798204        -0.000672013453654914   5.00009113719515        28.7973125679338        5.0000911371952         -0.00049495739422777    0.000214362375476488    0.0134053355060227      0.0209003282169117      
1.37023471805812        99.5118727307692        -0.000507235565442005   5.00009542314526        28.7972469572392        5.00009542314533        0.000214362375476488    0.000841162715904307    0.0236491275523609      -0.0123990151929543     
1.38022989275446        99.5092760676143        -0.000354185836650616   5.00011223970867        28.796919662533         5.00011223970859        0.000841162715904307    0.000469331101210755    0.0209003282169117      -0.0521658573856529     
1.39022677451516        99.5079660211906        -0.000288682195356846   5.00012162294444        28.7967571252325        5.0001216229444         0.000469331101210755    -0.00109513785824306    -0.0123990151929543     -0.018478533993186      
1.40022340632216        99.5069544728538        -0.000349477163131769   5.00009972647629        28.7965477051852        5.00009972647625        -0.00109513785824306    -0.00164933582347357    -0.0521658573856529     0.0540794466185597      
1.41022177560949        99.5057464236897        -0.000436314866362379   5.00006674851804        28.796277941763         5.00006674851808        -0.00164933582347357    -2.74858800021597e-05   -0.018478533993186      0.0504173198567636      
1.42021778483064        99.5038017516957        -0.00039996620438705    5.00006619900288        28.7959949706823        5.00006619900291        -2.74858800021597e-05   0.00148436373405607     0.0540794466185597      -0.0308105877677044     
1.43021266743626        99.5014440912072        -0.000282766332453721   5.00009587072452        28.7957392603944        5.00009587072446        0.00148436373405607     0.000560599688229256    0.0504173198567636      -0.0426180918923183     
1.44020593705547        99.4978336109272        -0.000207960405930215   5.00010707519864        28.7952490816609        5.00010707519871        0.000560599688229256    -0.000716970620338169   -0.0308105877677044     0.00110807086073865     
1.45019768851653        99.4940819199095        -0.000175441153778844   5.00009274789867        28.7946649418075        5.00009274789869        -0.000716970620338169   -0.000683761922188639   -0.0426180918923183     -0.00332954270019071    
1.46018712828624        99.4870874006261        -0.000145345609949479   5.00007908816653        28.7936134485429        5.00007908816659        -0.000683761922188639   -0.000783501036275969   0.00110807086073865     -0.0225839531233054     
1.47017114130488        99.4538283427231        -0.000136011739930401   5.00006344540859        28.788755084882         5.00006344540853        -0.000783501036275969   -0.00145948911072222    -0.00332954270019071    0.0102859093812119      
1.48014408358772        99.3634338193385        -0.000134335610014973   5.0000343351635         28.7755851593105        5.00003433516352        -0.00145948911072222    -0.00115199825208531    -0.0225839531233054     0.0190303420554385      
1.49010519279441        99.1786234192703        -0.000107594765369978   5.00001139208165        28.7487462609916        5.00001139208163        -0.00115199825208531    -0.000583894222830642   0.0102859093812119      0.0190303420554385      
1.50004183192585        98.9544619285241        -4.15363173990181e-05   4.99999978104536        28.7162058768239        4.9999997810453         -0.000583894222830642   -0.000583894222830642   0.0190303420554385      0.0190303420554385      
